# Time	U	V	U_magnitude
0	-1.17184e-28	1.88525e-28	2.21977e-28
0.2	-0.000849399	7.28788e-05	0.00085252
0.4	-0.0117086	4.95898e-05	0.0117087
0.6	-0.0114265	0.000422863	0.0114343
0.8	-0.00736097	0.000953701	0.00742249
1	-0.00776518	0.000412853	0.00777615
1.2	-0.0128373	0.00102059	0.0128778
1.4	-0.0138693	0.00220856	0.014044
1.6	-0.0111506	0.00229691	0.0113847
1.8	-0.0108332	0.00193411	0.0110045
2	-0.0141281	0.00277858	0.0143988
2.2	-0.0155018	0.00423427	0.0160697
2.4	-0.0140574	0.00469793	0.0148216
2.6	-0.0140352	0.00448938	0.0147357
2.8	-0.0162014	0.00544488	0.0170919
3	-0.0176416	0.00722767	0.0190648
3.2	-0.0173937	0.00800903	0.0191491
3.4	-0.0175386	0.00813195	0.0193321
3.6	-0.0191547	0.00923933	0.0212666
3.8	-0.0206614	0.0111264	0.0234668
4	-0.0210677	0.012302	0.0243964
4.2	-0.0215375	0.0128331	0.0250709
4.4	-0.022879	0.0140834	0.0268661
4.6	-0.0243378	0.0160854	0.0291731
4.8	-0.0252203	0.0176219	0.0307668
5	-0.0259518	0.0186074	0.0319332
5.2	-0.0271524	0.0200928	0.0337783
5.4	-0.0285932	0.0222248	0.0362148
5.6	-0.0297282	0.0241281	0.0382875
5.8	-0.0306501	0.0256119	0.0399424
6	-0.0318004	0.0274065	0.0419807
6.2	-0.0331753	0.0297449	0.0445573
6.4	-0.0344139	0.0320358	0.0470171
6.6	-0.0354383	0.034036	0.0491357
6.8	-0.0365283	0.0362235	0.0514437
7	-0.0377945	0.0388512	0.0542018
7.2	-0.0390029	0.0415519	0.0569893
7.4	-0.0400128	0.0440819	0.0595335
7.6	-0.0409947	0.0467218	0.0621571
7.8	-0.0420804	0.0497083	0.0651282
8	-0.0431309	0.0528373	0.068206
8.2	-0.0440043	0.0558897	0.0711339
8.4	-0.0447893	0.0590106	0.0740833
8.6	-0.0456074	0.0624035	0.0772932
8.8	-0.0463872	0.0659857	0.0806591
9	-0.0470129	0.0696131	0.0840012
9.2	-0.0475337	0.0734119	0.0874572
9.4	-0.0480566	0.077652	0.0913196
9.6	-0.0485552	0.0824667	0.0956993
9.8	-0.0489327	0.0879116	0.100612
10	-0.0491751	0.0941663	0.106233
10.2	-0.0493054	0.101447	0.112794
10.4	-0.0492487	0.109758	0.120301
10.6	-0.0488668	0.11888	0.128532
10.8	-0.048089	0.128558	0.137258
11	-0.0469151	0.138562	0.146289
11.2	-0.0453229	0.148582	0.155341
11.4	-0.0432688	0.158223	0.164033
11.6	-0.040768	0.167157	0.172057
11.8	-0.0378996	0.175184	0.179237
12	-0.0347325	0.18214	0.185422
12.2	-0.0313073	0.187855	0.190445
12.4	-0.0276874	0.19223	0.194214
12.6	-0.0239707	0.195288	0.196754
12.8	-0.0202369	0.1971	0.198137
13	-0.0165271	0.197736	0.198426
13.2	-0.01288	0.197311	0.197731
13.4	-0.0093476	0.196013	0.196236
13.6	-0.00596226	0.194048	0.194139
13.8	-0.00272008	0.191588	0.191607
14	0.000390261	0.188796	0.188797
14.2	0.00336794	0.185845	0.185875
14.4	0.00622336	0.182876	0.182982
14.6	0.00898564	0.179974	0.180198
14.8	0.0116831	0.177186	0.177571
15	0.0143254	0.174548	0.175135
15.2	0.0169185	0.172072	0.172902
15.4	0.0194762	0.169734	0.170848
15.6	0.022007	0.167496	0.168936
15.8	0.0245034	0.165326	0.167132
16	0.0269538	0.163193	0.165404
16.2	0.0293537	0.161059	0.163712
16.4	0.0316979	0.158887	0.162018
16.6	0.0339707	0.156653	0.160294
16.8	0.036159	0.154347	0.158526
17	0.0382544	0.151953	0.156694
17.2	0.0402527	0.149458	0.154784
17.4	0.042144	0.146864	0.152791
17.6	0.0439177	0.144174	0.150715
17.8	0.0455728	0.141392	0.148555
18	0.0471087	0.138519	0.146311
18.2	0.04852	0.135565	0.143986
18.4	0.0498031	0.132541	0.141589
18.6	0.0509602	0.129453	0.139122
18.8	0.0519934	0.126307	0.13659
19	0.0529014	0.123114	0.133998
19.2	0.0536833	0.119882	0.131353
19.4	0.0543416	0.116616	0.128656
19.6	0.0548794	0.113324	0.125913
19.8	0.0552971	0.110011	0.123127
20	0.0555953	0.106684	0.120301
20.2	0.0557764	0.103348	0.117439
20.4	0.0558427	0.100006	0.114541
20.6	0.0557945	0.0966636	0.11161
20.8	0.0556324	0.0933248	0.108648
21	0.0553588	0.0899925	0.105656
21.2	0.054975	0.08667	0.102635
21.4	0.0544816	0.0833613	0.0995859
21.6	0.0538793	0.0800699	0.0965099
21.8	0.0531699	0.0767986	0.0934081
22	0.0523545	0.0735508	0.0902813
22.2	0.0514336	0.0703295	0.0871301
22.4	0.0504084	0.0671382	0.0839556
22.6	0.0492807	0.0639797	0.0807589
22.8	0.0480518	0.0608578	0.0775413
23	0.0467226	0.0577765	0.0743042
23.2	0.0452946	0.0547394	0.0710493
23.4	0.0437703	0.05175	0.0677783
23.6	0.0421517	0.0488122	0.0644934
23.8	0.0404406	0.0459303	0.0611967
24	0.0386394	0.0431083	0.0578907
24.2	0.0367515	0.0403505	0.0545787
24.4	0.0347794	0.0376608	0.0512635
24.6	0.0327265	0.0350439	0.0479489
24.8	0.0305962	0.032504	0.044639
25	0.0283927	0.0300453	0.0413385
25.2	0.0261201	0.0276722	0.0380528
25.4	0.0237825	0.025389	0.0347881
25.6	0.0213849	0.0231998	0.0315523
25.8	0.0189322	0.0211086	0.0283549
26	0.0164296	0.0191194	0.0252088
26.2	0.0138827	0.0172362	0.0221317
26.4	0.0112972	0.0154622	0.0191496
26.6	0.00867931	0.0138013	0.0163036
26.8	0.00603551	0.0122563	0.0136618
27	0.0033722	0.0108302	0.011343
27.2	0.00069689	0.00952541	0.00955087
27.4	-0.00198313	0.00834446	0.00857688
27.6	-0.0046605	0.00728885	0.00865145
27.8	-0.00732944	0.00635989	0.00970407
28	-0.00998343	0.00555867	0.0114266
28.2	-0.0126169	0.00488574	0.0135299
28.4	-0.0152238	0.00434114	0.0158307
28.6	-0.0177986	0.00392446	0.0182261
28.8	-0.0203354	0.00363496	0.0206578
29	-0.022829	0.0034712	0.0230914
29.2	-0.0252739	0.00343197	0.0255058
29.4	-0.0276647	0.0035152	0.0278871
29.6	-0.0299965	0.00371879	0.0302262
29.8	-0.0322641	0.00404027	0.0325161
30	-0.034463	0.0044767	0.0347525
30.2	-0.0365881	0.00502524	0.0369316
30.4	-0.0386351	0.0056821	0.0390507
30.6	-0.0405997	0.00644405	0.041108
30.8	-0.0424778	0.00730717	0.0431017
31	-0.0442644	0.00826674	0.0450297
31.2	-0.0459566	0.00931863	0.0468918
31.4	-0.0475506	0.0104587	0.0486872
31.6	-0.0490434	0.0116825	0.0504156
31.8	-0.0504306	0.0129841	0.0520752
32	-0.0517101	0.0143592	0.0536668
32.2	-0.0528792	0.0158028	0.0551901
32.4	-0.0539346	0.0173091	0.056644
32.6	-0.0548746	0.0188729	0.0580294
32.8	-0.0556967	0.020489	0.0593458
33	-0.0563989	0.022151	0.0605929
33.2	-0.0569797	0.0238539	0.0617713
33.4	-0.0574374	0.0255912	0.0628805
33.6	-0.0577709	0.0273569	0.0639208
33.8	-0.0579789	0.0291446	0.0648919
34	-0.0580609	0.030948	0.065794
34.2	-0.0580161	0.0327605	0.0666267
34.4	-0.0578446	0.0345754	0.0673903
34.6	-0.0575461	0.0363858	0.0680844
34.8	-0.0571214	0.0381848	0.068709
35	-0.0565708	0.0399653	0.0692639
35.2	-0.0558958	0.04172	0.0697488
35.4	-0.0550975	0.0434416	0.0701634
35.6	-0.0541778	0.0451227	0.0705074
35.8	-0.0531387	0.046756	0.0707803
36	-0.051983	0.0483342	0.0709819
36.2	-0.0507135	0.0498498	0.0711116
36.4	-0.0493335	0.0512956	0.0711691
36.6	-0.0478469	0.0526643	0.0711537
36.8	-0.046258	0.0539486	0.0710651
37	-0.0445714	0.0551415	0.0709027
37.2	-0.0427922	0.0562361	0.0706659
37.4	-0.0409261	0.0572257	0.0703543
37.6	-0.0389791	0.0581036	0.0699671
37.8	-0.0369578	0.0588637	0.0695041
38	-0.0348694	0.0595	0.0689647
38.2	-0.0327213	0.0600069	0.0683485
38.4	-0.0305219	0.0603791	0.0676551
38.6	-0.0282796	0.0606118	0.0668844
38.8	-0.0260038	0.0607007	0.0660362
39	-0.023704	0.0606422	0.0651103
39.2	-0.0213905	0.0604332	0.0641071
39.4	-0.0190738	0.0600712	0.0630267
39.6	-0.0167649	0.0595546	0.0618693
39.8	-0.0144752	0.0588826	0.0606357
40	-0.0122162	0.058055	0.0593264
40.2	-0.00999943	0.0570727	0.057942
40.4	-0.00783693	0.0559374	0.0564837
40.6	-0.00574051	0.0546517	0.0549524
40.8	-0.00372209	0.0532193	0.0533493
41	-0.00179363	0.0516444	0.0516755
41.2	3.35133e-05	0.0499323	0.0499323
41.4	0.00174728	0.0480892	0.048121
41.6	0.00333727	0.0461225	0.0462431
41.8	0.00479359	0.0440395	0.0442997
42	0.00610598	0.0418494	0.0422925
42.2	0.00726586	0.0395613	0.0402229
42.4	0.00826464	0.0371853	0.0380927
42.6	0.00909433	0.0347325	0.0359034
42.8	0.0097475	0.0322141	0.0336565
43	0.0102182	0.0296424	0.0313542
43.2	0.0105007	0.0270303	0.0289983
43.4	0.0105904	0.024391	0.026591
43.6	0.0104834	0.0217386	0.0241343
43.8	0.0101767	0.0190874	0.0216309
44	0.00966875	0.0164525	0.0190833
44.2	0.00895896	0.0138495	0.0164946
44.4	0.00804816	0.0112949	0.013869
44.6	0.00693796	0.00880531	0.0112102
44.8	0.00563225	0.00639747	0.00852348
45	0.00413679	0.00408902	0.00581663
45.2	0.00245821	0.00189791	0.00310562
45.4	0.000606088	-0.000158884	0.000626567
45.6	-0.0014083	-0.00206364	0.00249838
45.8	-0.00357164	-0.00380167	0.00521625
46	-0.00586924	-0.00535905	0.00794779
46.2	-0.00828564	-0.00672204	0.0106695
46.4	-0.0108028	-0.0078793	0.013371
46.6	-0.0134029	-0.00882031	0.0160448
46.8	-0.0160667	-0.00953597	0.0186835
47	-0.0187736	-0.0100181	0.0212794
47.2	-0.0215022	-0.0102616	0.0238253
47.4	-0.0242312	-0.0102628	0.0263149
47.6	-0.0269385	-0.0100198	0.0287416
47.8	-0.0296023	-0.00953277	0.0310994
48	-0.0322004	-0.00880444	0.0333824
48.2	-0.0347098	-0.00783902	0.035584
48.4	-0.03711	-0.00664249	0.0376998
48.6	-0.0393804	-0.0052244	0.0397255
48.8	-0.0415	-0.0035962	0.0416555
49	-0.0434504	-0.00177042	0.0434865
49.2	-0.045213	0.000236606	0.0452136
49.4	-0.046772	0.0024071	0.0468339
49.6	-0.0481122	0.00472104	0.0483433
49.8	-0.0492208	0.00715673	0.0497384
50	-0.0500872	0.00969125	0.0510162
50.2	-0.050703	0.0123003	0.0521737
50.4	-0.0510622	0.0149586	0.0532081
50.6	-0.0511617	0.0176403	0.0541175
50.8	-0.0510014	0.0203192	0.0549
51	-0.050584	0.0229692	0.0555547
51.2	-0.0499153	0.0255647	0.0560812
51.4	-0.0490042	0.0280809	0.0564796
51.6	-0.0478622	0.0304943	0.0567512
51.8	-0.046504	0.0327831	0.0568977
52	-0.0449463	0.0349275	0.0569219
52.2	-0.0432081	0.0369104	0.0568271
52.4	-0.0413101	0.0387172	0.0566176
52.6	-0.0392741	0.0403361	0.0562979
52.8	-0.0371224	0.0417585	0.0558735
53	-0.0348778	0.0429786	0.05535
53.2	-0.0325623	0.0439935	0.0547333
53.4	-0.0301974	0.0448028	0.0540294
53.6	-0.0278033	0.0454086	0.0532443
53.8	-0.0253987	0.0458144	0.0523837
54	-0.0230006	0.0460258	0.0514529
54.2	-0.0206243	0.0460489	0.0504566
54.4	-0.0182834	0.0458908	0.0493989
54.6	-0.0159896	0.0455589	0.0482834
54.8	-0.0137536	0.0450605	0.0471127
55	-0.0115845	0.0444027	0.045889
55.2	-0.0094904	0.0435923	0.0446134
55.4	-0.00747868	0.0426357	0.0432866
55.6	-0.00555662	0.0415389	0.0419089
55.8	-0.00373101	0.0403071	0.0404795
56	-0.00200877	0.0389457	0.0389975
56.2	-0.000397189	0.0374597	0.0374618
56.4	0.00109619	0.035854	0.0358708
56.6	0.00246362	0.0341337	0.0342225
56.8	0.00369746	0.0323049	0.0325158
57	0.00478902	0.0303732	0.0307485
57.2	0.00572846	0.0283462	0.0289192
57.4	0.0065072	0.0262328	0.0270278
57.6	0.00711596	0.0240422	0.0250732
57.8	0.00754343	0.0217847	0.0230537
58	0.00778075	0.0194746	0.0209714
58.2	0.00781981	0.0171269	0.0188277
58.4	0.007653	0.0147582	0.0166245
58.6	0.00727408	0.0123869	0.0143648
58.8	0.00667886	0.0100333	0.012053
59	0.00586462	0.00772072	0.00969553
59.2	0.00483174	0.00547136	0.00729942
59.4	0.00358396	0.00331007	0.00487867
59.6	0.00212779	0.00126256	0.00247417
59.8	0.000473581	-0.000646256	0.000801203
60	-0.00136564	-0.00239119	0.00275368
60.2	-0.00337008	-0.0039507	0.00519283
60.4	-0.00552102	-0.0053045	0.00765633
60.6	-0.00779421	-0.00643206	0.0101055
60.8	-0.0101629	-0.00731888	0.012524
61	-0.0126009	-0.00795122	0.0148999
61.2	-0.0150776	-0.00831845	0.0172201
61.4	-0.0175623	-0.00841511	0.0194743
61.6	-0.0200242	-0.00823914	0.021653
61.8	-0.0224324	-0.00779242	0.0237473
62	-0.0247566	-0.00708108	0.0257494
62.2	-0.0269669	-0.00611546	0.0276516
62.4	-0.0290358	-0.00490878	0.0294478
62.6	-0.0309384	-0.00347986	0.0311335
62.8	-0.032651	-0.00185001	0.0327034
63	-0.0341542	-4.42e-05	0.0341542
63.2	-0.0354313	0.00190965	0.0354827
63.4	-0.0364695	0.0039816	0.0366862
63.6	-0.0372599	0.00614031	0.0377625
63.8	-0.0377981	0.00835393	0.0387103
64	-0.0380834	0.0105908	0.0395286
64.2	-0.0381194	0.0128197	0.0402173
64.4	-0.0379139	0.0150109	0.0407773
64.6	-0.0374782	0.0171363	0.0412101
64.8	-0.0368272	0.0191706	0.0415181
65	-0.0359787	0.021091	0.0417049
65.2	-0.0349529	0.0228782	0.0417746
65.4	-0.0337719	0.0245164	0.0417324
65.6	-0.0324589	0.0259935	0.0415841
65.8	-0.0310379	0.0273012	0.0413365
66	-0.0295329	0.0284349	0.0409968
66.2	-0.0279672	0.0293936	0.0405727
66.4	-0.0263626	0.0301795	0.0400723
66.6	-0.0247396	0.0307977	0.0395037
66.8	-0.0231162	0.0312554	0.0388749
67	-0.0215081	0.0315618	0.0381936
67.2	-0.0199285	0.0317272	0.0374668
67.4	-0.0183877	0.0317623	0.0367008
67.6	-0.0168936	0.0316781	0.0359012
67.8	-0.015452	0.031485	0.0350723
68	-0.0140664	0.0311926	0.0342175
68.2	-0.0127387	0.0308093	0.033339
68.4	-0.0114698	0.0303422	0.0324377
68.6	-0.0102599	0.029797	0.0315139
68.8	-0.00910835	0.0291777	0.0305663
69	-0.00801554	0.0284872	0.0295934
69.2	-0.00698157	0.027727	0.0285925
69.4	-0.00600785	0.0268981	0.0275609
69.6	-0.00509654	0.0260005	0.0264953
69.8	-0.00425114	0.0250342	0.0253926
70	-0.00347646	0.0239992	0.0242497
70.2	-0.00277777	0.022896	0.0230639
70.4	-0.00216214	0.0217262	0.0218335
70.6	-0.00163734	0.0204925	0.0205578
70.8	-0.00121219	0.0191987	0.019237
71	-0.00089417	0.0178481	0.0178705
71.2	-0.000692381	0.0164506	0.0164652
71.4	-0.000615374	0.0150146	0.0150272
71.6	-0.00067094	0.013551	0.0135676
71.8	-0.00086592	0.0120724	0.0121034
72	-0.00120568	0.0105942	0.0106626
72.2	-0.0016934	0.00913244	0.00928811
72.4	-0.00233102	0.00770432	0.00804924
72.6	-0.00311767	0.00632935	0.00705553
72.8	-0.00404981	0.0050263	0.00645482
73	-0.00512062	0.0038162	0.00638624
73.2	-0.00632125	0.00271676	0.00688034
73.4	-0.00763784	0.00174784	0.00783528
73.6	-0.00905674	0.000925909	0.00910394
73.8	-0.010559	0.000265741	0.0105623
74	-0.0121237	-0.00021959	0.0121256
74.2	-0.0137291	-0.000519934	0.0137389
74.4	-0.0153521	-0.000628462	0.015365
74.6	-0.0169687	-0.000541708	0.0169774
74.8	-0.0185545	-0.000259743	0.0185563
75	-0.0200849	0.000213591	0.0200861
75.2	-0.0215367	0.000870416	0.0215543
75.4	-0.0228865	0.0016994	0.0229495
75.6	-0.024115	0.00268616	0.0242641
75.8	-0.0252046	0.00381344	0.0254914
76	-0.0261397	0.00506076	0.0266251
76.2	-0.0269084	0.00640612	0.0276605
76.4	-0.0275017	0.00782557	0.0285934
76.6	-0.0279143	0.00929441	0.029421
76.8	-0.0281444	0.0107876	0.030141
77	-0.0281937	0.01228	0.0307519
77.2	-0.0280675	0.0137478	0.0312536
77.4	-0.0277743	0.0151683	0.0316463
77.6	-0.0273255	0.0165208	0.0319315
77.8	-0.0267353	0.0177871	0.0321116
78	-0.0260198	0.0189515	0.0321899
78.2	-0.0251967	0.0200016	0.0321704
78.4	-0.024285	0.0209281	0.0320584
78.6	-0.0233039	0.0217249	0.0318597
78.8	-0.0222728	0.0223891	0.0315809
79	-0.0212104	0.0229211	0.0312291
79.2	-0.0201343	0.0233237	0.0308121
79.4	-0.0190606	0.0236024	0.0303378
79.6	-0.0180038	0.0237644	0.0298142
79.8	-0.016976	0.0238188	0.0292493
80	-0.0159871	0.0237755	0.0286507
80.2	-0.0150448	0.0236452	0.0280257
80.4	-0.0141542	0.0234384	0.0273806
80.6	-0.0133187	0.0231655	0.0267213
80.8	-0.0125394	0.0228359	0.0260521
81	-0.0118161	0.0224582	0.025377
81.2	-0.0111472	0.0220397	0.0246984
81.4	-0.0105305	0.0215859	0.0240175
81.6	-0.00996326	0.0211014	0.0233352
81.8	-0.00944248	0.0205891	0.0226511
82	-0.0089659	0.0200505	0.0219638
82.2	-0.00853181	0.0194861	0.0212721
82.4	-0.00813925	0.018896	0.0205744
82.6	-0.00778845	0.0182794	0.0198694
82.8	-0.00748058	0.0176353	0.0191563
83	-0.00721803	0.0169634	0.0184352
83.2	-0.00700413	0.0162636	0.0177077
83.4	-0.00684308	0.0155364	0.0169767
83.6	-0.00673959	0.0147838	0.0162476
83.8	-0.00669868	0.0140085	0.0155278
84	-0.00672553	0.013215	0.0148279
84.2	-0.00682488	0.0124086	0.0141617
84.4	-0.00700115	0.0115966	0.0135461
84.6	-0.00725791	0.0107873	0.0130017
84.8	-0.00759759	0.00999012	0.0125509
85	-0.00802123	0.00921559	0.0122175
85.2	-0.00852858	0.00847518	0.0120235
85.4	-0.00911801	0.00778049	0.0119864
85.6	-0.00978532	0.00714329	0.0121152
85.8	-0.0105247	0.0065759	0.0124102
86	-0.0113291	0.00609002	0.0128622
86.2	-0.0121898	0.0056954	0.0134547
86.4	-0.0130949	0.00540148	0.0141652
86.6	-0.0140319	0.00521646	0.0149702
86.8	-0.0149869	0.00514635	0.0158459
87	-0.0159451	0.0051953	0.0167701
87.2	-0.016891	0.00536494	0.0177225
87.4	-0.0178083	0.00565446	0.0186844
87.6	-0.0186814	0.00605989	0.0196397
87.8	-0.0194961	0.00657578	0.0205752
88	-0.0202383	0.00719437	0.021479
88.2	-0.0208947	0.0079052	0.0223401
88.4	-0.0214541	0.00869501	0.0231491
88.6	-0.0219077	0.00954992	0.0238987
88.8	-0.0222482	0.0104544	0.0245821
89	-0.0224713	0.0113919	0.0251939
89.2	-0.0225749	0.0123452	0.0257299
89.4	-0.0225594	0.0132973	0.0261867
89.6	-0.0224278	0.0142313	0.0265619
89.8	-0.0221854	0.0151314	0.0268543
90	-0.0218399	0.0159827	0.0270634
90.2	-0.0214007	0.016772	0.0271899
90.4	-0.0208791	0.0174879	0.0272353
90.6	-0.0202876	0.0181211	0.0272022
90.8	-0.0196396	0.0186645	0.0270938
91	-0.0189491	0.0191137	0.0269147
91.2	-0.0182303	0.0194663	0.0266699
91.4	-0.0174969	0.0197225	0.0263651
91.6	-0.0167621	0.0198844	0.0260069
91.8	-0.0160379	0.0199562	0.025602
92	-0.0153353	0.0199435	0.0251578
92.2	-0.0146636	0.0198535	0.0246817
92.4	-0.0140305	0.0196942	0.0241809
92.6	-0.0134421	0.0194743	0.023663
92.8	-0.0129025	0.0192027	0.0231348
93	-0.0124142	0.0188883	0.0226026
93.2	-0.0119782	0.0185395	0.0220724
93.4	-0.0115942	0.0181644	0.0215492
93.6	-0.0112604	0.0177698	0.0210372
93.8	-0.0109743	0.0173618	0.0205394
94	-0.0107331	0.0169451	0.0200583
94.2	-0.0105332	0.0165237	0.0195955
94.4	-0.0103716	0.0161002	0.0191516
94.6	-0.010245	0.0156761	0.0187269
94.8	-0.0101506	0.0152521	0.0183211
95	-0.0100863	0.0148285	0.0179337
95.2	-0.0100509	0.0144049	0.0175648
95.4	-0.0100438	0.0139807	0.0172144
95.6	-0.0100651	0.0135554	0.0168836
95.8	-0.0101159	0.0131289	0.0165741
96	-0.0101976	0.0127015	0.0162886
96.2	-0.0103122	0.0122741	0.0160311
96.4	-0.0104618	0.0118485	0.0158062
96.6	-0.0106485	0.0114274	0.0156198
96.8	-0.0108743	0.0110144	0.0154779
97	-0.0111406	0.0106138	0.0153872
97.2	-0.0114485	0.0102307	0.0153537
97.4	-0.0117977	0.00987079	0.0153824
97.6	-0.0121875	0.00954047	0.0154776
97.8	-0.012616	0.00924628	0.0156415
98	-0.0130803	0.00899469	0.0158744
98.2	-0.0135762	0.00879201	0.0161744
98.4	-0.0140985	0.00864428	0.0165375
98.6	-0.0146409	0.00855688	0.016958
98.8	-0.0151964	0.00853422	0.0174288
99	-0.015757	0.00857962	0.0179414
99.2	-0.016314	0.00869527	0.0184866
99.4	-0.0168581	0.00888207	0.0190548
99.6	-0.0173801	0.00913948	0.0196367
99.8	-0.0178707	0.00946541	0.0202227
100	-0.0183206	0.00985611	0.0208035
100.2	-0.0187208	0.010306	0.0213702
100.4	-0.019064	0.010808	0.0219146
100.6	-0.0193434	0.0113545	0.0224297
100.8	-0.0195534	0.0119365	0.0229089
101	-0.0196897	0.0125438	0.0233459
101.2	-0.0197497	0.0131654	0.0237356
101.4	-0.0197325	0.0137903	0.0240737
101.6	-0.0196384	0.0144075	0.0243566
101.8	-0.0194698	0.0150057	0.0245814
102	-0.0192304	0.0155744	0.0247461
102.2	-0.0189256	0.0161038	0.0248498
102.4	-0.018562	0.0165852	0.0248921
102.6	-0.0181474	0.0170109	0.0248737
102.8	-0.0176903	0.0173749	0.0247959
103	-0.0172003	0.0176724	0.024661
103.2	-0.0166872	0.0179003	0.0244721
103.4	-0.0161608	0.0180573	0.0242329
103.6	-0.015631	0.0181434	0.0239481
103.8	-0.0151074	0.0181605	0.0236228
104	-0.0145986	0.0181117	0.0232627
104.2	-0.0141126	0.0180014	0.0228739
104.4	-0.0136565	0.0178349	0.0224629
104.6	-0.0132361	0.0176186	0.0220366
104.8	-0.012856	0.0173593	0.0216014
105	-0.0125194	0.0170641	0.0211641
105.2	-0.0122286	0.0167401	0.0207309
105.4	-0.0119844	0.0163944	0.0203078
105.6	-0.0117866	0.016034	0.0199001
105.8	-0.0116336	0.0156651	0.0195125
106	-0.0115236	0.0152934	0.0191489
106.2	-0.0114539	0.0149236	0.0188124
106.4	-0.0114216	0.0145598	0.0185052
106.6	-0.0114235	0.0142053	0.0182287
106.8	-0.0114562	0.0138622	0.0179835
107	-0.0115163	0.0135323	0.0177693
107.2	-0.0116009	0.0132165	0.0175857
107.4	-0.0117074	0.0129154	0.0174319
107.6	-0.0118337	0.0126289	0.0173068
107.8	-0.0119779	0.012357	0.0172094
108	-0.0121391	0.0120991	0.017139
108.2	-0.0123164	0.0118553	0.0170951
108.4	-0.0125094	0.0116255	0.0170774
108.6	-0.0127182	0.0114101	0.0170864
108.8	-0.0129429	0.0112098	0.0171225
109	-0.0131836	0.0110259	0.0171865
109.2	-0.0134404	0.0108597	0.0172794
109.4	-0.013713	0.0107135	0.0174019
109.6	-0.0140009	0.0105896	0.0175547
109.8	-0.0143032	0.0104908	0.0177381
110	-0.0146184	0.0104199	0.017952
110.2	-0.0149444	0.0103798	0.0181955
110.4	-0.0152785	0.0103732	0.0184672
110.6	-0.0156174	0.0104027	0.0187648
110.8	-0.015957	0.0104704	0.0190855
111	-0.0162932	0.0105778	0.0194257
111.2	-0.016621	0.010726	0.0197814
111.4	-0.0169356	0.0109152	0.0201484
111.6	-0.0172317	0.0111449	0.0205217
111.8	-0.0175042	0.0114135	0.0208965
112	-0.0177476	0.0117189	0.0212676
112.2	-0.0179572	0.0120576	0.0216297
112.4	-0.0181281	0.0124254	0.0219776
112.6	-0.0182562	0.0128171	0.0223062
112.8	-0.0183385	0.0132268	0.0226108
113	-0.0183726	0.0136483	0.0228873
113.2	-0.0183568	0.014075	0.0231317
113.4	-0.0182905	0.0144997	0.0233406
113.6	-0.0181741	0.0149151	0.0235108
113.8	-0.0180091	0.0153139	0.0236399
114	-0.0177981	0.0156891	0.023726
114.2	-0.0175446	0.0160344	0.0237679
114.4	-0.017253	0.0163437	0.0237651
114.6	-0.0169284	0.0166118	0.0237176
114.8	-0.0165769	0.0168345	0.0236261
115	-0.0162047	0.0170084	0.0234921
115.2	-0.0158186	0.0171312	0.0233175
115.4	-0.0154256	0.0172018	0.0231052
115.6	-0.0150326	0.01722	0.0228584
115.8	-0.0146463	0.0171867	0.0225809
116	-0.0142733	0.017104	0.0222772
116.2	-0.0139195	0.0169748	0.0219522
116.4	-0.0135903	0.016803	0.021611
116.6	-0.0132902	0.0165929	0.0212592
116.8	-0.013023	0.0163497	0.0209024
117	-0.0127916	0.0160786	0.0205462
117.2	-0.0125981	0.0157854	0.0201963
117.4	-0.0124438	0.0154757	0.0198581
117.6	-0.0123288	0.0151553	0.0195367
117.8	-0.0122529	0.0148295	0.0192366
118	-0.0122148	0.0145032	0.0189616
118.2	-0.0122127	0.014181	0.018715
118.4	-0.012244	0.0138671	0.0184989
118.6	-0.0123061	0.0135648	0.0183152
118.8	-0.0123961	0.0132773	0.0181645
119	-0.0125108	0.0130068	0.0180471
119.2	-0.0126473	0.012755	0.0179623
119.4	-0.0128026	0.0125232	0.0179091
119.6	-0.0129741	0.0123119	0.017886
119.8	-0.0131591	0.0121213	0.017891
120	-0.0133553	0.0119517	0.0179223
120.2	-0.0135607	0.0118029	0.0179778
120.4	-0.0137736	0.0116746	0.0180556
120.6	-0.0139925	0.0115664	0.0181541
120.8	-0.0142163	0.0114781	0.0182715
121	-0.0144438	0.0114096	0.0184066
121.2	-0.0146741	0.011361	0.0185581
121.4	-0.0149065	0.0113323	0.018725
121.6	-0.01514	0.0113239	0.0189063
121.8	-0.0153737	0.0113362	0.0191013
122	-0.0156063	0.0113698	0.0193088
122.2	-0.0158366	0.0114252	0.0195278
122.4	-0.0160629	0.0115031	0.019757
122.6	-0.0162833	0.0116039	0.019995
122.8	-0.0164959	0.0117281	0.0202401
123	-0.0166984	0.0118757	0.0204906
123.2	-0.0168882	0.0120465	0.0207444
123.4	-0.0170628	0.0122401	0.020999
123.6	-0.0172195	0.0124553	0.0212519
123.8	-0.0173554	0.0126908	0.0215003
124	-0.0174679	0.0129443	0.0217412
124.2	-0.0175546	0.0132133	0.0219717
124.4	-0.0176134	0.013495	0.0221889
124.6	-0.0176424	0.0137861	0.02239
124.8	-0.0176402	0.0140829	0.0225722
125	-0.0176058	0.0143813	0.022733
125.2	-0.0175387	0.0146772	0.0228697
125.4	-0.0174388	0.0149658	0.0229802
125.6	-0.0173071	0.0152426	0.0230624
125.8	-0.0171448	0.0155031	0.0231148
126	-0.0169542	0.0157429	0.0231362
126.2	-0.0167378	0.0159581	0.023126
126.4	-0.0164987	0.0161449	0.0230839
126.6	-0.0162407	0.0163004	0.0230101
126.8	-0.0159678	0.0164218	0.0229052
127	-0.0156843	0.0165072	0.0227703
127.2	-0.0153948	0.0165553	0.022607
127.4	-0.0151042	0.0165653	0.0224175
127.6	-0.0148171	0.0165375	0.0222044
127.8	-0.0145382	0.0164727	0.0219706
128	-0.014272	0.0163724	0.0217198
128.2	-0.0140227	0.016239	0.0214555
128.4	-0.0137939	0.0160751	0.0211821
128.6	-0.0135889	0.015884	0.0209036
128.8	-0.0134103	0.0156694	0.0206244
129	-0.0132605	0.0154354	0.0203492
129.2	-0.013141	0.015186	0.0200823
129.4	-0.0130528	0.0149255	0.0198279
129.6	-0.0129961	0.0146583	0.0195899
129.8	-0.0129707	0.0143885	0.0193718
130	-0.0129755	0.0141203	0.0191767
130.2	-0.0130093	0.0138575	0.0190072
130.4	-0.0130704	0.0136035	0.0188651
130.6	-0.0131567	0.0133615	0.0187518
130.8	-0.0132658	0.0131341	0.0186678
131	-0.0133953	0.0129235	0.0186132
131.2	-0.0135426	0.0127315	0.0185874
131.4	-0.0137052	0.0125591	0.0185893
131.6	-0.0138801	0.0124075	0.0186173
131.8	-0.0140649	0.0122771	0.0186695
132	-0.014257	0.0121682	0.0187437
132.2	-0.0144541	0.0120808	0.0188379
132.4	-0.0146541	0.0120147	0.0189498
132.6	-0.0148552	0.0119694	0.0190773
132.8	-0.0150557	0.0119445	0.0192184
133	-0.0152542	0.0119392	0.019371
133.2	-0.0154492	0.0119531	0.0195334
133.4	-0.0156396	0.0119853	0.0197039
133.6	-0.0158242	0.0120352	0.019881
133.8	-0.0160021	0.0121022	0.0200632
134	-0.0161722	0.0121856	0.0202492
134.2	-0.0163335	0.0122849	0.0204377
134.4	-0.0164848	0.0123994	0.0206275
134.6	-0.0166252	0.0125286	0.0208174
134.8	-0.0167536	0.0126718	0.0210061
135	-0.0168689	0.0128281	0.0211924
135.2	-0.0169697	0.0129965	0.0213748
135.4	-0.0170551	0.013176	0.0215519
135.6	-0.0171238	0.0133651	0.0217222
135.8	-0.0171749	0.0135625	0.0218843
136	-0.0172075	0.0137665	0.0220366
136.2	-0.0172206	0.0139752	0.0221778
136.4	-0.0172135	0.0141865	0.0223061
136.6	-0.0171857	0.0143983	0.0224201
136.8	-0.0171368	0.0146081	0.0225182
137	-0.017067	0.0148133	0.022599
137.2	-0.0169764	0.0150112	0.0226613
137.4	-0.0168657	0.015199	0.0227038
137.6	-0.0167358	0.0153741	0.0227255
137.8	-0.0165881	0.0155338	0.0227259
138	-0.0164244	0.0156756	0.0227043
138.2	-0.0162466	0.0157973	0.0226607
138.4	-0.0160571	0.0158968	0.0225951
138.6	-0.0158584	0.0159726	0.0225081
138.8	-0.0156535	0.0160232	0.0224003
139	-0.0154452	0.0160478	0.022273
139.2	-0.0152366	0.0160459	0.0221275
139.4	-0.015031	0.0160174	0.0219656
139.6	-0.0148313	0.0159627	0.0217893
139.8	-0.0146408	0.0158827	0.0216012
140	-0.0144622	0.0157788	0.0214039
140.2	-0.0142983	0.0156528	0.0212003
140.4	-0.0141515	0.0155066	0.0209934
140.6	-0.0140239	0.0153428	0.0207863
140.8	-0.0139172	0.0151639	0.0205824
141	-0.0138327	0.0149729	0.0203846
141.2	-0.0137713	0.0147728	0.0201961
141.4	-0.0137335	0.0145668	0.02002
141.6	-0.0137194	0.0143582	0.019859
141.8	-0.0137286	0.01415	0.0197154
142	-0.0137606	0.0139452	0.0195914
142.2	-0.0138142	0.0137468	0.0194887
142.4	-0.0138881	0.0135573	0.0194083
142.6	-0.0139807	0.0133791	0.019351
142.8	-0.0140902	0.0132143	0.0193171
143	-0.0142146	0.0130645	0.0193064
143.2	-0.0143518	0.0129312	0.0193181
143.4	-0.0144995	0.0128154	0.0193512
143.6	-0.0146554	0.0127178	0.0194043
143.8	-0.0148173	0.0126391	0.0194756
144	-0.0149829	0.0125795	0.0195635
144.2	-0.0151503	0.0125388	0.0196661
144.4	-0.0153176	0.0125169	0.0197813
144.6	-0.015483	0.0125131	0.0199073
144.8	-0.015645	0.0125269	0.0200421
145	-0.015802	0.0125573	0.0201839
145.2	-0.0159528	0.0126036	0.0203308
145.4	-0.0160962	0.0126647	0.0204812
145.6	-0.0162312	0.0127396	0.0206337
145.8	-0.0163569	0.0128272	0.0207866
146	-0.0164724	0.0129265	0.0209388
146.2	-0.0165771	0.0130364	0.0210891
146.4	-0.0166703	0.0131559	0.0212362
146.6	-0.0167514	0.0132838	0.0213792
146.8	-0.0168201	0.013419	0.0215171
147	-0.0168759	0.0135604	0.021649
147.2	-0.0169186	0.0137068	0.0217742
147.4	-0.0169477	0.0138571	0.0218916
147.6	-0.0169632	0.01401	0.0220007
147.8	-0.0169647	0.0141643	0.0221004
148	-0.0169522	0.0143187	0.0221901
148.2	-0.0169256	0.0144716	0.0222689
148.4	-0.0168851	0.0146217	0.0223361
148.6	-0.0168309	0.0147675	0.022391
148.8	-0.0167633	0.0149074	0.022433
149	-0.0166828	0.0150399	0.0224614
149.2	-0.01659	0.0151633	0.0224757
149.4	-0.0164859	0.0152762	0.0224755
149.6	-0.0163713	0.0153771	0.0224605
149.8	-0.0162475	0.0154645	0.0224306
150	-0.016116	0.0155372	0.0223859
150.2	-0.0159782	0.0155942	0.0223266
150.4	-0.0158358	0.0156344	0.0222532
150.6	-0.0156907	0.0156571	0.0221663
150.8	-0.0155447	0.015662	0.0220667
151	-0.0154	0.0156488	0.0219555
151.2	-0.0152583	0.0156176	0.021834
151.4	-0.0151219	0.0155686	0.0217038
151.6	-0.0149926	0.0155025	0.0215663
151.8	-0.0148722	0.0154202	0.0214235
152	-0.0147626	0.0153228	0.0212773
152.2	-0.0146653	0.0152117	0.0211298
152.4	-0.0145817	0.0150885	0.0209831
152.6	-0.014513	0.0149551	0.0208395
152.8	-0.0144601	0.0148135	0.0207011
153	-0.0144237	0.0146657	0.0205701
153.2	-0.0144043	0.014514	0.0204485
153.4	-0.014402	0.0143606	0.0203383
153.6	-0.0144166	0.0142078	0.020241
153.8	-0.0144477	0.0140576	0.0201582
154	-0.0144947	0.0139123	0.020091
154.2	-0.0145567	0.0137737	0.0200403
154.4	-0.0146325	0.0136438	0.0200066
154.6	-0.0147209	0.0135242	0.0199902
154.8	-0.0148203	0.0134162	0.0199909
155	-0.0149293	0.0133211	0.0200084
155.2	-0.0150462	0.0132399	0.020042
155.4	-0.0151692	0.0131731	0.0200907
155.6	-0.0152965	0.0131213	0.0201532
155.8	-0.0154264	0.0130848	0.0202284
156	-0.0155572	0.0130635	0.0203145
156.2	-0.0156872	0.0130572	0.0204103
156.4	-0.015815	0.0130655	0.0205139
156.6	-0.0159391	0.0130879	0.0206239
156.8	-0.0160583	0.0131236	0.0207387
157	-0.0161713	0.0131717	0.0208568
157.2	-0.0162773	0.0132314	0.0209766
157.4	-0.0163752	0.0133015	0.0210969
157.6	-0.0164645	0.0133811	0.0212163
157.8	-0.0165443	0.0134689	0.0213337
158	-0.0166144	0.013564	0.0214481
158.2	-0.0166743	0.0136652	0.0215585
158.4	-0.0167237	0.0137714	0.0216641
158.6	-0.0167625	0.0138815	0.0217642
158.8	-0.0167906	0.0139945	0.021858
159	-0.016808	0.0141093	0.021945
159.2	-0.0168148	0.0142249	0.0220247
159.4	-0.0168111	0.0143401	0.0220965
159.6	-0.0167971	0.0144541	0.02216
159.8	-0.0167731	0.0145658	0.0222148
160	-0.0167393	0.0146743	0.0222606
160.2	-0.0166961	0.0147784	0.0222971
160.4	-0.016644	0.0148774	0.022324
160.6	-0.0165835	0.0149703	0.0223411
160.8	-0.0165152	0.0150562	0.0223481
161	-0.0164397	0.0151341	0.0223451
161.2	-0.0163578	0.0152033	0.022332
161.4	-0.0162703	0.015263	0.0223088
161.6	-0.0161781	0.0153125	0.0222756
161.8	-0.0160822	0.0153512	0.0222328
162	-0.0159837	0.0153785	0.0221806
162.2	-0.0158836	0.0153942	0.0221194
162.4	-0.0157832	0.0153978	0.02205
162.6	-0.0156837	0.0153892	0.0219729
162.8	-0.0155864	0.0153686	0.021889
163	-0.0154923	0.015336	0.0217992
163.2	-0.0154029	0.0152917	0.0217046
163.4	-0.0153194	0.0152364	0.0216063
163.6	-0.0152427	0.0151706	0.0215056
163.8	-0.0151741	0.0150953	0.0214038
164	-0.0151146	0.0150113	0.0213023
164.2	-0.0150649	0.0149198	0.0212026
164.4	-0.0150257	0.0148221	0.0211061
164.6	-0.0149978	0.0147194	0.0210142
164.8	-0.0149814	0.0146133	0.0209283
165	-0.0149769	0.0145053	0.0208497
165.2	-0.0149842	0.0143967	0.0207796
165.4	-0.0150033	0.0142893	0.0207191
165.6	-0.0150337	0.0141844	0.0206691
165.8	-0.0150752	0.0140836	0.0206303
166	-0.0151269	0.0139881	0.0206032
166.2	-0.0151881	0.0138994	0.0205882
166.4	-0.0152579	0.0138186	0.0205854
166.6	-0.0153353	0.0137466	0.0205947
166.8	-0.0154191	0.0136844	0.0206157
167	-0.015508	0.0136325	0.0206481
167.2	-0.0156009	0.0135916	0.0206911
167.4	-0.0156965	0.013562	0.0207438
167.6	-0.0157933	0.0135437	0.0208053
167.8	-0.0158903	0.0135369	0.0208746
168	-0.015986	0.0135412	0.0209504
168.2	-0.0160794	0.0135565	0.0210315
168.4	-0.0161694	0.0135821	0.0211168
168.6	-0.0162549	0.0136175	0.0212051
168.8	-0.0163352	0.0136619	0.0212952
169	-0.0164094	0.0137147	0.021386
169.2	-0.0164769	0.0137749	0.0214764
169.4	-0.0165371	0.0138417	0.0215654
169.6	-0.0165896	0.013914	0.0216521
169.8	-0.0166341	0.013991	0.0217357
170	-0.0166703	0.0140717	0.0218155
170.2	-0.0166983	0.0141552	0.0218907
170.4	-0.0167178	0.0142405	0.0219608
170.6	-0.016729	0.0143267	0.0220253
170.8	-0.0167321	0.014413	0.0220839
171	-0.0167272	0.0144984	0.022136
171.2	-0.0167146	0.0145823	0.0221815
171.4	-0.0166946	0.0146637	0.0222201
171.6	-0.0166676	0.0147421	0.0222517
171.8	-0.016634	0.0148167	0.0222761
172	-0.0165942	0.0148869	0.0222932
172.2	-0.0165488	0.014952	0.022303
172.4	-0.0164982	0.0150115	0.0223055
172.6	-0.0164431	0.0150649	0.0223008
172.8	-0.016384	0.0151117	0.022289
173	-0.0163215	0.0151516	0.0222702
173.2	-0.0162564	0.0151841	0.0222447
173.4	-0.0161892	0.0152089	0.0222127
173.6	-0.0161208	0.0152258	0.0221745
173.8	-0.0160518	0.0152347	0.0221305
174	-0.0159831	0.0152354	0.0220811
174.2	-0.0159153	0.0152278	0.0220269
174.4	-0.0158493	0.0152122	0.0219684
174.6	-0.0157859	0.0151886	0.0219063
174.8	-0.0157257	0.0151573	0.0218413
175	-0.0156697	0.0151186	0.0217741
175.2	-0.0156184	0.015073	0.0217055
175.4	-0.0155725	0.015021	0.0216364
175.6	-0.0155328	0.0149633	0.0215678
175.8	-0.0154997	0.0149005	0.0215004
176	-0.0154737	0.0148335	0.0214352
176.2	-0.0154552	0.0147631	0.0213731
176.4	-0.0154444	0.0146903	0.0213151
176.6	-0.0154417	0.0146159	0.021262
176.8	-0.015447	0.0145411	0.0212145
177	-0.0154603	0.0144669	0.0211733
177.2	-0.0154814	0.0143941	0.0211392
177.4	-0.0155102	0.0143239	0.0211125
177.6	-0.0155461	0.0142572	0.0210938
177.8	-0.0155887	0.0141949	0.0210833
178	-0.0156375	0.0141379	0.021081
178.2	-0.0156917	0.0140868	0.0210871
178.4	-0.0157506	0.0140423	0.0211014
178.6	-0.0158134	0.0140051	0.0211236
178.8	-0.0158793	0.0139755	0.0211534
179	-0.0159473	0.0139538	0.0211902
179.2	-0.0160166	0.0139402	0.0212334
179.4	-0.0160861	0.0139347	0.0212824
179.6	-0.0161551	0.0139374	0.0213364
179.8	-0.0162227	0.013948	0.0213945
180	-0.016288	0.0139663	0.0214559
180.2	-0.0163503	0.0139918	0.0215198
180.4	-0.0164089	0.014024	0.0215853
180.6	-0.0164631	0.0140625	0.0216515
180.8	-0.0165125	0.0141066	0.0217177
181	-0.0165566	0.0141556	0.0217831
181.2	-0.016595	0.0142088	0.0218468
181.4	-0.0166275	0.0142655	0.0219084
181.6	-0.0166538	0.0143249	0.0219671
181.8	-0.0166739	0.0143864	0.0220224
182	-0.0166877	0.0144491	0.0220739
182.2	-0.0166954	0.0145124	0.0221211
182.4	-0.0166969	0.0145755	0.0221637
182.6	-0.0166925	0.0146378	0.0222015
182.8	-0.0166824	0.0146987	0.0222341
183	-0.0166669	0.0147575	0.0222614
183.2	-0.0166463	0.0148137	0.0222833
183.4	-0.0166211	0.0148668	0.0222998
183.6	-0.0165915	0.0149164	0.0223109
183.8	-0.016558	0.0149619	0.0223165
184	-0.0165211	0.0150031	0.0223168
184.2	-0.0164812	0.0150397	0.0223119
184.4	-0.0164387	0.0150713	0.0223019
184.6	-0.0163943	0.0150977	0.022287
184.8	-0.0163483	0.0151187	0.0222675
185	-0.0163013	0.0151342	0.0222435
185.2	-0.0162537	0.0151441	0.0222155
185.4	-0.0162062	0.0151483	0.0221836
185.6	-0.0161592	0.0151469	0.0221483
185.8	-0.0161132	0.0151399	0.02211
186	-0.0160688	0.0151274	0.0220691
186.2	-0.0160264	0.0151096	0.022026
186.4	-0.0159866	0.0150866	0.0219813
186.6	-0.0159497	0.0150588	0.0219354
186.8	-0.0159163	0.0150266	0.021889
187	-0.0158867	0.0149901	0.0218424
187.2	-0.0158614	0.01495	0.0217965
187.4	-0.0158406	0.0149067	0.0217516
187.6	-0.0158246	0.0148607	0.0217085
187.8	-0.0158137	0.0148125	0.0216676
188	-0.0158081	0.0147629	0.0216295
188.2	-0.0158078	0.0147123	0.0215949
188.4	-0.0158129	0.0146616	0.021564
188.6	-0.0158233	0.0146112	0.0215375
188.8	-0.015839	0.014562	0.0215157
189	-0.0158598	0.0145145	0.0214989
189.2	-0.0158854	0.0144694	0.0214874
189.4	-0.0159156	0.0144272	0.0214814
189.6	-0.0159499	0.0143886	0.021481
189.8	-0.0159879	0.0143541	0.0214861
190	-0.0160292	0.0143241	0.0214968
190.2	-0.0160731	0.0142989	0.0215129
190.4	-0.0161192	0.014279	0.0215341
190.6	-0.0161668	0.0142645	0.0215602
190.8	-0.0162153	0.0142556	0.0215907
191	-0.0162641	0.0142523	0.0216252
191.2	-0.0163126	0.0142547	0.0216633
191.4	-0.0163601	0.0142626	0.0217043
191.6	-0.0164062	0.0142759	0.0217478
191.8	-0.0164502	0.0142944	0.0217931
192	-0.0164917	0.0143176	0.0218396
192.2	-0.0165301	0.0143453	0.0218868
192.4	-0.0165652	0.0143769	0.021934
192.6	-0.0165965	0.0144122	0.0219808
192.8	-0.0166238	0.0144504	0.0220265
193	-0.0166469	0.0144912	0.0220707
193.2	-0.0166656	0.014534	0.0221129
193.4	-0.0166798	0.0145782	0.0221526
193.6	-0.0166895	0.0146233	0.0221896
193.8	-0.0166947	0.0146687	0.0222235
194	-0.0166955	0.0147139	0.022254
194.2	-0.0166921	0.0147585	0.0222809
194.4	-0.0166845	0.0148019	0.0223041
194.6	-0.0166731	0.0148438	0.0223233
194.8	-0.0166581	0.0148836	0.0223386
195	-0.0166397	0.014921	0.0223499
195.2	-0.0166183	0.0149558	0.0223572
195.4	-0.0165942	0.0149875	0.0223605
195.6	-0.0165678	0.0150159	0.02236
195.8	-0.0165394	0.0150408	0.0223557
196	-0.0165093	0.0150621	0.0223478
196.2	-0.016478	0.0150796	0.0223365
196.4	-0.0164458	0.0150931	0.0223219
196.6	-0.0164131	0.0151027	0.0223043
196.8	-0.0163803	0.0151083	0.0222839
197	-0.0163477	0.0151099	0.0222611
197.2	-0.0163158	0.0151075	0.022236
197.4	-0.0162847	0.0151013	0.0222091
197.6	-0.016255	0.0150914	0.0221805
197.8	-0.016227	0.0150778	0.0221508
198	-0.0162008	0.0150609	0.0221201
198.2	-0.0161769	0.0150408	0.0220889
198.4	-0.0161555	0.0150178	0.0220575
198.6	-0.0161369	0.0149921	0.0220264
198.8	-0.0161213	0.0149641	0.0219959
199	-0.0161088	0.014934	0.0219663
199.2	-0.0160997	0.0149024	0.0219381
199.4	-0.016094	0.0148695	0.0219116
199.6	-0.0160919	0.0148358	0.0218872
199.8	-0.0160934	0.0148016	0.0218652
200	-0.0160984	0.0147675	0.0218458
200.2	-0.0161071	0.0147338	0.0218294
200.4	-0.0161192	0.014701	0.0218162
200.6	-0.0161347	0.0146694	0.0218065
200.8	-0.0161534	0.0146396	0.0218002
201	-0.0161751	0.0146118	0.0217977
201.2	-0.0161995	0.0145865	0.0217988
201.4	-0.0162263	0.0145639	0.0218037
201.6	-0.0162552	0.0145445	0.0218122
201.8	-0.0162859	0.0145283	0.0218243
202	-0.0163179	0.0145157	0.0218399
202.2	-0.0163509	0.0145068	0.0218587
202.4	-0.0163846	0.0145017	0.0218804
202.6	-0.0164184	0.0145004	0.0219049
202.8	-0.0164519	0.0145029	0.0219317
203	-0.0164848	0.0145092	0.0219606
203.2	-0.0165167	0.0145192	0.0219911
203.4	-0.0165471	0.0145327	0.0220229
203.6	-0.0165758	0.0145495	0.0220555
203.8	-0.0166025	0.0145693	0.0220886
204	-0.0166268	0.0145919	0.0221218
204.2	-0.0166485	0.0146169	0.0221546
204.4	-0.0166675	0.0146441	0.0221868
204.6	-0.0166835	0.014673	0.0222179
204.8	-0.0166964	0.0147032	0.0222476
205	-0.0167063	0.0147345	0.0222756
205.2	-0.0167129	0.0147663	0.0223017
205.4	-0.0167165	0.0147984	0.0223256
205.6	-0.0167169	0.0148302	0.022347
205.8	-0.0167143	0.0148616	0.022366
206	-0.0167089	0.0148921	0.0223822
206.2	-0.0167008	0.0149214	0.0223956
206.4	-0.0166901	0.0149492	0.0224062
206.6	-0.0166771	0.0149753	0.022414
206.8	-0.016662	0.0149994	0.0224188
207	-0.0166451	0.0150213	0.0224209
207.2	-0.0166265	0.0150407	0.0224202
207.4	-0.0166066	0.0150577	0.0224168
207.6	-0.0165857	0.0150719	0.0224109
207.8	-0.016564	0.0150835	0.0224026
208	-0.0165418	0.0150922	0.0223921
208.2	-0.0165193	0.0150981	0.0223795
208.4	-0.0164969	0.0151012	0.022365
208.6	-0.0164748	0.0151015	0.0223489
208.8	-0.0164533	0.015099	0.0223314
209	-0.0164325	0.0150939	0.0223126
209.2	-0.0164128	0.0150862	0.0222929
209.4	-0.0163944	0.0150761	0.0222725
209.6	-0.0163775	0.0150637	0.0222517
209.8	-0.0163621	0.0150493	0.0222306
210	-0.0163487	0.0150329	0.0222096
210.2	-0.0163372	0.0150148	0.0221889
210.4	-0.0163278	0.0149953	0.0221688
210.6	-0.0163207	0.0149746	0.0221495
210.8	-0.0163159	0.0149529	0.0221313
211	-0.0163134	0.0149305	0.0221144
211.2	-0.0163134	0.0149077	0.022099
211.4	-0.0163158	0.0148847	0.0220853
211.6	-0.0163206	0.0148619	0.0220735
211.8	-0.0163278	0.0148395	0.0220638
212	-0.0163373	0.0148179	0.0220562
212.2	-0.016349	0.0147972	0.022051
212.4	-0.0163628	0.0147777	0.0220482
212.6	-0.0163785	0.0147598	0.0220478
212.8	-0.0163959	0.0147436	0.0220499
213	-0.0164149	0.0147293	0.0220545
213.2	-0.0164352	0.0147171	0.0220615
213.4	-0.0164567	0.0147071	0.0220708
213.6	-0.016479	0.0146996	0.0220824
213.8	-0.0165018	0.0146945	0.0220962
214	-0.016525	0.0146921	0.0221118
214.2	-0.0165483	0.0146921	0.0221293
214.4	-0.0165713	0.0146948	0.0221482
214.6	-0.0165938	0.0147	0.0221686
214.8	-0.0166156	0.0147076	0.0221899
215	-0.0166365	0.0147176	0.0222121
215.2	-0.0166561	0.0147298	0.0222349
215.4	-0.0166742	0.014744	0.022258
215.6	-0.0166908	0.0147601	0.022281
215.8	-0.0167056	0.0147778	0.0223039
216	-0.0167185	0.014797	0.0223262
216.2	-0.0167294	0.0148172	0.0223478
216.4	-0.0167382	0.0148384	0.0223685
216.6	-0.0167449	0.0148603	0.0223879
216.8	-0.0167494	0.0148825	0.022406
217	-0.0167517	0.0149048	0.0224226
217.2	-0.0167519	0.014927	0.0224375
217.4	-0.0167501	0.0149487	0.0224506
217.6	-0.0167463	0.0149699	0.0224619
217.8	-0.0167406	0.0149902	0.0224712
218	-0.0167332	0.0150094	0.0224785
218.2	-0.0167242	0.0150273	0.0224837
218.4	-0.0167138	0.0150438	0.022487
218.6	-0.0167021	0.0150588	0.0224884
218.8	-0.0166893	0.015072	0.0224878
219	-0.0166757	0.0150834	0.0224853
219.2	-0.0166614	0.015093	0.0224811
219.4	-0.0166466	0.0151006	0.0224752
219.6	-0.0166315	0.0151062	0.0224678
219.8	-0.0166163	0.0151098	0.022459
220	-0.0166012	0.0151115	0.022449
220.2	-0.0165864	0.0151112	0.0224379
220.4	-0.0165721	0.015109	0.0224258
220.6	-0.0165584	0.015105	0.022413
220.8	-0.0165455	0.0150993	0.0223996
221	-0.0165336	0.0150919	0.0223858
221.2	-0.0165227	0.015083	0.0223718
221.4	-0.0165131	0.0150728	0.0223577
221.6	-0.0165047	0.0150613	0.0223438
221.8	-0.0164978	0.0150487	0.0223303
222	-0.0164924	0.0150352	0.0223172
222.2	-0.0164886	0.015021	0.0223048
222.4	-0.0164863	0.0150062	0.0222931
222.6	-0.0164857	0.014991	0.0222825
222.8	-0.0164868	0.0149757	0.022273
223	-0.0164894	0.0149604	0.0222647
223.2	-0.0164937	0.0149453	0.0222577
223.4	-0.0164996	0.0149305	0.0222522
223.6	-0.016507	0.0149164	0.0222481
223.8	-0.0165158	0.014903	0.0222457
224	-0.016526	0.0148905	0.0222449
224.2	-0.0165374	0.0148791	0.0222457
224.4	-0.01655	0.0148688	0.0222482
224.6	-0.0165635	0.01486	0.0222523
224.8	-0.0165778	0.0148526	0.0222581
225	-0.0165928	0.0148467	0.0222653
225.2	-0.0166083	0.0148425	0.0222741
225.4	-0.0166241	0.0148399	0.0222842
225.6	-0.0166401	0.0148391	0.0222955
225.8	-0.016656	0.01484	0.022308
226	-0.0166718	0.0148426	0.0223215
226.2	-0.0166872	0.0148468	0.0223358
226.4	-0.016702	0.0148527	0.0223508
226.6	-0.0167161	0.0148602	0.0223664
226.8	-0.0167294	0.0148691	0.0223822
227	-0.0167417	0.0148793	0.0223982
227.2	-0.0167529	0.0148908	0.0224142
227.4	-0.0167629	0.0149033	0.02243
227.6	-0.0167716	0.0149167	0.0224454
227.8	-0.0167789	0.0149309	0.0224603
228	-0.0167848	0.0149456	0.0224745
228.2	-0.0167893	0.0149608	0.0224879
228.4	-0.0167923	0.0149762	0.0225004
228.6	-0.0167938	0.0149916	0.0225118
228.8	-0.0167939	0.0150069	0.022522
229	-0.0167926	0.0150218	0.022531
229.2	-0.01679	0.0150364	0.0225387
229.4	-0.0167861	0.0150502	0.0225451
229.6	-0.016781	0.0150634	0.0225501
229.8	-0.0167749	0.0150756	0.0225538
230	-0.0167678	0.0150868	0.022556
230.2	-0.0167599	0.015097	0.0225569
230.4	-0.0167513	0.0151059	0.0225565
230.6	-0.0167421	0.0151135	0.0225548
230.8	-0.0167325	0.0151199	0.0225519
231	-0.0167226	0.0151249	0.0225479
231.2	-0.0167125	0.0151285	0.0225428
231.4	-0.0167024	0.0151308	0.0225368
231.6	-0.0166924	0.0151316	0.02253
231.8	-0.0166826	0.0151312	0.0225225
232	-0.0166733	0.0151294	0.0225144
232.2	-0.0166644	0.0151265	0.0225058
232.4	-0.016656	0.0151223	0.0224968
232.6	-0.0166484	0.015117	0.0224877
232.8	-0.0166416	0.0151108	0.0224784
233	-0.0166357	0.0151036	0.0224692
233.2	-0.0166306	0.0150957	0.0224601
233.4	-0.0166266	0.015087	0.0224513
233.6	-0.0166237	0.0150778	0.022443
233.8	-0.0166218	0.0150681	0.0224351
234	-0.016621	0.0150582	0.0224278
234.2	-0.0166213	0.015048	0.0224212
234.4	-0.0166228	0.0150378	0.0224155
234.6	-0.0166254	0.0150277	0.0224106
234.8	-0.016629	0.0150177	0.0224066
235	-0.0166337	0.0150081	0.0224037
235.2	-0.0166394	0.014999	0.0224018
235.4	-0.0166461	0.0149904	0.022401
235.6	-0.0166536	0.0149825	0.0224013
235.8	-0.0166619	0.0149753	0.0224026
236	-0.0166709	0.014969	0.0224051
236.2	-0.0166805	0.0149636	0.0224087
236.4	-0.0166906	0.0149593	0.0224133
236.6	-0.0167011	0.014956	0.0224189
236.8	-0.0167119	0.0149538	0.0224255
237	-0.0167229	0.0149527	0.022433
237.2	-0.0167339	0.0149528	0.0224413
237.4	-0.0167448	0.0149541	0.0224503
237.6	-0.0167556	0.0149565	0.0224599
237.8	-0.0167661	0.0149599	0.02247
238	-0.0167762	0.0149645	0.0224806
238.2	-0.0167857	0.0149701	0.0224914
238.4	-0.0167947	0.0149766	0.0225025
238.6	-0.016803	0.0149839	0.0225136
238.8	-0.0168106	0.0149921	0.0225246
239	-0.0168173	0.0150009	0.0225355
239.2	-0.0168231	0.0150104	0.0225461
239.4	-0.016828	0.0150203	0.0225564
239.6	-0.0168319	0.0150305	0.0225661
239.8	-0.0168349	0.015041	0.0225753
240	-0.0168369	0.0150516	0.0225839
240.2	-0.0168379	0.0150622	0.0225917
240.4	-0.0168379	0.0150727	0.0225987
240.6	-0.0168371	0.0150829	0.0226049
240.8	-0.0168353	0.0150928	0.0226102
241	-0.0168327	0.0151023	0.0226145
241.2	-0.0168293	0.0151112	0.022618
241.4	-0.0168252	0.0151195	0.0226205
241.6	-0.0168205	0.015127	0.022622
241.8	-0.0168152	0.0151339	0.0226227
242	-0.0168095	0.0151398	0.0226224
242.2	-0.0168034	0.015145	0.0226213
242.4	-0.0167971	0.0151492	0.0226194
242.6	-0.0167905	0.0151524	0.0226168
242.8	-0.0167839	0.0151548	0.0226134
243	-0.0167773	0.0151562	0.0226094
243.2	-0.0167708	0.0151567	0.0226049
243.4	-0.0167645	0.0151562	0.0226
243.6	-0.0167584	0.0151549	0.0225946
243.8	-0.0167528	0.0151528	0.022589
244	-0.0167475	0.0151498	0.0225831
244.2	-0.0167428	0.0151462	0.0225771
244.4	-0.0167386	0.0151419	0.0225711
244.6	-0.016735	0.0151369	0.0225652
244.8	-0.0167321	0.0151315	0.0225594
245	-0.0167299	0.0151257	0.0225538
245.2	-0.0167284	0.0151195	0.0225485
245.4	-0.0167276	0.015113	0.0225437
245.6	-0.0167277	0.0151063	0.0225392
245.8	-0.0167284	0.0150996	0.0225353
246	-0.01673	0.0150929	0.0225319
246.2	-0.0167323	0.0150863	0.0225292
246.4	-0.0167353	0.0150798	0.0225271
246.6	-0.016739	0.0150736	0.0225257
246.8	-0.0167433	0.0150678	0.022525
247	-0.0167483	0.0150623	0.0225251
247.2	-0.0167538	0.0150574	0.0225259
247.4	-0.0167598	0.015053	0.0225274
247.6	-0.0167663	0.0150492	0.0225297
247.8	-0.0167731	0.015046	0.0225327
248	-0.0167803	0.0150436	0.0225363
248.2	-0.0167877	0.0150418	0.0225407
248.4	-0.0167952	0.0150409	0.0225456
248.6	-0.0168028	0.0150406	0.0225512
248.8	-0.0168104	0.0150412	0.0225572
249	-0.0168179	0.0150425	0.0225637
249.2	-0.0168253	0.0150446	0.0225706
249.4	-0.0168325	0.0150474	0.0225778
249.6	-0.0168393	0.0150509	0.0225852
249.8	-0.0168458	0.015055	0.0225928
