# Time	U	V	U_magnitude
0	-1.76969e-115	9.17638e-115	9.34547e-115
0.2	-8.80083e-07	5.86619e-07	1.05767e-06
0.4	-0.0102204	-4.15739e-05	0.0102205
0.6	-0.0159431	2.69797e-05	0.0159432
0.8	-0.0156221	5.44854e-05	0.0156222
1	-0.0113167	0.000298129	0.0113206
1.2	-0.00785476	0.000133377	0.00785589
1.4	-0.0129196	8.86672e-05	0.0129199
1.6	-0.0194533	0.000335083	0.0194561
1.8	-0.0216702	0.000571941	0.0216778
2	-0.0192478	0.000675098	0.0192597
2.2	-0.01473	0.000455399	0.014737
2.4	-0.0156747	0.000525257	0.0156835
2.6	-0.0209808	0.000789143	0.0209956
2.8	-0.025054	0.00106702	0.0250767
3	-0.0246996	0.00124692	0.0247311
3.2	-0.0206197	0.00119706	0.0206544
3.4	-0.0193358	0.00117309	0.0193713
3.6	-0.0222445	0.00127747	0.0222811
3.8	-0.0266064	0.00164068	0.026657
4	-0.0281352	0.00203638	0.0282088
4.2	-0.0257071	0.0020966	0.0257924
4.4	-0.0232725	0.00197264	0.0233559
4.6	-0.0238761	0.00199045	0.0239589
4.8	-0.0274257	0.00235665	0.0275267
5	-0.030196	0.00282775	0.0303281
5.2	-0.0295256	0.00304086	0.0296818
5.4	-0.0270458	0.00301139	0.027213
5.6	-0.0261318	0.00295366	0.0262982
5.8	-0.0283135	0.0031592	0.0284892
6	-0.0312877	0.0036283	0.0314974
6.2	-0.0320665	0.00405598	0.032322
6.4	-0.0304515	0.00418879	0.0307383
6.6	-0.0288394	0.0040838	0.0291271
6.8	-0.0295267	0.00413559	0.029815
7	-0.0319789	0.00454544	0.0323003
7.2	-0.0337244	0.00508538	0.0341056
7.4	-0.0332474	0.00539236	0.0336818
7.6	-0.0316136	0.00537982	0.0320681
7.8	-0.0312061	0.00535057	0.0316615
8	-0.0328088	0.00560857	0.0332848
8.2	-0.0348434	0.00613894	0.03538
8.4	-0.0353452	0.00662729	0.0359612
8.6	-0.034247	0.00680168	0.0349159
8.8	-0.0333262	0.0067625	0.0340053
9	-0.0339953	0.00686479	0.0346815
9.2	-0.0357662	0.0073133	0.0365063
9.4	-0.0369432	0.00790697	0.0377799
9.6	-0.0366231	0.0082768	0.0375467
9.8	-0.0356658	0.00833383	0.0366266
10	-0.035599	0.00835961	0.0365673
10.2	-0.036847	0.0086729	0.0378539
10.4	-0.038296	0.00925761	0.0393991
10.6	-0.0386769	0.0097934	0.0398975
10.8	-0.038043	0.0100307	0.0393432
11	-0.0376092	0.0100703	0.0389341
11.2	-0.0382763	0.0102494	0.0396248
11.4	-0.0396213	0.0107474	0.0410531
11.6	-0.0404918	0.0113769	0.0420597
11.8	-0.0403708	0.0118055	0.0420615
12	-0.0399059	0.0119463	0.0416557
12.2	-0.0400949	0.0120586	0.0418689
12.4	-0.0411293	0.0124351	0.0429681
12.6	-0.0422319	0.0130604	0.0442053
12.8	-0.0426066	0.0136389	0.0447363
13	-0.0423501	0.0139443	0.0445867
13.2	-0.0422836	0.0140783	0.0445657
13.4	-0.0429591	0.0143436	0.0452904
13.6	-0.0440464	0.014891	0.0464954
13.8	-0.0447795	0.0155486	0.0474021
14	-0.0448637	0.0160277	0.0476408
14.2	-0.044772	0.0162594	0.047633
14.4	-0.0451475	0.0164703	0.048058
14.6	-0.0460636	0.016912	0.0490701
14.8	-0.0469845	0.0175676	0.0501614
15	-0.047417	0.0181796	0.0507826
15.2	-0.0474668	0.0185562	0.050965
15.4	-0.0476766	0.0187901	0.0512457
15.6	-0.0483772	0.0191415	0.0520264
15.8	-0.0493249	0.0197327	0.0531256
16	-0.0500222	0.0204123	0.0540267
16.2	-0.0503045	0.0209388	0.0544884
16.4	-0.050501	0.0212613	0.0547941
16.6	-0.0510216	0.0215717	0.0553944
16.8	-0.0518863	0.0220758	0.0563873
17	-0.0527344	0.0227552	0.0574345
17.2	-0.0532626	0.0233966	0.0581748
17.4	-0.0535624	0.0238442	0.05863
17.6	-0.0539867	0.0241778	0.0591534
17.8	-0.0547311	0.024611	0.06001
18	-0.0556242	0.0252407	0.0610831
18.2	-0.0563495	0.0259404	0.0620336
18.4	-0.0568157	0.0265148	0.0626981
18.6	-0.0572428	0.0269262	0.0632595
18.8	-0.0578882	0.0273314	0.064016
19	-0.0587524	0.0278938	0.0650378
19.2	-0.0596	0.0285961	0.0661052
19.4	-0.0602443	0.0292675	0.0669774
19.6	-0.0607541	0.0297857	0.0676627
19.8	-0.0613546	0.0302153	0.0683912
20	-0.0621622	0.0307255	0.0693412
20.2	-0.063062	0.0313918	0.0704433
20.4	-0.0638557	0.0321137	0.0714762
20.6	-0.0644918	0.0327379	0.0723254
20.8	-0.0651119	0.0332357	0.0731039
21	-0.0658756	0.0337301	0.0740089
21.2	-0.0667794	0.034348	0.0750951
21.4	-0.0676743	0.0350759	0.0762242
21.6	-0.0684455	0.0357811	0.0772339
21.8	-0.0691385	0.0363695	0.0781209
22	-0.0698945	0.0368903	0.0790325
22.2	-0.070784	0.0374737	0.0800915
22.4	-0.0717343	0.0381783	0.0812613
22.6	-0.072623	0.0389281	0.0823984
22.8	-0.073419	0.0396055	0.0834203
23	-0.0742101	0.0401878	0.0843931
23.2	-0.0750945	0.0407677	0.085447
23.4	-0.0760706	0.0414428	0.086627
23.6	-0.0770471	0.0422042	0.0878491
23.8	-0.0779534	0.0429527	0.0890037
24	-0.0788163	0.0436161	0.0900798
24.2	-0.0797223	0.0442302	0.09117
24.4	-0.0807161	0.0448931	0.0923606
24.6	-0.0817547	0.045651	0.0936368
24.8	-0.0827637	0.0464493	0.0949072
25	-0.083723	0.0472007	0.0961116
25.2	-0.0846848	0.0478864	0.0972863
25.4	-0.0857098	0.0485751	0.0985175
25.6	-0.0867999	0.0493413	0.0998438
25.8	-0.0879016	0.0501823	0.101217
26	-0.0889716	0.0510269	0.102566
26.2	-0.090024	0.0518213	0.103874
26.4	-0.0911111	0.0525911	0.1052
26.6	-0.0922626	0.0534097	0.106607
26.8	-0.093456	0.0543155	0.108093
27	-0.0946474	0.0552726	0.109605
27.2	-0.095823	0.0562185	0.111097
27.4	-0.0970128	0.0571391	0.112589
27.6	-0.0982545	0.0580845	0.114139
27.8	-0.099553	0.0591125	0.11578
28	-0.100879	0.0602264	0.117489
28.2	-0.102205	0.0613774	0.119219
28.4	-0.103538	0.0625268	0.120954
28.6	-0.104909	0.0636918	0.122729
28.8	-0.106336	0.064927	0.124591
29	-0.10781	0.0662638	0.126546
29.2	-0.109305	0.06768	0.128562
29.4	-0.11081	0.0691311	0.130606
29.6	-0.11234	0.0706044	0.132685
29.8	-0.113917	0.0721342	0.134835
30	-0.115546	0.0737627	0.137083
30.2	-0.117211	0.0754942	0.139419
30.4	-0.118892	0.077294	0.141808
30.6	-0.120589	0.0791312	0.144234
30.8	-0.122318	0.0810133	0.146714
31	-0.12409	0.0829758	0.149276
31.2	-0.125899	0.0850405	0.151929
31.4	-0.127729	0.0871906	0.154651
31.6	-0.129568	0.089391	0.157412
31.8	-0.13142	0.0916264	0.160208
32	-0.133297	0.0939148	0.163058
32.2	-0.1352	0.0962822	0.16598
32.4	-0.137119	0.0987298	0.168965
32.6	-0.13904	0.10123	0.171987
32.8	-0.140957	0.103755	0.175026
33	-0.142876	0.106302	0.178083
33.2	-0.144801	0.108893	0.181177
33.4	-0.14673	0.111537	0.18431
33.6	-0.148651	0.114223	0.187467
33.8	-0.150553	0.116921	0.190622
34	-0.152436	0.119614	0.193763
34.2	-0.154302	0.12231	0.196899
34.4	-0.156155	0.125024	0.200038
34.6	-0.157987	0.127754	0.203177
34.8	-0.159788	0.130481	0.206295
35	-0.161552	0.133182	0.209372
35.2	-0.163281	0.135851	0.212406
35.4	-0.164977	0.138498	0.215405
35.6	-0.166639	0.141132	0.218373
35.8	-0.16826	0.143744	0.221301
36	-0.169834	0.146314	0.224168
36.2	-0.171357	0.148826	0.226964
36.4	-0.172832	0.151285	0.229692
36.6	-0.174261	0.153701	0.232359
36.8	-0.175641	0.156074	0.234965
37	-0.176967	0.158391	0.237498
37.2	-0.178235	0.160638	0.239943
37.4	-0.179445	0.16281	0.242296
37.6	-0.180598	0.164912	0.244565
37.8	-0.181698	0.166954	0.246754
38	-0.182741	0.16893	0.248861
38.2	-0.183723	0.17083	0.250872
38.4	-0.184642	0.172643	0.252781
38.6	-0.185501	0.174371	0.25459
38.8	-0.186302	0.176023	0.256306
39	-0.187046	0.177603	0.257932
39.2	-0.187732	0.179104	0.259464
39.4	-0.188356	0.180517	0.260891
39.6	-0.188919	0.181839	0.262213
39.8	-0.189424	0.183077	0.263436
40	-0.189873	0.184236	0.264566
40.2	-0.190268	0.185319	0.265603
40.4	-0.190607	0.186318	0.266543
40.6	-0.190888	0.187229	0.267381
40.8	-0.191114	0.188053	0.26812
41	-0.191288	0.188797	0.268767
41.2	-0.191413	0.189468	0.269327
41.4	-0.191489	0.190063	0.269799
41.6	-0.191514	0.190577	0.27018
41.8	-0.19149	0.19101	0.270468
42	-0.191418	0.191366	0.270669
42.2	-0.191304	0.191652	0.270791
42.4	-0.191148	0.191871	0.270836
42.6	-0.19095	0.192021	0.270803
42.8	-0.190711	0.192099	0.270689
43	-0.190431	0.192108	0.270498
43.2	-0.190114	0.192052	0.270236
43.4	-0.189764	0.191938	0.269909
43.6	-0.18938	0.191767	0.269517
43.8	-0.188964	0.191537	0.269061
44	-0.188515	0.191247	0.268539
44.2	-0.188036	0.190901	0.267956
44.4	-0.187529	0.190506	0.267319
44.6	-0.186998	0.190064	0.266632
44.8	-0.186443	0.189575	0.265894
45	-0.185863	0.18904	0.265106
45.2	-0.18526	0.188458	0.264268
45.4	-0.184637	0.187835	0.263387
45.6	-0.183996	0.187175	0.262467
45.8	-0.183338	0.186481	0.261511
46	-0.182663	0.185751	0.260517
46.2	-0.181972	0.184986	0.259488
46.4	-0.181267	0.184189	0.258424
46.6	-0.180549	0.183363	0.257333
46.8	-0.179822	0.182513	0.256216
47	-0.179084	0.181638	0.255075
47.2	-0.178336	0.180738	0.25391
47.4	-0.17758	0.179815	0.252721
47.6	-0.176816	0.178872	0.251513
47.8	-0.176046	0.177911	0.250289
48	-0.175273	0.176935	0.249051
48.2	-0.174494	0.175944	0.247799
48.4	-0.173712	0.174937	0.246534
48.6	-0.172926	0.173917	0.245256
48.8	-0.172139	0.172886	0.24397
49	-0.171351	0.171847	0.242678
49.2	-0.170563	0.1708	0.24138
49.4	-0.169775	0.169746	0.240077
49.6	-0.168986	0.168684	0.238769
49.8	-0.168199	0.167617	0.237458
50	-0.167414	0.166546	0.236146
50.2	-0.166633	0.165473	0.234836
50.4	-0.165854	0.164399	0.233527
50.6	-0.165078	0.163323	0.232218
50.8	-0.164305	0.162246	0.230911
51	-0.163536	0.161169	0.229608
51.2	-0.162773	0.160094	0.228309
51.4	-0.162014	0.159023	0.227017
51.6	-0.16126	0.157953	0.22573
51.8	-0.160512	0.156886	0.224449
52	-0.159768	0.155823	0.223174
52.2	-0.15903	0.154764	0.221906
52.4	-0.158299	0.153711	0.220648
52.6	-0.157574	0.152663	0.219399
52.8	-0.156856	0.151621	0.218158
53	-0.156143	0.150585	0.216925
53.2	-0.155437	0.149555	0.215702
53.4	-0.154737	0.148532	0.214489
53.6	-0.154045	0.147517	0.213287
53.8	-0.15336	0.14651	0.212095
54	-0.152681	0.14551	0.210914
54.2	-0.152009	0.144517	0.209743
54.4	-0.151344	0.143533	0.208583
54.6	-0.150686	0.142558	0.207434
54.8	-0.150036	0.141591	0.206298
55	-0.149392	0.140633	0.205172
55.2	-0.148755	0.139684	0.204058
55.4	-0.148124	0.138743	0.202954
55.6	-0.147501	0.137811	0.201862
55.8	-0.146885	0.136889	0.200783
56	-0.146276	0.135976	0.199715
56.2	-0.145673	0.135071	0.198658
56.4	-0.145077	0.134176	0.197612
56.6	-0.144488	0.13329	0.196578
56.8	-0.143905	0.132413	0.195555
57	-0.143329	0.131546	0.194544
57.2	-0.14276	0.130687	0.193545
57.4	-0.142196	0.129838	0.192556
57.6	-0.141639	0.128998	0.191578
57.8	-0.141088	0.128166	0.190611
58	-0.140544	0.127344	0.189655
58.2	-0.140005	0.126531	0.18871
58.4	-0.139472	0.125727	0.187776
58.6	-0.138945	0.124931	0.186852
58.8	-0.138424	0.124144	0.185938
59	-0.137908	0.123366	0.185035
59.2	-0.137399	0.122597	0.184142
59.4	-0.136894	0.121836	0.18326
59.6	-0.136395	0.121084	0.182387
59.8	-0.135901	0.120339	0.181523
60	-0.135412	0.119603	0.18067
60.2	-0.134929	0.118875	0.179826
60.4	-0.134451	0.118156	0.178991
60.6	-0.133977	0.117444	0.178166
60.8	-0.133508	0.11674	0.177349
61	-0.133044	0.116044	0.176542
61.2	-0.132584	0.115356	0.175743
61.4	-0.13213	0.114675	0.174953
61.6	-0.131679	0.114002	0.174172
61.8	-0.131233	0.113336	0.173399
62	-0.130791	0.112677	0.172634
62.2	-0.130353	0.112025	0.171877
62.4	-0.12992	0.111381	0.171128
62.6	-0.129491	0.110743	0.170387
62.8	-0.129065	0.110113	0.169654
63	-0.128643	0.109489	0.168929
63.2	-0.128225	0.108872	0.16821
63.4	-0.127811	0.108261	0.167499
63.6	-0.1274	0.107657	0.166796
63.8	-0.126993	0.107059	0.166099
64	-0.12659	0.106468	0.16541
64.2	-0.126189	0.105883	0.164727
64.4	-0.125793	0.105304	0.164051
64.6	-0.125399	0.104731	0.163381
64.8	-0.125009	0.104164	0.162719
65	-0.124621	0.103603	0.162062
65.2	-0.124237	0.103048	0.161412
65.4	-0.123856	0.102498	0.160768
65.6	-0.123478	0.101954	0.160129
65.8	-0.123103	0.101416	0.159497
66	-0.12273	0.100883	0.158871
66.2	-0.12236	0.100355	0.15825
66.4	-0.121993	0.0998328	0.157635
66.6	-0.121629	0.0993156	0.157026
66.8	-0.121267	0.0988037	0.156422
67	-0.120908	0.0982968	0.155824
67.2	-0.120551	0.097795	0.15523
67.4	-0.120197	0.0972981	0.154642
67.6	-0.119845	0.0968059	0.154059
67.8	-0.119495	0.0963186	0.153481
68	-0.119148	0.095836	0.152908
68.2	-0.118803	0.0953581	0.15234
68.4	-0.118461	0.0948848	0.151776
68.6	-0.11812	0.094416	0.151217
68.8	-0.117782	0.0939516	0.150663
69	-0.117445	0.0934916	0.150113
69.2	-0.117111	0.093036	0.149568
69.4	-0.116779	0.0925847	0.149028
69.6	-0.116448	0.0921376	0.148491
69.8	-0.11612	0.0916946	0.147959
70	-0.115794	0.0912556	0.147431
70.2	-0.115469	0.0908208	0.146907
70.4	-0.115146	0.09039	0.146387
70.6	-0.114825	0.0899631	0.145871
70.8	-0.114506	0.0895401	0.145359
71	-0.114189	0.0891209	0.14485
71.2	-0.113873	0.0887055	0.144346
71.4	-0.113559	0.0882938	0.143845
71.6	-0.113247	0.0878858	0.143348
71.8	-0.112936	0.0874815	0.142855
72	-0.112627	0.0870806	0.142365
72.2	-0.112319	0.0866833	0.141879
72.4	-0.112013	0.0862895	0.141396
72.6	-0.111709	0.0858992	0.140917
72.8	-0.111406	0.0855122	0.140441
73	-0.111104	0.0851286	0.139968
73.2	-0.110804	0.0847483	0.139498
73.4	-0.110505	0.0843712	0.139032
73.6	-0.110208	0.0839974	0.138569
73.8	-0.109912	0.0836267	0.138109
74	-0.109618	0.0832592	0.137652
74.2	-0.109325	0.0828947	0.137198
74.4	-0.109033	0.0825333	0.136748
74.6	-0.108742	0.0821749	0.1363
74.8	-0.108453	0.0818194	0.135855
75	-0.108165	0.0814669	0.135413
75.2	-0.107878	0.0811173	0.134973
75.4	-0.107593	0.0807705	0.134537
75.6	-0.107309	0.0804266	0.134103
75.8	-0.107026	0.0800854	0.133672
76	-0.106744	0.079747	0.133244
76.2	-0.106463	0.0794112	0.132818
76.4	-0.106184	0.0790782	0.132395
76.6	-0.105905	0.0787477	0.131974
76.8	-0.105628	0.0784199	0.131556
77	-0.105352	0.0780946	0.131141
77.2	-0.105077	0.0777719	0.130728
77.4	-0.104803	0.0774516	0.130317
77.6	-0.104531	0.0771338	0.129909
77.8	-0.104259	0.0768185	0.129503
78	-0.103989	0.0765055	0.1291
78.2	-0.103719	0.0761949	0.128699
78.4	-0.103451	0.0758867	0.1283
78.6	-0.103183	0.0755807	0.127903
78.8	-0.102917	0.075277	0.127509
79	-0.102652	0.0749756	0.127117
79.2	-0.102387	0.0746764	0.126727
79.4	-0.102124	0.0743793	0.126339
79.6	-0.101862	0.0740844	0.125954
79.8	-0.101601	0.0737917	0.12557
80	-0.10134	0.073501	0.125189
80.2	-0.101081	0.0732124	0.12481
80.4	-0.100823	0.0729258	0.124432
80.6	-0.100565	0.0726413	0.124057
80.8	-0.100309	0.0723587	0.123684
81	-0.100054	0.0720781	0.123313
81.2	-0.0997994	0.0717994	0.122943
81.4	-0.099546	0.0715226	0.122576
81.6	-0.0992935	0.0712477	0.122211
81.8	-0.099042	0.0709747	0.121847
82	-0.0987914	0.0707035	0.121486
82.2	-0.0985418	0.070434	0.121126
82.4	-0.0982932	0.0701664	0.120768
82.6	-0.0980455	0.0699005	0.120412
82.8	-0.0977987	0.0696364	0.120058
83	-0.0975529	0.069374	0.119705
83.2	-0.097308	0.0691132	0.119354
83.4	-0.0970641	0.0688541	0.119006
83.6	-0.0968211	0.0685967	0.118658
83.8	-0.096579	0.0683408	0.118313
84	-0.0963379	0.0680866	0.117969
84.2	-0.0960977	0.0678339	0.117627
84.4	-0.0958585	0.0675828	0.117287
84.6	-0.0956202	0.0673333	0.116949
84.8	-0.0953828	0.0670852	0.116612
85	-0.0951463	0.0668386	0.116277
85.2	-0.0949108	0.0665936	0.115943
85.4	-0.0946763	0.0663499	0.115611
85.6	-0.0944426	0.0661077	0.115281
85.8	-0.0942099	0.0658669	0.114952
86	-0.0939782	0.0656275	0.114625
86.2	-0.0937474	0.0653895	0.114299
86.4	-0.0935175	0.0651529	0.113976
86.6	-0.0932886	0.0649176	0.113653
86.8	-0.0930607	0.0646836	0.113332
87	-0.0928337	0.0644509	0.113013
87.2	-0.0926076	0.0642195	0.112696
87.4	-0.0923825	0.0639894	0.11238
87.6	-0.0921583	0.0637606	0.112065
87.8	-0.0919351	0.063533	0.111752
88	-0.0917129	0.0633067	0.111441
88.2	-0.0914917	0.0630815	0.111131
88.4	-0.0912714	0.0628576	0.110822
88.6	-0.091052	0.0626348	0.110515
88.8	-0.0908337	0.0624133	0.11021
89	-0.0906163	0.0621928	0.109906
89.2	-0.0903999	0.0619736	0.109603
89.4	-0.0901845	0.0617555	0.109302
89.6	-0.0899701	0.0615385	0.109003
89.8	-0.0897566	0.0613226	0.108705
90	-0.0895442	0.0611078	0.108408
90.2	-0.0893327	0.060894	0.108113
90.4	-0.0891223	0.0606814	0.107819
90.6	-0.0889128	0.0604698	0.107527
90.8	-0.0887044	0.0602593	0.107236
91	-0.088497	0.0600499	0.106947
91.2	-0.0882905	0.0598414	0.106659
91.4	-0.0880851	0.059634	0.106373
91.6	-0.0878807	0.0594276	0.106088
91.8	-0.0876774	0.0592222	0.105805
92	-0.087475	0.0590178	0.105522
92.2	-0.0872737	0.0588144	0.105242
92.4	-0.0870735	0.058612	0.104963
92.6	-0.0868742	0.0584105	0.104685
92.8	-0.086676	0.05821	0.104409
93	-0.0864789	0.0580105	0.104134
93.2	-0.0862828	0.0578119	0.10386
93.4	-0.0860877	0.0576143	0.103588
93.6	-0.0858937	0.0574176	0.103318
93.8	-0.0857008	0.0572218	0.103048
94	-0.0855089	0.057027	0.102781
94.2	-0.0853181	0.056833	0.102514
94.4	-0.0851283	0.05664	0.102249
94.6	-0.0849396	0.0564479	0.101986
94.8	-0.084752	0.0562567	0.101724
95	-0.0845654	0.0560664	0.101463
95.2	-0.08438	0.055877	0.101204
95.4	-0.0841956	0.0556885	0.100946
95.6	-0.0840123	0.0555009	0.10069
95.8	-0.08383	0.0553141	0.100435
96	-0.0836489	0.0551283	0.100181
96.2	-0.0834689	0.0549433	0.099929
96.4	-0.0832899	0.0547591	0.0996783
96.6	-0.083112	0.0545759	0.0994291
96.8	-0.0829352	0.0543935	0.0991812
97	-0.0827596	0.054212	0.0989348
97.2	-0.082585	0.0540313	0.0986897
97.4	-0.0824115	0.0538515	0.0984461
97.6	-0.0822391	0.0536726	0.098204
97.8	-0.0820678	0.0534945	0.0979632
98	-0.0818976	0.0533173	0.0977239
98.2	-0.0817286	0.0531409	0.097486
98.4	-0.0815606	0.0529654	0.0972495
98.6	-0.0813937	0.0527907	0.0970144
98.8	-0.0812279	0.0526169	0.0967808
99	-0.0810633	0.0524439	0.0965485
99.2	-0.0808997	0.0522718	0.0963177
99.4	-0.0807373	0.0521005	0.0960884
99.6	-0.0805759	0.0519301	0.0958604
99.8	-0.0804157	0.0517605	0.0956339
100	-0.0802566	0.0515918	0.0954088
100.2	-0.0800985	0.0514239	0.0951851
100.4	-0.0799416	0.0512569	0.0949628
100.6	-0.0797858	0.0510907	0.0947419
100.8	-0.0796311	0.0509254	0.0945225
101	-0.0794774	0.0507609	0.0943045
101.2	-0.0793249	0.0505973	0.0940879
101.4	-0.0791735	0.0504345	0.0938727
101.6	-0.0790232	0.0502726	0.0936589
101.8	-0.078874	0.0501115	0.0934466
102	-0.0787258	0.0499512	0.0932356
102.2	-0.0785788	0.0497919	0.0930261
102.4	-0.0784328	0.0496334	0.092818
102.6	-0.078288	0.0494757	0.0926113
102.8	-0.0781442	0.0493189	0.092406
103	-0.0780015	0.0491629	0.0922021
103.2	-0.0778598	0.0490079	0.0919996
103.4	-0.0777193	0.0488536	0.0917985
103.6	-0.0775798	0.0487003	0.0915988
103.8	-0.0774414	0.0485478	0.0914005
104	-0.077304	0.0483961	0.0912036
104.2	-0.0771678	0.0482454	0.0910081
104.4	-0.0770325	0.0480955	0.090814
104.6	-0.0768984	0.0479464	0.0906213
104.8	-0.0767652	0.0477983	0.09043
105	-0.0766332	0.047651	0.09024
105.2	-0.0765021	0.0475046	0.0900514
105.4	-0.0763721	0.047359	0.0898642
105.6	-0.0762432	0.0472143	0.0896784
105.8	-0.0761152	0.0470705	0.0894939
106	-0.0759883	0.0469276	0.0893108
106.2	-0.0758624	0.0467856	0.0891291
106.4	-0.0757375	0.0466444	0.0889487
106.6	-0.0756136	0.0465042	0.0887697
106.8	-0.0754908	0.0463648	0.088592
107	-0.0753689	0.0462263	0.0884157
107.2	-0.075248	0.0460886	0.0882407
107.4	-0.0751281	0.0459519	0.088067
107.6	-0.0750091	0.045816	0.0878947
107.8	-0.0748912	0.0456811	0.0877237
108	-0.0747742	0.045547	0.087554
108.2	-0.0746581	0.0454138	0.0873857
108.4	-0.0745431	0.0452815	0.0872186
108.6	-0.0744289	0.0451501	0.0870528
108.8	-0.0743157	0.0450196	0.0868884
109	-0.0742035	0.0448899	0.0867252
109.2	-0.0740921	0.0447612	0.0865633
109.4	-0.0739817	0.0446333	0.0864027
109.6	-0.0738722	0.0445064	0.0862434
109.8	-0.0737636	0.0443803	0.0860853
110	-0.0736559	0.0442551	0.0859285
110.2	-0.0735491	0.0441308	0.085773
110.4	-0.0734432	0.0440074	0.0856187
110.6	-0.0733381	0.0438849	0.0854656
110.8	-0.073234	0.0437633	0.0853138
111	-0.0731306	0.0436426	0.0851632
111.2	-0.0730282	0.0435227	0.0850138
111.4	-0.0729266	0.0434038	0.0848656
111.6	-0.0728258	0.0432857	0.0847186
111.8	-0.0727258	0.0431685	0.0845729
112	-0.0726267	0.0430523	0.0844283
112.2	-0.0725284	0.0429368	0.0842849
112.4	-0.0724309	0.0428223	0.0841426
112.6	-0.0723342	0.0427087	0.0840015
112.8	-0.0722382	0.0425959	0.0838616
113	-0.0721431	0.042484	0.0837228
113.2	-0.0720487	0.042373	0.0835852
113.4	-0.0719551	0.0422628	0.0834487
113.6	-0.0718623	0.0421535	0.0833133
113.8	-0.0717702	0.0420451	0.083179
114	-0.0716788	0.0419376	0.0830459
114.2	-0.0715882	0.0418309	0.0829138
114.4	-0.0714983	0.0417251	0.0827828
114.6	-0.0714092	0.0416201	0.0826529
114.8	-0.0713207	0.041516	0.0825241
115	-0.0712329	0.0414128	0.0823963
115.2	-0.0711459	0.0413104	0.0822696
115.4	-0.0710595	0.0412088	0.0821439
115.6	-0.0709738	0.0411081	0.0820192
115.8	-0.0708887	0.0410083	0.0818956
116	-0.0708043	0.0409092	0.081773
116.2	-0.0707206	0.040811	0.0816514
116.4	-0.0706375	0.0407137	0.0815307
116.6	-0.0705551	0.0406171	0.0814111
116.8	-0.0704732	0.0405214	0.0812924
117	-0.070392	0.0404265	0.0811747
117.2	-0.0703114	0.0403324	0.081058
117.4	-0.0702314	0.0402391	0.0809422
117.6	-0.070152	0.0401466	0.0808274
117.8	-0.0700732	0.040055	0.0807134
118	-0.069995	0.0399641	0.0806004
118.2	-0.0699173	0.039874	0.0804883
118.4	-0.0698403	0.0397847	0.0803771
118.6	-0.0697637	0.0396962	0.0802668
118.8	-0.0696877	0.0396084	0.0801574
119	-0.0696123	0.0395214	0.0800488
119.2	-0.0695374	0.0394352	0.0799411
119.4	-0.069463	0.0393498	0.0798343
119.6	-0.0693891	0.0392651	0.0797283
119.8	-0.0693158	0.0391811	0.0796231
120	-0.0692429	0.0390979	0.0795187
120.2	-0.0691705	0.0390154	0.0794152
120.4	-0.0690987	0.0389337	0.0793124
120.6	-0.0690273	0.0388527	0.0792105
120.8	-0.0689564	0.0387724	0.0791093
121	-0.068886	0.0386928	0.0790089
121.2	-0.068816	0.038614	0.0789093
121.4	-0.0687465	0.0385358	0.0788105
121.6	-0.0686774	0.0384583	0.0787123
121.8	-0.0686088	0.0383816	0.078615
122	-0.0685406	0.0383055	0.0785183
122.2	-0.0684729	0.03823	0.0784224
122.4	-0.0684055	0.0381553	0.0783272
122.6	-0.0683386	0.0380812	0.0782326
122.8	-0.0682721	0.0380078	0.0781388
123	-0.068206	0.037935	0.0780457
123.2	-0.0681404	0.0378629	0.0779532
123.4	-0.0680751	0.0377914	0.0778614
123.6	-0.0680102	0.0377205	0.0777703
123.8	-0.0679456	0.0376503	0.0776798
124	-0.0678815	0.0375807	0.07759
124.2	-0.0678177	0.0375117	0.0775008
124.4	-0.0677543	0.0374433	0.0774122
124.6	-0.0676913	0.0373755	0.0773242
124.8	-0.0676286	0.0373082	0.0772369
125	-0.0675663	0.0372416	0.0771501
125.2	-0.0675044	0.0371755	0.077064
125.4	-0.0674427	0.0371101	0.0769784
125.6	-0.0673814	0.0370451	0.0768934
125.8	-0.0673205	0.0369808	0.076809
126	-0.0672599	0.0369169	0.0767252
126.2	-0.0671996	0.0368537	0.0766419
126.4	-0.0671396	0.0367909	0.0765591
126.6	-0.06708	0.0367287	0.0764769
126.8	-0.0670206	0.036667	0.0763952
127	-0.0669616	0.0366058	0.0763141
127.2	-0.0669029	0.0365451	0.0762335
127.4	-0.0668445	0.036485	0.0761534
127.6	-0.0667864	0.0364253	0.0760738
127.8	-0.0667286	0.0363661	0.0759947
128	-0.066671	0.0363074	0.0759161
128.2	-0.0666138	0.0362491	0.075838
128.4	-0.0665569	0.0361913	0.0757603
128.6	-0.0665002	0.036134	0.0756832
128.8	-0.0664439	0.0360771	0.0756065
129	-0.0663878	0.0360207	0.0755303
129.2	-0.066332	0.0359647	0.0754546
129.4	-0.0662764	0.0359092	0.0753793
129.6	-0.0662212	0.0358541	0.0753044
129.8	-0.0661662	0.0357994	0.07523
130	-0.0661114	0.0357451	0.0751561
130.2	-0.066057	0.0356912	0.0750825
130.4	-0.0660028	0.0356377	0.0750094
130.6	-0.0659489	0.0355846	0.0749367
130.8	-0.0658952	0.0355319	0.0748645
131	-0.0658418	0.0354796	0.0747927
131.2	-0.0657886	0.0354276	0.0747212
131.4	-0.0657357	0.0353761	0.0746502
131.6	-0.0656831	0.0353249	0.0745796
131.8	-0.0656307	0.035274	0.0745093
132	-0.0655785	0.0352235	0.0744395
132.2	-0.0655267	0.0351733	0.0743701
132.4	-0.065475	0.0351235	0.074301
132.6	-0.0654236	0.0350741	0.0742323
132.8	-0.0653725	0.0350249	0.074164
133	-0.0653216	0.0349761	0.0740961
133.2	-0.0652709	0.0349276	0.0740286
133.4	-0.0652205	0.0348794	0.0739614
133.6	-0.0651704	0.0348315	0.0738946
133.8	-0.0651205	0.0347839	0.0738281
134	-0.0650708	0.0347366	0.073762
134.2	-0.0650214	0.0346896	0.0736963
134.4	-0.0649722	0.0346429	0.0736309
134.6	-0.0649232	0.0345965	0.0735659
134.8	-0.0648745	0.0345503	0.0735012
135	-0.0648261	0.0345045	0.0734369
135.2	-0.0647778	0.0344589	0.0733729
135.4	-0.0647299	0.0344135	0.0733093
135.6	-0.0646821	0.0343685	0.0732459
135.8	-0.0646346	0.0343236	0.073183
136	-0.0645874	0.0342791	0.0731203
136.2	-0.0645404	0.0342347	0.073058
136.4	-0.0644936	0.0341907	0.0729961
136.6	-0.0644471	0.0341468	0.0729345
136.8	-0.0644008	0.0341032	0.0728731
137	-0.0643548	0.0340599	0.0728122
137.2	-0.064309	0.0340167	0.0727515
137.4	-0.0642634	0.0339738	0.0726912
137.6	-0.0642181	0.0339312	0.0726312
137.8	-0.0641731	0.0338887	0.0725715
138	-0.0641282	0.0338464	0.0725122
138.2	-0.0640837	0.0338044	0.0724531
138.4	-0.0640393	0.0337626	0.0723944
138.6	-0.0639953	0.033721	0.072336
138.8	-0.0639514	0.0336796	0.0722779
139	-0.0639079	0.0336384	0.0722202
139.2	-0.0638645	0.0335973	0.0721627
139.4	-0.0638214	0.0335565	0.0721056
139.6	-0.0637786	0.0335159	0.0720488
139.8	-0.063736	0.0334755	0.0719923
140	-0.0636937	0.0334353	0.0719361
140.2	-0.0636516	0.0333952	0.0718802
140.4	-0.0636097	0.0333554	0.0718246
140.6	-0.0635682	0.0333157	0.0717694
140.8	-0.0635268	0.0332762	0.0717145
141	-0.0634857	0.0332369	0.0716598
141.2	-0.0634449	0.0331978	0.0716055
141.4	-0.0634044	0.0331588	0.0715515
141.6	-0.063364	0.03312	0.0714978
141.8	-0.063324	0.0330814	0.0714444
142	-0.0632842	0.033043	0.0713914
142.2	-0.0632446	0.0330048	0.0713386
142.4	-0.0632054	0.0329667	0.0712862
142.6	-0.0631663	0.0329288	0.071234
142.8	-0.0631276	0.032891	0.0711822
143	-0.063089	0.0328534	0.0711307
143.2	-0.0630508	0.032816	0.0710795
143.4	-0.0630128	0.0327788	0.0710286
143.6	-0.0629751	0.0327417	0.070978
143.8	-0.0629376	0.0327048	0.0709277
144	-0.0629004	0.0326681	0.0708778
144.2	-0.0628634	0.0326315	0.0708281
144.4	-0.0628267	0.0325951	0.0707788
144.6	-0.0627903	0.0325588	0.0707298
144.8	-0.0627541	0.0325228	0.0706811
145	-0.0627182	0.0324868	0.0706327
145.2	-0.0626826	0.0324511	0.0705846
145.4	-0.0626472	0.0324155	0.0705368
145.6	-0.0626121	0.0323801	0.0704893
145.8	-0.0625773	0.0323448	0.0704422
146	-0.0625427	0.0323097	0.0703953
146.2	-0.0625083	0.0322748	0.0703488
146.4	-0.0624743	0.03224	0.0703026
146.6	-0.0624405	0.0322054	0.0702567
146.8	-0.0624069	0.032171	0.0702111
147	-0.0623737	0.0321367	0.0701658
147.2	-0.0623407	0.0321026	0.0701208
147.4	-0.0623079	0.0320686	0.0700762
147.6	-0.0622754	0.0320349	0.0700318
147.8	-0.0622432	0.0320012	0.0699878
148	-0.0622112	0.0319678	0.0699441
148.2	-0.0621795	0.0319345	0.0699007
148.4	-0.0621481	0.0319014	0.0698576
148.6	-0.0621169	0.0318685	0.0698148
148.8	-0.0620859	0.0318357	0.0697723
149	-0.0620553	0.0318031	0.0697302
149.2	-0.0620248	0.0317707	0.0696883
149.4	-0.0619947	0.0317385	0.0696468
149.6	-0.0619648	0.0317064	0.0696055
149.8	-0.0619351	0.0316745	0.0695646
150	-0.0619057	0.0316428	0.069524
150.2	-0.0618766	0.0316112	0.0694837
150.4	-0.0618477	0.0315799	0.0694437
150.6	-0.0618191	0.0315487	0.069404
150.8	-0.0617907	0.0315176	0.0693646
151	-0.0617625	0.0314868	0.0693255
151.2	-0.0617347	0.0314562	0.0692868
151.4	-0.061707	0.0314257	0.0692483
151.6	-0.0616796	0.0313954	0.0692101
151.8	-0.0616525	0.0313653	0.0691723
152	-0.0616255	0.0313353	0.0691347
152.2	-0.0615989	0.0313056	0.0690975
152.4	-0.0615725	0.031276	0.0690605
152.6	-0.0615463	0.0312467	0.0690239
152.8	-0.0615203	0.0312175	0.0689875
153	-0.0614946	0.0311885	0.0689515
153.2	-0.0614691	0.0311597	0.0689157
153.4	-0.0614439	0.0311311	0.0688803
153.6	-0.0614188	0.0311026	0.0688451
153.8	-0.061394	0.0310744	0.0688102
154	-0.0613695	0.0310463	0.0687756
154.2	-0.0613452	0.0310185	0.0687414
154.4	-0.061321	0.0309908	0.0687074
154.6	-0.0612971	0.0309634	0.0686736
154.8	-0.0612735	0.0309361	0.0686402
155	-0.06125	0.030909	0.0686071
155.2	-0.0612268	0.0308821	0.0685742
155.4	-0.0612038	0.0308554	0.0685417
155.6	-0.061181	0.0308289	0.0685094
155.8	-0.0611584	0.0308026	0.0684774
156	-0.061136	0.0307765	0.0684456
156.2	-0.0611138	0.0307506	0.0684142
156.4	-0.0610918	0.0307249	0.068383
156.6	-0.06107	0.0306994	0.0683521
156.8	-0.0610485	0.0306741	0.0683214
157	-0.0610271	0.030649	0.068291
157.2	-0.0610059	0.0306241	0.0682609
157.4	-0.0609849	0.0305994	0.0682311
157.6	-0.0609641	0.0305749	0.0682015
157.8	-0.0609435	0.0305506	0.0681722
158	-0.0609231	0.0305265	0.0681431
158.2	-0.0609028	0.0305026	0.0681143
158.4	-0.0608828	0.0304789	0.0680858
158.6	-0.0608629	0.0304554	0.0680575
158.8	-0.0608432	0.0304321	0.0680294
159	-0.0608237	0.030409	0.0680017
159.2	-0.0608043	0.0303861	0.0679741
159.4	-0.0607851	0.0303634	0.0679468
159.6	-0.0607661	0.0303409	0.0679197
159.8	-0.0607473	0.0303185	0.0678929
160	-0.0607286	0.0302964	0.0678663
160.2	-0.0607101	0.0302745	0.06784
160.4	-0.0606917	0.0302528	0.0678138
160.6	-0.0606735	0.0302313	0.0677879
160.8	-0.0606554	0.03021	0.0677623
161	-0.0606375	0.0301889	0.0677368
161.2	-0.0606198	0.0301679	0.0677116
161.4	-0.0606022	0.0301472	0.0676866
161.6	-0.0605847	0.0301267	0.0676618
161.8	-0.0605674	0.0301063	0.0676373
162	-0.0605502	0.0300862	0.0676129
162.2	-0.0605332	0.0300662	0.0675888
162.4	-0.0605163	0.0300464	0.0675649
162.6	-0.0604995	0.0300269	0.0675411
162.8	-0.0604829	0.0300075	0.0675176
163	-0.0604664	0.0299883	0.0674943
163.2	-0.06045	0.0299693	0.0674712
163.4	-0.0604337	0.0299504	0.0674482
163.6	-0.0604176	0.0299318	0.0674255
163.8	-0.0604016	0.0299133	0.0674029
164	-0.0603857	0.0298951	0.0673806
164.2	-0.0603699	0.029877	0.0673584
164.4	-0.0603542	0.0298591	0.0673364
164.6	-0.0603386	0.0298413	0.0673146
164.8	-0.0603232	0.0298238	0.067293
165	-0.0603078	0.0298064	0.0672715
165.2	-0.0602926	0.0297892	0.0672502
165.4	-0.0602775	0.0297722	0.0672291
165.6	-0.0602624	0.0297553	0.0672082
165.8	-0.0602475	0.0297386	0.0671874
166	-0.0602326	0.0297221	0.0671668
166.2	-0.0602179	0.0297058	0.0671463
166.4	-0.0602032	0.0296896	0.067126
166.6	-0.0601887	0.0296736	0.0671059
166.8	-0.0601742	0.0296577	0.0670859
167	-0.0601598	0.029642	0.067066
167.2	-0.0601455	0.0296265	0.0670464
167.4	-0.0601313	0.0296111	0.0670268
167.6	-0.0601172	0.0295959	0.0670074
167.8	-0.0601032	0.0295808	0.0669882
168	-0.0600892	0.0295659	0.066969
168.2	-0.0600753	0.0295511	0.0669501
168.4	-0.0600615	0.0295365	0.0669312
168.6	-0.0600478	0.029522	0.0669125
168.8	-0.0600341	0.0295077	0.0668939
169	-0.0600205	0.0294935	0.0668755
169.2	-0.060007	0.0294794	0.0668571
169.4	-0.0599936	0.0294655	0.0668389
169.6	-0.0599802	0.0294518	0.0668209
169.8	-0.0599669	0.0294381	0.0668029
170	-0.0599536	0.0294246	0.0667851
170.2	-0.0599404	0.0294113	0.0667673
170.4	-0.0599273	0.029398	0.0667497
170.6	-0.0599143	0.0293849	0.0667322
170.8	-0.0599013	0.0293719	0.0667149
171	-0.0598883	0.0293591	0.0666976
171.2	-0.0598755	0.0293463	0.0666804
171.4	-0.0598627	0.0293337	0.0666634
171.6	-0.0598499	0.0293212	0.0666464
171.8	-0.0598372	0.0293088	0.0666295
172	-0.0598246	0.0292965	0.0666128
172.2	-0.059812	0.0292843	0.0665961
172.4	-0.0597994	0.0292723	0.0665796
172.6	-0.0597869	0.0292603	0.0665631
172.8	-0.0597745	0.0292485	0.0665467
173	-0.0597621	0.0292367	0.0665305
173.2	-0.0597498	0.0292251	0.0665143
173.4	-0.0597375	0.0292136	0.0664982
173.6	-0.0597253	0.0292021	0.0664822
173.8	-0.0597131	0.0291908	0.0664662
174	-0.059701	0.0291795	0.0664504
174.2	-0.0596889	0.0291684	0.0664347
174.4	-0.0596769	0.0291573	0.066419
174.6	-0.0596649	0.0291463	0.0664034
174.8	-0.059653	0.0291354	0.0663879
175	-0.0596411	0.0291246	0.0663725
175.2	-0.0596293	0.0291139	0.0663571
175.4	-0.0596175	0.0291032	0.0663419
175.6	-0.0596058	0.0290926	0.0663267
175.8	-0.0595941	0.0290821	0.0663116
176	-0.0595824	0.0290717	0.0662965
176.2	-0.0595708	0.0290614	0.0662816
176.4	-0.0595593	0.0290511	0.0662667
176.6	-0.0595478	0.0290409	0.0662519
176.8	-0.0595363	0.0290308	0.0662371
177	-0.0595249	0.0290207	0.0662224
177.2	-0.0595135	0.0290107	0.0662078
177.4	-0.0595022	0.0290008	0.0661933
177.6	-0.0594909	0.0289909	0.0661788
177.8	-0.0594797	0.0289811	0.0661645
178	-0.0594685	0.0289713	0.0661501
178.2	-0.0594574	0.0289616	0.0661359
178.4	-0.0594463	0.028952	0.0661217
178.6	-0.0594352	0.0289424	0.0661075
178.8	-0.0594242	0.0289329	0.0660935
179	-0.0594133	0.0289234	0.0660795
179.2	-0.0594024	0.0289139	0.0660656
179.4	-0.0593915	0.0289046	0.0660517
179.6	-0.0593807	0.0288952	0.0660379
179.8	-0.05937	0.0288859	0.0660242
180	-0.0593593	0.0288767	0.0660105
180.2	-0.0593486	0.0288675	0.0659969
180.4	-0.059338	0.0288584	0.0659834
180.6	-0.0593274	0.0288493	0.0659699
180.8	-0.0593169	0.0288402	0.0659565
181	-0.0593065	0.0288312	0.0659431
181.2	-0.0592961	0.0288222	0.0659298
181.4	-0.0592857	0.0288132	0.0659166
181.6	-0.0592754	0.0288043	0.0659035
181.8	-0.0592652	0.0287954	0.0658904
182	-0.059255	0.0287866	0.0658773
182.2	-0.0592448	0.0287778	0.0658644
182.4	-0.0592348	0.028769	0.0658515
182.6	-0.0592247	0.0287603	0.0658386
182.8	-0.0592148	0.0287516	0.0658258
183	-0.0592048	0.0287429	0.0658131
183.2	-0.059195	0.0287343	0.0658005
183.4	-0.0591852	0.0287257	0.0657879
183.6	-0.0591754	0.0287171	0.0657754
183.8	-0.0591657	0.0287085	0.0657629
184	-0.0591561	0.0287	0.0657505
184.2	-0.0591465	0.0286915	0.0657382
184.4	-0.059137	0.0286831	0.0657259
184.6	-0.0591275	0.0286746	0.0657137
184.8	-0.0591181	0.0286662	0.0657016
185	-0.0591087	0.0286578	0.0656895
185.2	-0.0590995	0.0286495	0.0656775
185.4	-0.0590902	0.0286412	0.0656656
185.6	-0.0590811	0.0286329	0.0656537
185.8	-0.059072	0.0286246	0.0656419
186	-0.0590629	0.0286163	0.0656302
186.2	-0.059054	0.0286081	0.0656186
186.4	-0.0590451	0.0285999	0.065607
186.6	-0.0590362	0.0285917	0.0655954
186.8	-0.0590274	0.0285836	0.065584
187	-0.0590187	0.0285754	0.0655726
187.2	-0.0590101	0.0285673	0.0655613
187.4	-0.0590015	0.0285593	0.06555
187.6	-0.0589929	0.0285512	0.0655388
187.8	-0.0589845	0.0285432	0.0655277
188	-0.0589761	0.0285352	0.0655167
188.2	-0.0589678	0.0285272	0.0655057
188.4	-0.0589595	0.0285193	0.0654948
188.6	-0.0589513	0.0285113	0.065484
188.8	-0.0589432	0.0285035	0.0654733
189	-0.0589351	0.0284956	0.0654626
189.2	-0.0589272	0.0284877	0.065452
189.4	-0.0589192	0.0284799	0.0654414
189.6	-0.0589114	0.0284721	0.065431
189.8	-0.0589036	0.0284643	0.0654206
190	-0.0588959	0.0284566	0.0654103
190.2	-0.0588882	0.0284489	0.0654
190.4	-0.0588807	0.0284412	0.0653899
190.6	-0.0588732	0.0284336	0.0653798
190.8	-0.0588657	0.0284259	0.0653698
191	-0.0588583	0.0284183	0.0653598
191.2	-0.058851	0.0284107	0.06535
191.4	-0.0588438	0.0284032	0.0653402
191.6	-0.0588367	0.0283957	0.0653305
191.8	-0.0588296	0.0283882	0.0653208
192	-0.0588226	0.0283808	0.0653113
192.2	-0.0588156	0.0283733	0.0653018
192.4	-0.0588087	0.0283659	0.0652924
192.6	-0.0588019	0.0283586	0.065283
192.8	-0.0587952	0.0283513	0.0652738
193	-0.0587885	0.028344	0.0652646
193.2	-0.0587819	0.0283367	0.0652555
193.4	-0.0587754	0.0283295	0.0652465
193.6	-0.0587689	0.0283223	0.0652375
193.8	-0.0587625	0.0283151	0.0652287
194	-0.0587562	0.028308	0.0652199
194.2	-0.0587499	0.0283009	0.0652112
194.4	-0.0587437	0.0282939	0.0652025
194.6	-0.0587376	0.0282869	0.065194
194.8	-0.0587316	0.0282799	0.0651855
195	-0.0587256	0.0282729	0.0651771
195.2	-0.0587197	0.028266	0.0651688
195.4	-0.0587138	0.0282592	0.0651605
195.6	-0.058708	0.0282524	0.0651524
195.8	-0.0587023	0.0282456	0.0651443
196	-0.0586967	0.0282388	0.0651363
196.2	-0.0586911	0.0282321	0.0651283
196.4	-0.0586856	0.0282255	0.0651205
196.6	-0.0586801	0.0282189	0.0651127
196.8	-0.0586747	0.0282123	0.065105
197	-0.0586694	0.0282057	0.0650974
197.2	-0.0586642	0.0281992	0.0650898
197.4	-0.058659	0.0281928	0.0650823
197.6	-0.0586538	0.0281864	0.0650749
197.8	-0.0586488	0.02818	0.0650676
198	-0.0586438	0.0281737	0.0650603
198.2	-0.0586388	0.0281674	0.0650532
198.4	-0.0586339	0.0281612	0.0650461
198.6	-0.0586291	0.028155	0.065039
198.8	-0.0586243	0.0281489	0.0650321
199	-0.0586196	0.0281428	0.0650252
199.2	-0.058615	0.0281368	0.0650184
199.4	-0.0586104	0.0281308	0.0650117
199.6	-0.0586059	0.0281248	0.065005
199.8	-0.0586014	0.028119	0.0649984
200	-0.058597	0.0281131	0.0649919
200.2	-0.0585926	0.0281073	0.0649855
200.4	-0.0585883	0.0281016	0.0649791
200.6	-0.058584	0.0280959	0.0649728
200.8	-0.0585798	0.0280902	0.0649666
201	-0.0585757	0.0280846	0.0649604
201.2	-0.0585716	0.028079	0.0649543
201.4	-0.0585675	0.0280735	0.0649483
201.6	-0.0585635	0.0280681	0.0649423
201.8	-0.0585596	0.0280627	0.0649364
202	-0.0585557	0.0280573	0.0649306
202.2	-0.0585518	0.028052	0.0649248
202.4	-0.058548	0.0280468	0.0649191
202.6	-0.0585443	0.0280416	0.0649135
202.8	-0.0585406	0.0280364	0.064908
203	-0.0585369	0.0280313	0.0649024
203.2	-0.0585333	0.0280263	0.064897
203.4	-0.0585297	0.0280213	0.0648916
203.6	-0.0585262	0.0280164	0.0648863
203.8	-0.0585227	0.0280115	0.0648811
204	-0.0585193	0.0280066	0.0648759
204.2	-0.0585159	0.0280018	0.0648707
204.4	-0.0585125	0.0279971	0.0648657
204.6	-0.0585092	0.0279924	0.0648606
204.8	-0.0585059	0.0279878	0.0648557
205	-0.0585027	0.0279832	0.0648508
205.2	-0.0584995	0.0279786	0.0648459
205.4	-0.0584963	0.0279742	0.0648411
205.6	-0.0584932	0.0279697	0.0648364
205.8	-0.0584901	0.0279653	0.0648317
206	-0.058487	0.027961	0.0648271
206.2	-0.058484	0.0279567	0.0648225
206.4	-0.058481	0.0279525	0.064818
206.6	-0.058478	0.0279483	0.0648135
206.8	-0.0584751	0.0279442	0.0648091
207	-0.0584722	0.0279401	0.0648047
207.2	-0.0584693	0.027936	0.0648004
207.4	-0.0584665	0.027932	0.0647961
207.6	-0.0584637	0.0279281	0.0647918
207.8	-0.0584609	0.0279242	0.0647877
208	-0.0584582	0.0279204	0.0647835
208.2	-0.0584554	0.0279166	0.0647794
208.4	-0.0584527	0.0279128	0.0647754
208.6	-0.0584501	0.0279091	0.0647714
208.8	-0.0584474	0.0279054	0.0647674
209	-0.0584448	0.0279018	0.0647635
209.2	-0.0584422	0.0278983	0.0647596
209.4	-0.0584396	0.0278947	0.0647557
209.6	-0.0584371	0.0278912	0.0647519
209.8	-0.0584345	0.0278878	0.0647482
210	-0.058432	0.0278844	0.0647444
210.2	-0.0584296	0.0278811	0.0647408
210.4	-0.0584271	0.0278777	0.0647371
210.6	-0.0584246	0.0278745	0.0647335
210.8	-0.0584222	0.0278713	0.0647299
211	-0.0584198	0.0278681	0.0647264
211.2	-0.0584174	0.0278649	0.0647229
211.4	-0.058415	0.0278618	0.0647194
211.6	-0.0584127	0.0278588	0.0647159
211.8	-0.0584103	0.0278557	0.0647125
212	-0.058408	0.0278527	0.0647091
212.2	-0.0584057	0.0278498	0.0647058
212.4	-0.0584034	0.0278469	0.0647025
212.6	-0.0584012	0.027844	0.0646992
212.8	-0.0583989	0.0278411	0.0646959
213	-0.0583967	0.0278383	0.0646927
213.2	-0.0583944	0.0278356	0.0646895
213.4	-0.0583922	0.0278328	0.0646863
213.6	-0.05839	0.0278301	0.0646831
213.8	-0.0583878	0.0278274	0.06468
214	-0.0583856	0.0278248	0.0646769
214.2	-0.0583835	0.0278222	0.0646738
214.4	-0.0583813	0.0278196	0.0646708
214.6	-0.0583792	0.0278171	0.0646677
214.8	-0.058377	0.0278146	0.0646647
215	-0.0583749	0.0278121	0.0646618
215.2	-0.0583728	0.0278096	0.0646588
215.4	-0.0583707	0.0278072	0.0646559
215.6	-0.0583686	0.0278048	0.0646529
215.8	-0.0583666	0.0278024	0.06465
216	-0.0583645	0.0278	0.0646472
216.2	-0.0583624	0.0277977	0.0646443
216.4	-0.0583604	0.0277954	0.0646415
216.6	-0.0583584	0.0277931	0.0646387
216.8	-0.0583563	0.0277909	0.0646359
217	-0.0583543	0.0277887	0.0646331
217.2	-0.0583523	0.0277864	0.0646303
217.4	-0.0583503	0.0277843	0.0646276
217.6	-0.0583483	0.0277821	0.0646248
217.8	-0.0583463	0.02778	0.0646221
218	-0.0583444	0.0277778	0.0646194
218.2	-0.0583424	0.0277757	0.0646168
218.4	-0.0583404	0.0277736	0.0646141
218.6	-0.0583385	0.0277716	0.0646115
218.8	-0.0583366	0.0277695	0.0646088
219	-0.0583346	0.0277675	0.0646062
219.2	-0.0583327	0.0277655	0.0646036
219.4	-0.0583308	0.0277635	0.064601
219.6	-0.0583289	0.0277615	0.0645985
219.8	-0.058327	0.0277595	0.0645959
220	-0.0583251	0.0277576	0.0645934
220.2	-0.0583232	0.0277556	0.0645908
220.4	-0.0583214	0.0277537	0.0645883
220.6	-0.0583195	0.0277518	0.0645858
220.8	-0.0583177	0.0277499	0.0645833
221	-0.0583158	0.027748	0.0645809
221.2	-0.058314	0.0277462	0.0645784
221.4	-0.0583122	0.0277443	0.0645759
221.6	-0.0583103	0.0277424	0.0645735
221.8	-0.0583085	0.0277406	0.0645711
222	-0.0583067	0.0277388	0.0645687
222.2	-0.058305	0.0277369	0.0645663
222.4	-0.0583032	0.0277351	0.0645639
222.6	-0.0583014	0.0277333	0.0645615
222.8	-0.0582996	0.0277315	0.0645592
223	-0.0582979	0.0277298	0.0645568
223.2	-0.0582962	0.027728	0.0645545
223.4	-0.0582944	0.0277262	0.0645522
223.6	-0.0582927	0.0277244	0.0645499
223.8	-0.058291	0.0277227	0.0645476
224	-0.0582893	0.0277209	0.0645453
224.2	-0.0582876	0.0277192	0.064543
224.4	-0.058286	0.0277174	0.0645408
224.6	-0.0582843	0.0277157	0.0645385
224.8	-0.0582827	0.027714	0.0645363
225	-0.058281	0.0277123	0.0645341
225.2	-0.0582794	0.0277105	0.0645319
225.4	-0.0582778	0.0277088	0.0645297
225.6	-0.0582762	0.0277071	0.0645275
225.8	-0.0582746	0.0277054	0.0645253
226	-0.058273	0.0277037	0.0645232
226.2	-0.0582714	0.027702	0.064521
226.4	-0.0582699	0.0277003	0.0645189
226.6	-0.0582684	0.0276986	0.0645168
226.8	-0.0582668	0.027697	0.0645147
227	-0.0582653	0.0276953	0.0645126
227.2	-0.0582638	0.0276936	0.0645105
227.4	-0.0582623	0.0276919	0.0645085
227.6	-0.0582609	0.0276902	0.0645064
227.8	-0.0582594	0.0276886	0.0645044
228	-0.058258	0.0276869	0.0645024
228.2	-0.0582566	0.0276852	0.0645004
228.4	-0.0582551	0.0276836	0.0644984
228.6	-0.0582537	0.0276819	0.0644964
228.8	-0.0582524	0.0276803	0.0644945
229	-0.058251	0.0276786	0.0644925
229.2	-0.0582497	0.027677	0.0644906
229.4	-0.0582483	0.0276753	0.0644887
229.6	-0.058247	0.0276737	0.0644868
229.8	-0.0582457	0.027672	0.0644849
230	-0.0582444	0.0276704	0.064483
230.2	-0.0582432	0.0276687	0.0644812
230.4	-0.0582419	0.0276671	0.0644793
230.6	-0.0582407	0.0276654	0.0644775
230.8	-0.0582394	0.0276638	0.0644757
231	-0.0582382	0.0276622	0.0644739
231.2	-0.0582371	0.0276606	0.0644722
231.4	-0.0582359	0.0276589	0.0644704
231.6	-0.0582347	0.0276573	0.0644687
231.8	-0.0582336	0.0276557	0.064467
232	-0.0582325	0.0276541	0.0644653
232.2	-0.0582314	0.0276525	0.0644636
232.4	-0.0582303	0.0276509	0.0644619
232.6	-0.0582293	0.0276492	0.0644603
232.8	-0.0582282	0.0276476	0.0644587
233	-0.0582272	0.027646	0.064457
233.2	-0.0582262	0.0276445	0.0644555
233.4	-0.0582252	0.0276429	0.0644539
233.6	-0.0582242	0.0276413	0.0644523
233.8	-0.0582233	0.0276397	0.0644508
234	-0.0582224	0.0276381	0.0644493
234.2	-0.0582214	0.0276365	0.0644478
234.4	-0.0582205	0.027635	0.0644463
234.6	-0.0582197	0.0276334	0.0644448
234.8	-0.0582188	0.0276319	0.0644434
235	-0.058218	0.0276303	0.064442
235.2	-0.0582171	0.0276288	0.0644405
235.4	-0.0582163	0.0276272	0.0644392
235.6	-0.0582156	0.0276257	0.0644378
235.8	-0.0582148	0.0276241	0.0644364
236	-0.058214	0.0276226	0.0644351
236.2	-0.0582133	0.0276211	0.0644338
236.4	-0.0582126	0.0276196	0.0644325
236.6	-0.0582119	0.0276181	0.0644313
236.8	-0.0582112	0.0276166	0.06443
237	-0.0582106	0.0276151	0.0644288
237.2	-0.05821	0.0276136	0.0644276
237.4	-0.0582093	0.0276122	0.0644264
237.6	-0.0582087	0.0276107	0.0644252
237.8	-0.0582082	0.0276092	0.0644241
238	-0.0582076	0.0276078	0.0644229
238.2	-0.0582071	0.0276063	0.0644218
238.4	-0.0582065	0.0276049	0.0644207
238.6	-0.058206	0.0276035	0.0644197
238.8	-0.0582055	0.0276021	0.0644186
239	-0.0582051	0.0276007	0.0644176
239.2	-0.0582046	0.0275993	0.0644166
239.4	-0.0582042	0.0275979	0.0644156
239.6	-0.0582038	0.0275965	0.0644146
239.8	-0.0582034	0.0275951	0.0644137
240	-0.058203	0.0275938	0.0644128
240.2	-0.0582026	0.0275924	0.0644118
240.4	-0.0582022	0.0275911	0.064411
240.6	-0.0582019	0.0275898	0.0644101
240.8	-0.0582016	0.0275885	0.0644092
241	-0.0582013	0.0275872	0.0644084
241.2	-0.058201	0.0275859	0.0644076
241.4	-0.0582007	0.0275846	0.0644068
241.6	-0.0582005	0.0275833	0.064406
241.8	-0.0582002	0.0275821	0.0644053
242	-0.0582	0.0275808	0.0644045
242.2	-0.0581998	0.0275796	0.0644038
242.4	-0.0581996	0.0275784	0.0644031
242.6	-0.0581995	0.0275772	0.0644025
242.8	-0.0581993	0.027576	0.0644018
243	-0.0581991	0.0275748	0.0644012
243.2	-0.058199	0.0275736	0.0644005
243.4	-0.0581989	0.0275725	0.0643999
243.6	-0.0581988	0.0275713	0.0643993
243.8	-0.0581987	0.0275702	0.0643988
244	-0.0581986	0.0275691	0.0643982
244.2	-0.0581985	0.027568	0.0643977
244.4	-0.0581985	0.0275669	0.0643972
244.6	-0.0581985	0.0275658	0.0643967
244.8	-0.0581984	0.0275647	0.0643962
245	-0.0581984	0.0275637	0.0643957
245.2	-0.0581984	0.0275626	0.0643953
245.4	-0.0581984	0.0275616	0.0643949
245.6	-0.0581984	0.0275606	0.0643945
245.8	-0.0581985	0.0275596	0.0643941
246	-0.0581985	0.0275586	0.0643937
246.2	-0.0581986	0.0275577	0.0643933
246.4	-0.0581986	0.0275567	0.064393
246.6	-0.0581987	0.0275558	0.0643926
246.8	-0.0581988	0.0275548	0.0643923
247	-0.0581989	0.0275539	0.064392
247.2	-0.058199	0.027553	0.0643917
247.4	-0.0581991	0.0275521	0.0643915
247.6	-0.0581993	0.0275513	0.0643912
247.8	-0.0581994	0.0275504	0.0643909
248	-0.0581995	0.0275496	0.0643907
248.2	-0.0581997	0.0275487	0.0643905
248.4	-0.0581998	0.0275479	0.0643903
248.6	-0.0582	0.0275471	0.0643901
248.8	-0.0582002	0.0275463	0.0643899
249	-0.0582004	0.0275456	0.0643898
249.2	-0.0582006	0.0275448	0.0643896
249.4	-0.0582008	0.0275441	0.0643895
249.6	-0.058201	0.0275433	0.0643893
249.8	-0.0582012	0.0275426	0.0643892
