# Time	Value
50.2	-0.0108857
50.4	-0.00952354
50.6	-0.00822653
50.8	-0.0069995
51	-0.00584859
51.2	-0.00477688
51.4	-0.00378641
51.6	-0.00288053
51.8	-0.00206102
52	-0.00132885
52.2	-0.000684973
52.4	-0.000130082
52.6	0.000335352
52.8	0.000710795
53	0.000996127
53.2	0.00119102
53.4	0.00129542
53.6	0.00130874
53.8	0.00123055
54	0.00106112
54.2	0.000799756
54.4	0.000446671
54.6	2.79001e-06
54.8	-0.000531505
55	-0.00115447
55.2	-0.00186466
55.4	-0.00265706
55.6	-0.00352809
55.8	-0.00447227
56	-0.00548337
56.2	-0.00655278
56.4	-0.00767036
56.6	-0.00882582
56.8	-0.0100061
57	-0.0111992
57.2	-0.01239
57.4	-0.013563
57.6	-0.0147036
57.8	-0.015797
58	-0.016829
58.2	-0.0177855
58.4	-0.0186538
58.6	-0.0194228
58.8	-0.0200827
59	-0.020626
59.2	-0.0210468
59.4	-0.0213418
59.6	-0.0215098
59.8	-0.0215516
60	-0.0214701
60.2	-0.0212708
60.4	-0.0209601
60.6	-0.0205464
60.8	-0.0200395
61	-0.0194507
61.2	-0.0187912
61.4	-0.0180733
61.6	-0.0173096
61.8	-0.016512
62	-0.0156926
62.2	-0.014863
62.4	-0.0140337
62.6	-0.0132143
62.8	-0.0124134
63	-0.0116389
63.2	-0.0108975
63.4	-0.0101939
63.6	-0.00953235
63.8	-0.00891652
64	-0.00834893
64.2	-0.00783041
64.4	-0.00736112
64.6	-0.00694148
64.8	-0.00657114
65	-0.00624925
65.2	-0.00597476
65.4	-0.00574657
65.6	-0.00556352
65.8	-0.00542463
66	-0.00532878
66.2	-0.00527485
66.4	-0.00526201
66.6	-0.00528957
66.8	-0.0053568
67	-0.00546309
67.2	-0.00560786
67.4	-0.00579063
67.6	-0.00601071
67.8	-0.00626731
68	-0.00655945
68.2	-0.00688589
68.4	-0.00724512
68.6	-0.0076353
68.8	-0.00805433
69	-0.00849964
69.2	-0.00896758
69.4	-0.0094543
69.6	-0.00995549
69.8	-0.0104663
70	-0.0109816
70.2	-0.0114956
70.4	-0.0120022
70.6	-0.0124945
70.8	-0.0129661
71	-0.0134107
71.2	-0.0138219
71.4	-0.0141935
71.6	-0.0145205
71.8	-0.0147984
72	-0.0150232
72.2	-0.0151919
72.4	-0.0153023
72.6	-0.0153536
72.8	-0.0153458
73	-0.0152801
73.2	-0.0151591
73.4	-0.014986
73.6	-0.0147651
73.8	-0.0145013
74	-0.0142002
74.2	-0.0138679
74.4	-0.0135107
74.6	-0.0131352
74.8	-0.0127479
75	-0.0123549
75.2	-0.0119624
75.4	-0.0115758
75.6	-0.0112004
75.8	-0.0108403
76	-0.0104992
76.2	-0.0101802
76.4	-0.00988599
76.6	-0.00961844
76.8	-0.00937878
77	-0.00916769
77.2	-0.00898534
77.4	-0.00883152
77.6	-0.00870564
77.8	-0.00860687
78	-0.00853413
78.2	-0.0084862
78.4	-0.00846179
78.6	-0.00845955
78.8	-0.00847816
79	-0.00851632
79.2	-0.00857289
79.4	-0.00864674
79.6	-0.00873694
79.8	-0.00884239
80	-0.00896203
80.2	-0.0090949
80.4	-0.00924008
80.6	-0.00939665
80.8	-0.00956362
81	-0.00974001
81.2	-0.00992469
81.4	-0.0101165
81.6	-0.0103141
81.8	-0.0105162
82	-0.0107211
82.2	-0.0109272
82.4	-0.0111328
82.6	-0.0113358
82.8	-0.0115344
83	-0.0117262
83.2	-0.011909
83.4	-0.0120806
83.6	-0.0122388
83.8	-0.0123815
84	-0.0125068
84.2	-0.012613
84.4	-0.0126986
84.6	-0.0127622
84.8	-0.0128029
85	-0.0128199
85.2	-0.0128133
85.4	-0.0127833
85.6	-0.0127305
85.8	-0.012656
86	-0.0125613
86.2	-0.0124482
86.4	-0.0123189
86.6	-0.0121756
86.8	-0.012021
87	-0.011858
87.2	-0.0116893
87.4	-0.0115176
87.6	-0.0113458
87.8	-0.0111764
88	-0.0110119
88.2	-0.0108546
88.4	-0.0107066
88.6	-0.0105697
88.8	-0.0104452
89	-0.0103344
89.2	-0.010238
89.4	-0.0101566
89.6	-0.0100905
89.8	-0.0100396
90	-0.0100038
90.2	-0.00998248
90.4	-0.00997515
90.6	-0.00998106
90.8	-0.00999935
91	-0.0100291
91.2	-0.0100694
91.4	-0.0101193
91.6	-0.0101777
91.8	-0.010244
92	-0.010317
92.2	-0.0103958
92.4	-0.0104794
92.6	-0.010567
92.8	-0.0106578
93	-0.010751
93.2	-0.0108459
93.4	-0.0109419
93.6	-0.0110381
93.8	-0.0111339
94	-0.0112287
94.2	-0.0113218
94.4	-0.0114124
94.6	-0.0114999
94.8	-0.0115836
95	-0.0116628
95.2	-0.0117368
95.4	-0.0118048
95.6	-0.0118661
95.8	-0.0119202
96	-0.0119662
96.2	-0.0120037
96.4	-0.0120322
96.6	-0.0120513
96.8	-0.0120607
97	-0.0120604
97.2	-0.0120504
97.4	-0.0120308
97.6	-0.0120019
97.8	-0.011964
98	-0.0119178
98.2	-0.0118638
98.4	-0.011803
98.6	-0.0117362
98.8	-0.0116645
99	-0.011589
99.2	-0.0115109
99.4	-0.0114314
99.6	-0.0113518
99.8	-0.0112733
100	-0.0111971
100.2	-0.0111243
100.4	-0.0110559
100.6	-0.0109929
100.8	-0.010936
101	-0.0108861
101.2	-0.0108436
101.4	-0.010809
101.6	-0.0107825
101.8	-0.0107642
102	-0.0107542
102.2	-0.0107523
102.4	-0.0107583
102.6	-0.0107717
102.8	-0.0107923
103	-0.0108194
103.2	-0.0108526
103.4	-0.0108913
103.6	-0.0109348
103.8	-0.0109825
104	-0.0110336
104.2	-0.0110876
104.4	-0.0111437
104.6	-0.0112012
104.8	-0.0112596
105	-0.0113183
105.2	-0.0113767
105.4	-0.0114344
105.6	-0.0114908
105.8	-0.0115456
106	-0.0115983
106.2	-0.0116485
106.4	-0.0116959
106.6	-0.0117402
106.8	-0.011781
107	-0.0118181
107.2	-0.0118511
107.4	-0.0118798
107.6	-0.0119041
107.8	-0.0119237
108	-0.0119385
108.2	-0.0119485
108.4	-0.0119536
108.6	-0.0119537
108.8	-0.011949
109	-0.0119394
109.2	-0.0119252
109.4	-0.0119065
109.6	-0.0118835
109.8	-0.0118566
110	-0.011826
110.2	-0.0117923
110.4	-0.0117558
110.6	-0.0117171
110.8	-0.0116766
111	-0.011635
111.2	-0.0115927
111.4	-0.0115505
111.6	-0.011509
111.8	-0.0114686
112	-0.01143
112.2	-0.0113937
112.4	-0.0113602
112.6	-0.0113301
112.8	-0.0113036
113	-0.0112812
113.2	-0.0112631
113.4	-0.0112495
113.6	-0.0112406
113.8	-0.0112365
114	-0.0112371
114.2	-0.0112424
114.4	-0.0112523
114.6	-0.0112665
114.8	-0.0112848
115	-0.011307
115.2	-0.0113326
115.4	-0.0113614
115.6	-0.011393
115.8	-0.011427
116	-0.0114628
116.2	-0.0115001
116.4	-0.0115384
116.6	-0.0115772
116.8	-0.0116162
117	-0.011655
117.2	-0.0116931
117.4	-0.0117302
117.6	-0.0117661
117.8	-0.0118003
118	-0.0118327
118.2	-0.0118629
118.4	-0.0118908
118.6	-0.0119162
118.8	-0.011939
119	-0.0119589
119.2	-0.0119759
119.4	-0.01199
119.6	-0.012001
119.8	-0.012009
120	-0.0120139
120.2	-0.0120159
120.4	-0.0120148
120.6	-0.0120109
120.8	-0.0120041
121	-0.0119947
121.2	-0.0119827
121.4	-0.0119684
121.6	-0.0119519
121.8	-0.0119335
122	-0.0119135
122.2	-0.0118919
122.4	-0.0118693
122.6	-0.0118458
122.8	-0.0118217
123	-0.0117974
123.2	-0.0117732
123.4	-0.0117494
123.6	-0.0117263
123.8	-0.0117043
124	-0.0116836
124.2	-0.0116645
124.4	-0.0116473
124.6	-0.0116321
124.8	-0.0116193
125	-0.0116089
125.2	-0.0116012
125.4	-0.0115962
125.6	-0.011594
125.8	-0.0115946
126	-0.011598
126.2	-0.0116042
126.4	-0.011613
126.6	-0.0116244
126.8	-0.0116382
127	-0.0116543
127.2	-0.0116724
127.4	-0.0116923
127.6	-0.0117139
127.8	-0.0117368
128	-0.0117607
128.2	-0.0117855
128.4	-0.0118107
128.6	-0.0118362
128.8	-0.0118617
129	-0.0118869
129.2	-0.0119116
129.4	-0.0119354
129.6	-0.0119584
129.8	-0.0119801
130	-0.0120005
130.2	-0.0120194
130.4	-0.0120367
130.6	-0.0120523
130.8	-0.012066
131	-0.0120779
131.2	-0.0120878
131.4	-0.0120957
131.6	-0.0121016
131.8	-0.0121056
132	-0.0121077
132.2	-0.0121078
132.4	-0.0121061
132.6	-0.0121027
132.8	-0.0120976
133	-0.0120909
133.2	-0.0120828
133.4	-0.0120733
133.6	-0.0120627
133.8	-0.0120511
134	-0.0120387
134.2	-0.0120256
134.4	-0.0120119
134.6	-0.011998
134.8	-0.0119839
135	-0.0119699
135.2	-0.011956
135.4	-0.0119426
135.6	-0.0119298
135.8	-0.0119178
136	-0.0119066
136.2	-0.0118965
136.4	-0.0118876
136.6	-0.01188
136.8	-0.0118739
137	-0.0118693
137.2	-0.0118662
137.4	-0.0118648
137.6	-0.011865
137.8	-0.0118669
138	-0.0118704
138.2	-0.0118756
138.4	-0.0118823
138.6	-0.0118905
138.8	-0.0119001
139	-0.0119111
139.2	-0.0119232
139.4	-0.0119364
139.6	-0.0119505
139.8	-0.0119653
140	-0.0119808
140.2	-0.0119966
140.4	-0.0120128
140.6	-0.012029
140.8	-0.0120452
141	-0.0120612
141.2	-0.0120768
141.4	-0.0120919
141.6	-0.0121063
141.8	-0.01212
142	-0.0121328
142.2	-0.0121446
142.4	-0.0121554
142.6	-0.0121651
142.8	-0.0121736
143	-0.012181
143.2	-0.012187
143.4	-0.0121919
143.6	-0.0121955
143.8	-0.0121978
144	-0.012199
144.2	-0.012199
144.4	-0.0121979
144.6	-0.0121957
144.8	-0.0121925
145	-0.0121884
145.2	-0.0121835
145.4	-0.0121779
145.6	-0.0121715
145.8	-0.0121647
146	-0.0121574
146.2	-0.0121497
146.4	-0.0121418
146.6	-0.0121339
146.8	-0.0121259
147	-0.012118
147.2	-0.0121103
147.4	-0.0121029
147.6	-0.012096
147.8	-0.0120895
148	-0.0120837
148.2	-0.0120785
148.4	-0.0120741
148.6	-0.0120705
148.8	-0.0120678
149	-0.0120659
149.2	-0.012065
149.4	-0.0120651
149.6	-0.0120662
149.8	-0.0120682
150	-0.0120712
150.2	-0.0120751
150.4	-0.0120799
150.6	-0.0120856
150.8	-0.0120921
151	-0.0120994
151.2	-0.0121073
151.4	-0.0121158
151.6	-0.0121249
151.8	-0.0121343
152	-0.0121441
152.2	-0.0121541
152.4	-0.0121642
152.6	-0.0121744
152.8	-0.0121845
153	-0.0121944
153.2	-0.0122041
153.4	-0.0122135
153.6	-0.0122225
153.8	-0.012231
154	-0.0122389
154.2	-0.0122463
154.4	-0.012253
154.6	-0.012259
154.8	-0.0122643
155	-0.0122689
155.2	-0.0122727
155.4	-0.0122758
155.6	-0.0122781
155.8	-0.0122797
156	-0.0122805
156.2	-0.0122806
156.4	-0.0122801
156.6	-0.0122789
156.8	-0.0122772
157	-0.0122749
157.2	-0.0122721
157.4	-0.0122689
157.6	-0.0122653
157.8	-0.0122615
158	-0.0122574
158.2	-0.0122531
158.4	-0.0122488
158.6	-0.0122444
158.8	-0.01224
159	-0.0122357
159.2	-0.0122316
159.4	-0.0122277
159.6	-0.0122241
159.8	-0.0122208
160	-0.0122179
160.2	-0.0122154
160.4	-0.0122133
160.6	-0.0122118
160.8	-0.0122108
161	-0.0122103
161.2	-0.0122104
161.4	-0.012211
161.6	-0.0122122
161.8	-0.012214
162	-0.0122164
162.2	-0.0122193
162.4	-0.0122227
162.6	-0.0122266
162.8	-0.0122309
163	-0.0122357
163.2	-0.0122408
163.4	-0.0122463
163.6	-0.012252
163.8	-0.012258
164	-0.0122642
164.2	-0.0122704
164.4	-0.0122767
164.6	-0.0122831
164.8	-0.0122893
165	-0.0122955
165.2	-0.0123015
165.4	-0.0123073
165.6	-0.0123128
165.8	-0.0123181
166	-0.012323
166.2	-0.0123275
166.4	-0.0123317
166.6	-0.0123354
166.8	-0.0123387
167	-0.0123416
167.2	-0.012344
167.4	-0.012346
167.6	-0.0123475
167.8	-0.0123486
168	-0.0123492
168.2	-0.0123495
168.4	-0.0123493
168.6	-0.0123488
168.8	-0.0123479
169	-0.0123467
169.2	-0.0123453
169.4	-0.0123436
169.6	-0.0123417
169.8	-0.0123396
170	-0.0123374
170.2	-0.0123351
170.4	-0.0123328
170.6	-0.0123305
170.8	-0.0123282
171	-0.012326
171.2	-0.0123239
171.4	-0.012322
171.6	-0.0123202
171.8	-0.0123186
172	-0.0123173
172.2	-0.0123162
172.4	-0.0123154
172.6	-0.0123149
172.8	-0.0123147
173	-0.0123148
173.2	-0.0123153
173.4	-0.0123161
173.6	-0.0123172
173.8	-0.0123187
174	-0.0123204
174.2	-0.0123225
174.4	-0.0123249
174.6	-0.0123275
174.8	-0.0123304
175	-0.0123336
175.2	-0.0123369
175.4	-0.0123404
175.6	-0.0123441
175.8	-0.0123479
176	-0.0123517
176.2	-0.0123557
176.4	-0.0123596
176.6	-0.0123635
176.8	-0.0123674
177	-0.0123712
177.2	-0.0123749
177.4	-0.0123785
177.6	-0.0123819
177.8	-0.0123852
178	-0.0123882
178.2	-0.012391
178.4	-0.0123936
178.6	-0.012396
178.8	-0.0123981
179	-0.0123999
179.2	-0.0124014
179.4	-0.0124027
179.6	-0.0124037
179.8	-0.0124045
180	-0.012405
180.2	-0.0124053
180.4	-0.0124053
180.6	-0.0124051
180.8	-0.0124048
181	-0.0124042
181.2	-0.0124035
181.4	-0.0124027
181.6	-0.0124018
181.8	-0.0124007
182	-0.0123996
182.2	-0.0123985
182.4	-0.0123973
182.6	-0.0123962
182.8	-0.0123951
183	-0.012394
183.2	-0.012393
183.4	-0.0123921
183.6	-0.0123913
183.8	-0.0123907
184	-0.0123901
184.2	-0.0123898
184.4	-0.0123896
184.6	-0.0123896
184.8	-0.0123897
185	-0.0123901
185.2	-0.0123907
185.4	-0.0123914
185.6	-0.0123923
185.8	-0.0123935
186	-0.0123948
186.2	-0.0123962
186.4	-0.0123979
186.6	-0.0123997
186.8	-0.0124016
187	-0.0124037
187.2	-0.0124059
187.4	-0.0124081
187.6	-0.0124105
187.8	-0.0124129
188	-0.0124153
188.2	-0.0124178
188.4	-0.0124203
188.6	-0.0124227
188.8	-0.0124252
189	-0.0124275
189.2	-0.0124298
189.4	-0.0124321
189.6	-0.0124342
189.8	-0.0124362
190	-0.0124381
190.2	-0.0124399
190.4	-0.0124415
190.6	-0.012443
190.8	-0.0124443
191	-0.0124455
191.2	-0.0124465
191.4	-0.0124474
191.6	-0.0124481
191.8	-0.0124486
192	-0.012449
192.2	-0.0124493
192.4	-0.0124494
192.6	-0.0124494
192.8	-0.0124493
193	-0.0124491
193.2	-0.0124489
193.4	-0.0124485
193.6	-0.0124481
193.8	-0.0124476
194	-0.0124471
194.2	-0.0124466
194.4	-0.0124461
194.6	-0.0124456
194.8	-0.0124451
195	-0.0124446
195.2	-0.0124442
195.4	-0.0124439
195.6	-0.0124436
195.8	-0.0124434
196	-0.0124433
196.2	-0.0124433
196.4	-0.0124433
196.6	-0.0124435
196.8	-0.0124438
197	-0.0124442
197.2	-0.0124447
197.4	-0.0124454
197.6	-0.0124461
197.8	-0.0124469
198	-0.0124479
198.2	-0.0124489
198.4	-0.0124501
198.6	-0.0124513
198.8	-0.0124526
199	-0.012454
199.2	-0.0124554
199.4	-0.0124569
199.6	-0.0124584
199.8	-0.0124599
