# Time	U	V	U_magnitude
0	-1.33331e-10	1.57246e-10	2.06163e-10
0.2	-0.00573724	3.91612e-05	0.00573738
0.4	-0.00827197	0.000551412	0.00829033
0.6	-0.00705732	0.000261514	0.00706217
0.8	-0.0105573	0.00090558	0.0105961
1	-0.00942034	0.00118237	0.00949425
1.2	-0.0110937	0.00126506	0.0111656
1.4	-0.0114271	0.00220215	0.0116374
1.6	-0.0118703	0.00219998	0.0120724
1.8	-0.012796	0.00319606	0.0131891
2	-0.0131642	0.00364697	0.01366
2.2	-0.0140102	0.00445771	0.0147022
2.4	-0.0146869	0.00536874	0.0156374
2.6	-0.0154355	0.00617849	0.0166262
2.8	-0.0163006	0.00731721	0.0178676
3	-0.017118	0.00833915	0.0190412
3.2	-0.0180373	0.00958312	0.020425
3.4	-0.0189758	0.0108687	0.021868
3.6	-0.0199315	0.0122447	0.0233922
3.8	-0.0209495	0.0137538	0.0250609
4	-0.0219603	0.0153248	0.0267788
4.2	-0.0230133	0.0170298	0.0286291
4.4	-0.0240726	0.0188273	0.0305607
4.6	-0.025139	0.0207377	0.0325886
4.8	-0.0262156	0.0227671	0.0347217
5	-0.0272785	0.0249054	0.0369377
5.2	-0.0283358	0.0271693	0.0392567
5.4	-0.0293677	0.0295511	0.041662
5.6	-0.03037	0.0320566	0.0441583
5.8	-0.0313326	0.0346872	0.0467433
6	-0.0322428	0.0374403	0.0494102
6.2	-0.0330931	0.040319	0.052161
6.4	-0.0338699	0.043319	0.0549882
6.6	-0.0345636	0.0464399	0.0578904
6.8	-0.0351624	0.0496782	0.0608631
7	-0.0356552	0.0530299	0.063902
7.2	-0.0360315	0.0564927	0.0670052
7.4	-0.0362804	0.060065	0.0701718
7.6	-0.0363928	0.0637531	0.0734091
7.8	-0.0363589	0.0675742	0.0767349
8	-0.036168	0.0715638	0.0801842
8.2	-0.0358055	0.0757771	0.0838105
8.4	-0.0352498	0.0802833	0.087681
8.6	-0.0344714	0.0851519	0.0918647
8.8	-0.033433	0.0904319	0.0964141
9	-0.032094	0.0961318	0.101348
9.2	-0.0304175	0.102208	0.106638
9.4	-0.0283774	0.108563	0.112211
9.6	-0.0259632	0.115059	0.117952
9.8	-0.0231831	0.121531	0.123723
10	-0.0200627	0.12781	0.129375
10.2	-0.016643	0.133735	0.134767
10.4	-0.0129752	0.139166	0.139769
10.6	-0.00911777	0.14399	0.144278
10.8	-0.00512981	0.148124	0.148213
11	-0.001067	0.15151	0.151513
11.2	0.00302151	0.154113	0.154143
11.4	0.0070929	0.155939	0.156101
11.6	0.0111019	0.157005	0.157397
11.8	0.0150081	0.157347	0.158061
12	0.0187813	0.157022	0.158141
12.2	0.0223911	0.156089	0.157687
12.4	0.0258192	0.154619	0.15676
12.6	0.0290498	0.152682	0.155421
12.8	0.0320745	0.150352	0.153735
13	0.0348903	0.147697	0.151762
13.2	0.0374998	0.144785	0.149562
13.4	0.039908	0.141677	0.147191
13.6	0.0421244	0.138428	0.144695
13.8	0.0441613	0.135084	0.142119
14	0.0460316	0.131685	0.139498
14.2	0.0477488	0.128264	0.136864
14.4	0.0493266	0.124846	0.134237
14.6	0.0507782	0.121449	0.131637
14.8	0.0521157	0.118084	0.129074
15	0.0533498	0.11476	0.126554
15.2	0.0544881	0.111478	0.124082
15.4	0.055537	0.108239	0.121655
15.6	0.0565009	0.105039	0.119271
15.8	0.0573832	0.101872	0.116922
16	0.0581851	0.0987326	0.114602
16.2	0.058906	0.0956138	0.112303
16.4	0.059544	0.092509	0.110015
16.6	0.0600956	0.0894116	0.107731
16.8	0.0605564	0.086316	0.10544
17	0.0609218	0.0832173	0.103134
17.2	0.0611871	0.0801125	0.100806
17.4	0.0613475	0.0769994	0.0984501
17.6	0.0613984	0.0738771	0.0960603
17.8	0.0613351	0.0707459	0.0936321
18	0.0611531	0.0676072	0.0911616
18.2	0.0608485	0.064464	0.0886461
18.4	0.0604173	0.0613197	0.0860834
18.6	0.0598564	0.0581786	0.0834718
18.8	0.0591634	0.0550447	0.0808098
19	0.0583376	0.0519233	0.078098
19.2	0.0573783	0.0488208	0.0753375
19.4	0.0562854	0.0457442	0.0725299
19.6	0.0550604	0.0427014	0.0696782
19.8	0.0537039	0.0396997	0.0667846
20	0.0522184	0.0367466	0.063852
20.2	0.0506073	0.0338492	0.0608841
20.4	0.0488746	0.031014	0.0578844
20.6	0.0470256	0.0282491	0.0548581
20.8	0.0450639	0.0255602	0.0518081
21	0.0429954	0.0229539	0.048739
21.2	0.040827	0.0204374	0.0456567
21.4	0.0385645	0.0180168	0.0425655
21.6	0.036214	0.0156967	0.0394695
21.8	0.0337837	0.0134832	0.0363749
22	0.0312811	0.0113823	0.0332876
22.2	0.028712	0.00939629	0.0302104
22.4	0.0260855	0.00753056	0.0271507
22.6	0.0234096	0.00579047	0.0241151
22.8	0.0206916	0.00417845	0.0211093
23	0.0179405	0.00269565	0.0181419
23.2	0.0151636	0.00134709	0.0152233
23.4	0.0123691	0.000134084	0.0123698
23.6	0.00956705	-0.000941372	0.00961325
23.8	0.00676481	-0.00187707	0.0070204
24	0.00397163	-0.00267367	0.00478773
24.2	0.00119736	-0.00333068	0.00353936
24.4	-0.00154999	-0.00384856	0.00414896
24.6	-0.00425817	-0.00422798	0.00600066
24.8	-0.00691997	-0.00447183	0.00823912
25	-0.00952703	-0.00458333	0.0105722
25.2	-0.0120724	-0.00456592	0.0129069
25.4	-0.0145487	-0.00442312	0.0152062
25.6	-0.0169507	-0.00415946	0.0174536
25.8	-0.0192727	-0.00378029	0.0196399
26	-0.0215125	-0.00329027	0.0217627
26.2	-0.023664	-0.00269315	0.0238167
26.4	-0.0257221	-0.00199501	0.0257994
26.6	-0.0276842	-0.00120114	0.0277102
26.8	-0.0295478	-0.00031741	0.0295495
27	-0.03131	0.000650253	0.0313168
27.2	-0.0329689	0.00169681	0.0330125
27.4	-0.0345233	0.00281658	0.034638
27.6	-0.0359719	0.00400369	0.036194
27.8	-0.0373124	0.00525221	0.0376803
28	-0.0385437	0.00655742	0.0390975
28.2	-0.0396653	0.00791425	0.0404472
28.4	-0.0406767	0.00931692	0.0417301
28.6	-0.0415768	0.0107613	0.0429469
28.8	-0.0423647	0.0122414	0.0440978
29	-0.0430406	0.013752	0.0451842
29.2	-0.0436047	0.0152884	0.0462072
29.4	-0.0440571	0.0168463	0.0471681
29.6	-0.0443973	0.0184195	0.0480666
29.8	-0.0446256	0.0200027	0.0489035
30	-0.0447426	0.0215914	0.0496799
30.2	-0.0447484	0.023181	0.0503962
30.4	-0.0446437	0.0247655	0.0510528
30.6	-0.0444298	0.0263398	0.0516507
30.8	-0.0441074	0.0278991	0.0521903
31	-0.0436777	0.0294375	0.0526717
31.2	-0.0431422	0.0309495	0.0530954
31.4	-0.0425028	0.0324297	0.0534619
31.6	-0.0417609	0.0338725	0.053771
31.8	-0.0409189	0.0352721	0.0540229
32	-0.0399793	0.0366223	0.0542175
32.2	-0.0389451	0.0379177	0.054355
32.4	-0.0378193	0.0391519	0.054435
32.6	-0.036606	0.0403192	0.0544576
32.8	-0.0353092	0.0414141	0.0544231
33	-0.0339331	0.0424315	0.0543312
33.2	-0.0324819	0.0433654	0.0541814
33.4	-0.0309612	0.0442103	0.0539735
33.6	-0.0293767	0.0449615	0.0537078
33.8	-0.0277341	0.0456146	0.0533842
34	-0.0260393	0.0461645	0.0530019
34.2	-0.0242994	0.0466071	0.0525612
34.4	-0.0225216	0.046939	0.0520623
34.6	-0.0207125	0.0471563	0.0515046
34.8	-0.0188808	0.0472558	0.050888
35	-0.0170345	0.0472355	0.0502132
35.2	-0.015182	0.0470929	0.0494796
35.4	-0.0133326	0.0468266	0.0486877
35.6	-0.0114956	0.0464363	0.0478381
35.8	-0.00968004	0.0459212	0.0469304
36	-0.00789614	0.0452821	0.0459654
36.2	-0.00615316	0.044521	0.0449442
36.4	-0.00446083	0.0436393	0.0438667
36.6	-0.00282921	0.0426405	0.0427343
36.8	-0.00126741	0.041529	0.0415483
37	0.000215102	0.0403087	0.0403092
37.2	0.00160873	0.0389851	0.0390183
37.4	0.00290535	0.0375646	0.0376768
37.6	0.00409743	0.0360537	0.0362858
37.8	0.00517783	0.03446	0.0348468
38	0.00613936	0.0327915	0.0333612
38.2	0.0069761	0.0310566	0.0318305
38.4	0.0076828	0.0292646	0.0302563
38.6	0.00825426	0.0274237	0.028639
38.8	0.00868697	0.0255443	0.026981
39	0.00897811	0.0236363	0.025284
39.2	0.00912517	0.0217096	0.0235494
39.4	0.00912641	0.0197745	0.021779
39.6	0.00898103	0.0178415	0.0199744
39.8	0.00868866	0.0159206	0.0181372
40	0.00824988	0.0140227	0.0162695
40.2	0.00766703	0.0121581	0.0143737
40.4	0.00694074	0.0103406	0.012454
40.6	0.0060733	0.00857911	0.0105112
40.8	0.00506968	0.00688384	0.00854921
41	0.00393363	0.00526579	0.00657282
41.2	0.00267124	0.00373639	0.00459305
41.4	0.00129065	0.0023087	0.00264497
41.6	-0.000202725	0.000991866	0.00101237
41.8	-0.00179915	-0.000202582	0.00181051
42	-0.00348832	-0.00126397	0.00371026
42.2	-0.00525617	-0.00218249	0.00569128
42.4	-0.00709018	-0.00294893	0.00767899
42.6	-0.00897625	-0.0035564	0.00965511
42.8	-0.0108979	-0.00399807	0.0116081
43	-0.0128398	-0.0042696	0.0135311
43.2	-0.014784	-0.00436691	0.0154155
43.4	-0.0167145	-0.00428794	0.0172557
43.6	-0.0186125	-0.00403309	0.0190445
43.8	-0.0204616	-0.00360295	0.0207763
44	-0.0222444	-0.00300226	0.0224461
44.2	-0.0239436	-0.00223649	0.0240478
44.4	-0.0255424	-0.00131199	0.0255761
44.6	-0.0270262	-0.000237624	0.0270272
44.8	-0.0283804	0.000976608	0.0283972
45	-0.0295926	0.0023181	0.0296833
45.2	-0.0306507	0.00377221	0.0308819
45.4	-0.031544	0.00532308	0.0319899
45.6	-0.0322644	0.00695513	0.0330055
45.8	-0.0328061	0.00865041	0.0339274
46	-0.0331639	0.0103898	0.0347533
46.2	-0.0333359	0.0121549	0.0354827
46.4	-0.0333217	0.0139261	0.0361147
46.6	-0.0331238	0.0156846	0.0366496
46.8	-0.0327468	0.0174111	0.0370877
47	-0.032197	0.0190875	0.0374296
47.2	-0.0314838	0.0206965	0.0376773
47.4	-0.0306176	0.0222221	0.037832
47.6	-0.0296112	0.0236499	0.0378964
47.8	-0.0284788	0.0249671	0.0378734
48	-0.0272355	0.0261631	0.0377661
48.2	-0.0258977	0.027229	0.0375781
48.4	-0.0244823	0.0281583	0.0373131
48.6	-0.0230062	0.0289467	0.0369756
48.8	-0.0214862	0.0295919	0.0365697
49	-0.019939	0.0300935	0.0360997
49.2	-0.0183803	0.0304535	0.0355704
49.4	-0.0168246	0.0306746	0.0349857
49.6	-0.0152858	0.0307618	0.0343503
49.8	-0.0137757	0.0307207	0.033668
50	-0.0123061	0.0305578	0.0329427
50.2	-0.0108857	0.030281	0.0321782
50.4	-0.00952354	0.029897	0.0313772
50.6	-0.00822653	0.0294153	0.030544
50.8	-0.0069995	0.0288426	0.0296798
51	-0.00584859	0.0281867	0.0287871
51.2	-0.00477688	0.0274573	0.0278698
51.4	-0.00378641	0.0266597	0.0269272
51.6	-0.00288053	0.0258015	0.0259618
51.8	-0.00206102	0.02489	0.0249751
52	-0.00132885	0.023932	0.0239689
52.2	-0.000684973	0.0229323	0.0229426
52.4	-0.000130082	0.0218973	0.0218977
52.6	0.000335352	0.0208325	0.0208352
52.8	0.000710795	0.0197434	0.0197562
53	0.000996127	0.0186351	0.0186617
53.2	0.00119102	0.0175126	0.0175531
53.4	0.00129542	0.0163814	0.0164325
53.6	0.00130874	0.0152466	0.0153027
53.8	0.00123055	0.0141139	0.0141674
54	0.00106112	0.0129886	0.0130318
54.2	0.000799756	0.0118765	0.0119034
54.4	0.000446671	0.0107847	0.010794
54.6	2.79001e-06	0.00972032	0.00972032
54.8	-0.000531505	0.00868986	0.0087061
55	-0.00115447	0.00770176	0.0077878
55.2	-0.00186466	0.00676445	0.00701674
55.4	-0.00265706	0.0058884	0.00646013
55.6	-0.00352809	0.00508014	0.00618508
55.8	-0.00447227	0.00434941	0.00623847
56	-0.00548337	0.00370522	0.00661785
56.2	-0.00655278	0.00315541	0.00727293
56.4	-0.00767036	0.00270878	0.00813461
56.6	-0.00882582	0.00237255	0.00913915
56.8	-0.0100061	0.00215192	0.0102349
57	-0.0111992	0.0020524	0.0113857
57.2	-0.01239	0.00207694	0.0125629
57.4	-0.013563	0.00222577	0.0137444
57.6	-0.0147036	0.00249936	0.0149145
57.8	-0.015797	0.00289606	0.0160602
58	-0.016829	0.00341039	0.0171711
58.2	-0.0177855	0.00403519	0.0182375
58.4	-0.0186538	0.00476215	0.0192521
58.6	-0.0194228	0.00558104	0.0202088
58.8	-0.0200827	0.00647917	0.021102
59	-0.020626	0.00744166	0.0219274
59.2	-0.0210468	0.00845409	0.0226813
59.4	-0.0213418	0.00950179	0.0233615
59.6	-0.0215098	0.0105686	0.023966
59.8	-0.0215516	0.0116386	0.0244934
60	-0.0214701	0.0126968	0.0249434
60.2	-0.0212708	0.0137283	0.0253163
60.4	-0.0209601	0.0147195	0.0256123
60.6	-0.0205464	0.0156582	0.0258328
60.8	-0.0200395	0.0165338	0.0259798
61	-0.0194507	0.017337	0.0260557
61.2	-0.0187912	0.0180604	0.0260631
61.4	-0.0180733	0.0186985	0.0260053
61.6	-0.0173096	0.0192476	0.0258861
61.8	-0.016512	0.0197058	0.0257092
62	-0.0156926	0.0200726	0.0254788
62.2	-0.014863	0.0203492	0.0251992
62.4	-0.0140337	0.0205382	0.024875
62.6	-0.0132143	0.0206435	0.0245107
62.8	-0.0124134	0.0206693	0.0241104
63	-0.0116389	0.0206208	0.0236787
63.2	-0.0108975	0.0205046	0.0232205
63.4	-0.0101939	0.0203267	0.0227396
63.6	-0.00953235	0.0200931	0.0222396
63.8	-0.00891652	0.0198102	0.0217243
64	-0.00834893	0.0194843	0.0211977
64.2	-0.00783041	0.0191222	0.0206633
64.4	-0.00736112	0.0187284	0.0201231
64.6	-0.00694148	0.0183079	0.0195797
64.8	-0.00657114	0.0178655	0.0190357
65	-0.00624925	0.0174055	0.0184934
65.2	-0.00597476	0.0169318	0.017955
65.4	-0.00574657	0.0164477	0.0174227
65.6	-0.00556352	0.0159563	0.0168984
65.8	-0.00542463	0.0154602	0.0163843
66	-0.00532878	0.0149614	0.0158821
66.2	-0.00527485	0.0144623	0.0153942
66.4	-0.00526201	0.0139649	0.0149234
66.6	-0.00528957	0.0134713	0.0144725
66.8	-0.0053568	0.0129834	0.0140451
67	-0.00546309	0.0125036	0.0136449
67.2	-0.00560786	0.0120337	0.0132762
67.4	-0.00579063	0.0115763	0.0129438
67.6	-0.00601071	0.0111339	0.0126528
67.8	-0.00626731	0.0107092	0.0124083
68	-0.00655945	0.0103052	0.0122157
68.2	-0.00688589	0.00992476	0.0120796
68.4	-0.00724512	0.00957124	0.0120042
68.6	-0.0076353	0.00924772	0.0119924
68.8	-0.00805433	0.00895762	0.0120462
69	-0.00849964	0.00870429	0.0121659
69.2	-0.00896758	0.0084911	0.0123497
69.4	-0.0094543	0.00832138	0.0125948
69.6	-0.00995549	0.00819806	0.0128965
69.8	-0.0104663	0.00812376	0.0132491
70	-0.0109816	0.0081006	0.013646
70.2	-0.0114956	0.00812998	0.01408
70.4	-0.0120022	0.00821239	0.0145429
70.6	-0.0124945	0.00834804	0.0150267
70.8	-0.0129661	0.00853653	0.0155239
71	-0.0134107	0.00877627	0.0160271
71.2	-0.0138219	0.00906476	0.0165292
71.4	-0.0141935	0.00939804	0.0170229
71.6	-0.0145205	0.0097715	0.0175022
71.8	-0.0147984	0.0101799	0.0179617
72	-0.0150232	0.010617	0.0183962
72.2	-0.0151919	0.0110764	0.0188011
72.4	-0.0153023	0.0115509	0.0191725
72.6	-0.0153536	0.0120331	0.0195072
72.8	-0.0153458	0.0125159	0.0198025
73	-0.0152801	0.0129916	0.0200565
73.2	-0.0151591	0.0134531	0.0202678
73.4	-0.014986	0.0138934	0.0204354
73.6	-0.0147651	0.0143065	0.0205593
73.8	-0.0145013	0.014687	0.0206397
74	-0.0142002	0.0150303	0.0206774
74.2	-0.0138679	0.0153327	0.0206739
74.4	-0.0135107	0.0155915	0.0206309
74.6	-0.0131352	0.015805	0.0205507
74.8	-0.0127479	0.0159723	0.0204358
75	-0.0123549	0.0160937	0.0202892
75.2	-0.0119624	0.01617	0.0201139
75.4	-0.0115758	0.016203	0.0199133
75.6	-0.0112004	0.0161952	0.0196909
75.8	-0.0108403	0.0161495	0.0194504
76	-0.0104992	0.0160691	0.019195
76.2	-0.0101802	0.0159573	0.0189281
76.4	-0.00988599	0.0158178	0.018653
76.6	-0.00961844	0.0156544	0.0183732
76.8	-0.00937878	0.0154709	0.0180918
77	-0.00916769	0.015271	0.0178115
77.2	-0.00898534	0.0150582	0.0175353
77.4	-0.00883152	0.0148357	0.0172654
77.6	-0.00870564	0.0146066	0.0170041
77.8	-0.00860687	0.0143736	0.0167535
78	-0.00853413	0.0141392	0.0165151
78.2	-0.0084862	0.0139054	0.0162904
78.4	-0.00846179	0.0136742	0.0160806
78.6	-0.00845955	0.0134469	0.0158866
78.8	-0.00847816	0.013225	0.0157092
79	-0.00851632	0.0130095	0.0155491
79.2	-0.00857289	0.0128014	0.0154068
79.4	-0.00864674	0.0126016	0.0152829
79.6	-0.00873694	0.012411	0.0151779
79.8	-0.00884239	0.0122301	0.0150918
80	-0.00896203	0.0120596	0.0150251
80.2	-0.0090949	0.0119003	0.0149778
80.4	-0.00924008	0.011753	0.0149503
80.6	-0.00939665	0.0116184	0.0149427
80.8	-0.00956362	0.0114972	0.0149549
81	-0.00974001	0.0113902	0.0149868
81.2	-0.00992469	0.0112982	0.0150383
81.4	-0.0101165	0.0112221	0.0151089
81.6	-0.0103141	0.0111625	0.0151981
81.8	-0.0105162	0.0111202	0.0153052
82	-0.0107211	0.011096	0.0154293
82.2	-0.0109272	0.0110903	0.0155692
82.4	-0.0111328	0.0111036	0.0157235
82.6	-0.0113358	0.0111362	0.0158907
82.8	-0.0115344	0.011188	0.016069
83	-0.0117262	0.011259	0.0162564
83.2	-0.011909	0.0113486	0.0164504
83.4	-0.0120806	0.0114564	0.0166491
83.6	-0.0122388	0.0115816	0.0168499
83.8	-0.0123815	0.0117229	0.0170507
84	-0.0125068	0.0118788	0.017249
84.2	-0.012613	0.0120476	0.0174423
84.4	-0.0126986	0.0122271	0.0176283
84.6	-0.0127622	0.0124151	0.0178047
84.8	-0.0128029	0.012609	0.0179694
85	-0.0128199	0.0128061	0.0181203
85.2	-0.0128133	0.0130034	0.0182557
85.4	-0.0127833	0.0131981	0.0183739
85.6	-0.0127305	0.0133872	0.0184739
85.8	-0.012656	0.0135681	0.0185545
86	-0.0125613	0.0137381	0.0186152
86.2	-0.0124482	0.0138949	0.0186555
86.4	-0.0123189	0.0140362	0.0186754
86.6	-0.0121756	0.0141604	0.0186751
86.8	-0.012021	0.0142658	0.0186553
87	-0.011858	0.0143517	0.0186167
87.2	-0.0116893	0.0144172	0.0185605
87.4	-0.0115176	0.0144622	0.0184881
87.6	-0.0113458	0.0144869	0.018401
87.8	-0.0111764	0.0144916	0.0183007
88	-0.0110119	0.0144771	0.0181892
88.2	-0.0108546	0.0144446	0.0180685
88.4	-0.0107066	0.0143956	0.0179406
88.6	-0.0105697	0.0143315	0.0178075
88.8	-0.0104452	0.0142541	0.0176715
89	-0.0103344	0.0141655	0.0175345
89.2	-0.010238	0.0140674	0.0173985
89.4	-0.0101566	0.0139619	0.0172654
89.6	-0.0100905	0.0138509	0.0171367
89.8	-0.0100396	0.0137362	0.017014
90	-0.0100038	0.0136195	0.0168987
90.2	-0.00998248	0.0135025	0.0167919
90.4	-0.00997515	0.0133867	0.0166946
90.6	-0.00998106	0.0132734	0.0166074
90.8	-0.00999935	0.0131638	0.0165309
91	-0.0100291	0.0130588	0.0164656
91.2	-0.0100694	0.0129593	0.0164115
91.4	-0.0101193	0.0128662	0.0163688
91.6	-0.0101777	0.0127799	0.0163374
91.8	-0.010244	0.0127008	0.0163172
92	-0.010317	0.0126292	0.0163076
92.2	-0.0103958	0.0125654	0.0163083
92.4	-0.0104794	0.0125097	0.016319
92.6	-0.010567	0.0124621	0.0163391
92.8	-0.0106578	0.0124229	0.0163681
93	-0.010751	0.012392	0.0164056
93.2	-0.0108459	0.0123695	0.0164511
93.4	-0.0109419	0.0123553	0.0165039
93.6	-0.0110381	0.0123495	0.0165635
93.8	-0.0111339	0.012352	0.0166294
94	-0.0112287	0.0123628	0.0167009
94.2	-0.0113218	0.0123816	0.0167775
94.4	-0.0114124	0.0124083	0.0168585
94.6	-0.0114999	0.0124429	0.0169432
94.8	-0.0115836	0.0124849	0.0170309
95	-0.0116628	0.0125341	0.0171209
95.2	-0.0117368	0.0125901	0.0172123
95.4	-0.0118048	0.0126525	0.0173043
95.6	-0.0118661	0.0127208	0.0173961
95.8	-0.0119202	0.0127943	0.0174867
96	-0.0119662	0.0128726	0.0175754
96.2	-0.0120037	0.0129548	0.0176612
96.4	-0.0120322	0.0130401	0.0177431
96.6	-0.0120513	0.0131275	0.0178204
96.8	-0.0120607	0.0132161	0.0178921
97	-0.0120604	0.0133049	0.0179575
97.2	-0.0120504	0.0133927	0.0180161
97.4	-0.0120308	0.0134787	0.018067
97.6	-0.0120019	0.0135616	0.0181098
97.8	-0.011964	0.0136405	0.0181439
98	-0.0119178	0.0137143	0.0181691
98.2	-0.0118638	0.0137821	0.0181851
98.4	-0.011803	0.0138429	0.0181917
98.6	-0.0117362	0.013896	0.0181889
98.8	-0.0116645	0.0139407	0.018177
99	-0.011589	0.0139765	0.0181562
99.2	-0.0115109	0.0140029	0.0181268
99.4	-0.0114314	0.0140198	0.0180896
99.6	-0.0113518	0.0140272	0.0180451
99.8	-0.0112733	0.0140251	0.0179942
100	-0.0111971	0.0140137	0.0179377
100.2	-0.0111243	0.0139936	0.0178765
100.4	-0.0110559	0.0139653	0.0178118
100.6	-0.0109929	0.0139294	0.0177446
100.8	-0.010936	0.0138867	0.0176759
101	-0.0108861	0.0138381	0.0176068
101.2	-0.0108436	0.0137846	0.0175385
101.4	-0.010809	0.0137271	0.0174719
101.6	-0.0107825	0.0136667	0.017408
101.8	-0.0107642	0.0136042	0.0173477
102	-0.0107542	0.0135408	0.0172918
102.2	-0.0107523	0.0134774	0.017241
102.4	-0.0107583	0.0134149	0.0171959
102.6	-0.0107717	0.0133541	0.017157
102.8	-0.0107923	0.0132958	0.0171246
103	-0.0108194	0.0132408	0.0170991
103.2	-0.0108526	0.0131895	0.0170805
103.4	-0.0108913	0.0131426	0.0170689
103.6	-0.0109348	0.0131004	0.0170643
103.8	-0.0109825	0.0130632	0.0170664
104	-0.0110336	0.0130312	0.0170749
104.2	-0.0110876	0.0130047	0.0170897
104.4	-0.0111437	0.0129837	0.0171102
104.6	-0.0112012	0.0129684	0.0171361
104.8	-0.0112596	0.0129586	0.017167
105	-0.0113183	0.0129544	0.0172023
105.2	-0.0113767	0.0129556	0.0172417
105.4	-0.0114344	0.0129621	0.0172847
105.6	-0.0114908	0.0129737	0.0173308
105.8	-0.0115456	0.0129902	0.0173795
106	-0.0115983	0.0130113	0.0174303
106.2	-0.0116485	0.0130369	0.0174828
106.4	-0.0116959	0.0130665	0.0175364
106.6	-0.0117402	0.0130999	0.0175909
106.8	-0.011781	0.0131367	0.0176456
107	-0.0118181	0.0131767	0.0177001
107.2	-0.0118511	0.0132195	0.0177539
107.4	-0.0118798	0.0132646	0.0178067
107.6	-0.0119041	0.0133117	0.017858
107.8	-0.0119237	0.0133604	0.0179074
108	-0.0119385	0.0134102	0.0179544
108.2	-0.0119485	0.0134607	0.0179988
108.4	-0.0119536	0.0135114	0.0180401
108.6	-0.0119537	0.0135618	0.018078
108.8	-0.011949	0.0136117	0.0181123
109	-0.0119394	0.0136603	0.0181426
109.2	-0.0119252	0.0137074	0.0181687
109.4	-0.0119065	0.0137524	0.0181904
109.6	-0.0118835	0.0137947	0.0182075
109.8	-0.0118566	0.0138341	0.0182198
110	-0.011826	0.01387	0.0182272
110.2	-0.0117923	0.0139021	0.0182298
110.4	-0.0117558	0.01393	0.0182276
110.6	-0.0117171	0.0139534	0.0182205
110.8	-0.0116766	0.0139721	0.0182089
111	-0.011635	0.0139859	0.0181928
111.2	-0.0115927	0.0139946	0.0181725
111.4	-0.0115505	0.0139983	0.0181485
111.6	-0.011509	0.0139969	0.018121
111.8	-0.0114686	0.0139906	0.0180905
112	-0.01143	0.0139795	0.0180574
112.2	-0.0113937	0.0139639	0.0180224
112.4	-0.0113602	0.013944	0.0179859
112.6	-0.0113301	0.0139203	0.0179484
112.8	-0.0113036	0.0138931	0.0179106
113	-0.0112812	0.013863	0.0178731
113.2	-0.0112631	0.0138304	0.0178364
113.4	-0.0112495	0.0137958	0.017801
113.6	-0.0112406	0.0137599	0.0177676
113.8	-0.0112365	0.0137231	0.0177365
114	-0.0112371	0.013686	0.0177082
114.2	-0.0112424	0.0136492	0.0176831
114.4	-0.0112523	0.0136132	0.0176616
114.6	-0.0112665	0.0135785	0.017644
114.8	-0.0112848	0.0135455	0.0176303
115	-0.011307	0.0135148	0.0176209
115.2	-0.0113326	0.0134866	0.0176158
115.4	-0.0113614	0.0134612	0.017615
115.6	-0.011393	0.013439	0.0176184
115.8	-0.011427	0.0134201	0.017626
116	-0.0114628	0.0134048	0.0176376
116.2	-0.0115001	0.0133931	0.0176529
116.4	-0.0115384	0.013385	0.0176718
116.6	-0.0115772	0.0133807	0.017694
116.8	-0.0116162	0.0133802	0.0177191
117	-0.011655	0.0133832	0.0177468
117.2	-0.0116931	0.0133899	0.0177769
117.4	-0.0117302	0.0133999	0.0178089
117.6	-0.0117661	0.0134132	0.0178425
117.8	-0.0118003	0.0134295	0.0178773
118	-0.0118327	0.0134487	0.0179131
118.2	-0.0118629	0.0134705	0.0179494
118.4	-0.0118908	0.0134947	0.017986
118.6	-0.0119162	0.0135209	0.0180225
118.8	-0.011939	0.013549	0.0180586
119	-0.0119589	0.0135787	0.0180941
119.2	-0.0119759	0.0136096	0.0181285
119.4	-0.01199	0.0136415	0.0181618
119.6	-0.012001	0.013674	0.0181935
119.8	-0.012009	0.013707	0.0182236
120	-0.0120139	0.0137401	0.0182517
120.2	-0.0120159	0.013773	0.0182778
120.4	-0.0120148	0.0138055	0.0183016
120.6	-0.0120109	0.0138373	0.018323
120.8	-0.0120041	0.0138681	0.0183419
121	-0.0119947	0.0138977	0.0183581
121.2	-0.0119827	0.0139258	0.0183715
121.4	-0.0119684	0.0139522	0.0183822
121.6	-0.0119519	0.0139765	0.01839
121.8	-0.0119335	0.0139987	0.018395
122	-0.0119135	0.0140186	0.018397
122.2	-0.0118919	0.0140359	0.0183963
122.4	-0.0118693	0.0140505	0.0183929
122.6	-0.0118458	0.0140624	0.0183868
122.8	-0.0118217	0.0140714	0.0183781
123	-0.0117974	0.0140774	0.0183672
123.2	-0.0117732	0.0140805	0.018354
123.4	-0.0117494	0.0140807	0.0183389
123.6	-0.0117263	0.014078	0.0183221
123.8	-0.0117043	0.0140726	0.0183038
124	-0.0116836	0.0140645	0.0182843
124.2	-0.0116645	0.0140539	0.018264
124.4	-0.0116473	0.014041	0.018243
124.6	-0.0116321	0.014026	0.0182218
124.8	-0.0116193	0.0140092	0.0182007
125	-0.0116089	0.0139908	0.0181799
125.2	-0.0116012	0.0139711	0.0181599
125.4	-0.0115962	0.0139505	0.0181408
125.6	-0.011594	0.0139292	0.018123
125.8	-0.0115946	0.0139075	0.0181067
126	-0.011598	0.0138858	0.0180923
126.2	-0.0116042	0.0138644	0.0180798
126.4	-0.011613	0.0138437	0.0180695
126.6	-0.0116244	0.0138237	0.0180616
126.8	-0.0116382	0.013805	0.0180562
127	-0.0116543	0.0137876	0.0180533
127.2	-0.0116724	0.0137719	0.018053
127.4	-0.0116923	0.013758	0.0180553
127.6	-0.0117139	0.0137461	0.0180602
127.8	-0.0117368	0.0137364	0.0180676
128	-0.0117607	0.0137288	0.0180775
128.2	-0.0117855	0.0137236	0.0180896
128.4	-0.0118107	0.0137207	0.0181039
128.6	-0.0118362	0.0137201	0.0181201
128.8	-0.0118617	0.013722	0.0181382
129	-0.0118869	0.0137261	0.0181578
129.2	-0.0119116	0.0137325	0.0181787
129.4	-0.0119354	0.013741	0.0182008
129.6	-0.0119584	0.0137515	0.0182238
129.8	-0.0119801	0.0137639	0.0182475
130	-0.0120005	0.0137781	0.0182716
130.2	-0.0120194	0.0137939	0.0182959
130.4	-0.0120367	0.0138111	0.0183202
130.6	-0.0120523	0.0138296	0.0183443
130.8	-0.012066	0.013849	0.018368
131	-0.0120779	0.0138694	0.0183911
131.2	-0.0120878	0.0138904	0.0184135
131.4	-0.0120957	0.0139118	0.0184348
131.6	-0.0121016	0.0139335	0.0184551
131.8	-0.0121056	0.0139553	0.0184742
132	-0.0121077	0.0139769	0.0184919
132.2	-0.0121078	0.0139983	0.0185081
132.4	-0.0121061	0.0140192	0.0185228
132.6	-0.0121027	0.0140394	0.0185359
132.8	-0.0120976	0.0140588	0.0185473
133	-0.0120909	0.0140773	0.0185569
133.2	-0.0120828	0.0140947	0.0185648
133.4	-0.0120733	0.0141108	0.0185709
133.6	-0.0120627	0.0141256	0.0185753
133.8	-0.0120511	0.0141389	0.0185779
134	-0.0120387	0.0141506	0.0185788
134.2	-0.0120256	0.0141608	0.018578
134.4	-0.0120119	0.0141692	0.0185756
134.6	-0.011998	0.0141759	0.0185717
134.8	-0.0119839	0.0141808	0.0185664
135	-0.0119699	0.014184	0.0185598
135.2	-0.011956	0.0141855	0.018552
135.4	-0.0119426	0.0141852	0.0185431
135.6	-0.0119298	0.0141833	0.0185334
135.8	-0.0119178	0.0141797	0.0185229
136	-0.0119066	0.0141747	0.0185119
136.2	-0.0118965	0.0141683	0.0185005
136.4	-0.0118876	0.0141605	0.0184888
136.6	-0.01188	0.0141517	0.0184771
136.8	-0.0118739	0.0141418	0.0184656
137	-0.0118693	0.0141311	0.0184544
137.2	-0.0118662	0.0141197	0.0184437
137.4	-0.0118648	0.0141078	0.0184337
137.6	-0.011865	0.0140956	0.0184245
137.8	-0.0118669	0.0140832	0.0184163
138	-0.0118704	0.0140709	0.0184092
138.2	-0.0118756	0.0140589	0.0184033
138.4	-0.0118823	0.0140472	0.0183987
138.6	-0.0118905	0.0140361	0.0183956
138.8	-0.0119001	0.0140258	0.0183939
139	-0.0119111	0.0140163	0.0183938
139.2	-0.0119232	0.0140078	0.0183952
139.4	-0.0119364	0.0140005	0.0183981
139.6	-0.0119505	0.0139943	0.0184026
139.8	-0.0119653	0.0139895	0.0184085
140	-0.0119808	0.013986	0.0184159
140.2	-0.0119966	0.0139839	0.0184247
140.4	-0.0120128	0.0139832	0.0184347
140.6	-0.012029	0.013984	0.0184459
140.8	-0.0120452	0.0139862	0.0184581
141	-0.0120612	0.0139898	0.0184713
141.2	-0.0120768	0.0139948	0.0184852
141.4	-0.0120919	0.0140011	0.0184998
141.6	-0.0121063	0.0140086	0.0185149
141.8	-0.01212	0.0140173	0.0185304
142	-0.0121328	0.014027	0.0185462
142.2	-0.0121446	0.0140376	0.018562
142.4	-0.0121554	0.0140492	0.0185778
142.6	-0.0121651	0.0140614	0.0185934
142.8	-0.0121736	0.0140742	0.0186086
143	-0.012181	0.0140876	0.0186235
143.2	-0.012187	0.0141012	0.0186378
143.4	-0.0121919	0.0141152	0.0186515
143.6	-0.0121955	0.0141292	0.0186645
143.8	-0.0121978	0.0141432	0.0186766
144	-0.012199	0.014157	0.0186879
144.2	-0.012199	0.0141706	0.0186982
144.4	-0.0121979	0.0141838	0.0187075
144.6	-0.0121957	0.0141966	0.0187157
144.8	-0.0121925	0.0142088	0.0187229
145	-0.0121884	0.0142203	0.018729
145.2	-0.0121835	0.0142311	0.018734
145.4	-0.0121779	0.0142411	0.0187379
145.6	-0.0121715	0.0142502	0.0187407
145.8	-0.0121647	0.0142583	0.0187425
146	-0.0121574	0.0142655	0.0187432
146.2	-0.0121497	0.0142717	0.0187429
146.4	-0.0121418	0.0142768	0.0187417
146.6	-0.0121339	0.0142809	0.0187396
146.8	-0.0121259	0.0142839	0.0187368
147	-0.012118	0.0142858	0.0187331
147.2	-0.0121103	0.0142867	0.0187289
147.4	-0.0121029	0.0142866	0.018724
147.6	-0.012096	0.0142856	0.0187187
147.8	-0.0120895	0.0142836	0.018713
148	-0.0120837	0.0142808	0.0187071
148.2	-0.0120785	0.0142771	0.018701
148.4	-0.0120741	0.0142728	0.0186948
148.6	-0.0120705	0.0142678	0.0186887
148.8	-0.0120678	0.0142622	0.0186827
149	-0.0120659	0.0142562	0.0186769
149.2	-0.012065	0.0142499	0.0186715
149.4	-0.0120651	0.0142433	0.0186665
149.6	-0.0120662	0.0142366	0.0186621
149.8	-0.0120682	0.0142298	0.0186582
150	-0.0120712	0.0142231	0.018655
150.2	-0.0120751	0.0142166	0.0186526
150.4	-0.0120799	0.0142103	0.0186509
150.6	-0.0120856	0.0142044	0.0186501
150.8	-0.0120921	0.0141989	0.0186502
151	-0.0120994	0.014194	0.0186511
151.2	-0.0121073	0.0141897	0.018653
151.4	-0.0121158	0.014186	0.0186557
151.6	-0.0121249	0.0141831	0.0186594
151.8	-0.0121343	0.0141809	0.0186639
152	-0.0121441	0.0141796	0.0186692
152.2	-0.0121541	0.0141791	0.0186753
152.4	-0.0121642	0.0141794	0.0186822
152.6	-0.0121744	0.0141806	0.0186897
152.8	-0.0121845	0.0141826	0.0186978
153	-0.0121944	0.0141855	0.0187065
153.2	-0.0122041	0.0141892	0.0187156
153.4	-0.0122135	0.0141936	0.0187251
153.6	-0.0122225	0.0141988	0.0187348
153.8	-0.012231	0.0142046	0.0187448
154	-0.0122389	0.0142111	0.0187549
154.2	-0.0122463	0.0142181	0.018765
154.4	-0.012253	0.0142256	0.0187751
154.6	-0.012259	0.0142336	0.018785
154.8	-0.0122643	0.0142418	0.0187948
155	-0.0122689	0.0142504	0.0188042
155.2	-0.0122727	0.0142591	0.0188133
155.4	-0.0122758	0.0142679	0.018822
155.6	-0.0122781	0.0142768	0.0188303
155.8	-0.0122797	0.0142857	0.018838
156	-0.0122805	0.0142944	0.0188451
156.2	-0.0122806	0.0143029	0.0188517
156.4	-0.0122801	0.0143112	0.0188577
156.6	-0.0122789	0.0143192	0.0188629
156.8	-0.0122772	0.0143268	0.0188676
157	-0.0122749	0.014334	0.0188715
157.2	-0.0122721	0.0143407	0.0188748
157.4	-0.0122689	0.0143469	0.0188775
157.6	-0.0122653	0.0143525	0.0188794
157.8	-0.0122615	0.0143576	0.0188808
158	-0.0122574	0.014362	0.0188815
158.2	-0.0122531	0.0143659	0.0188816
158.4	-0.0122488	0.014369	0.0188812
158.6	-0.0122444	0.0143716	0.0188803
158.8	-0.01224	0.0143735	0.018879
159	-0.0122357	0.0143748	0.0188772
159.2	-0.0122316	0.0143755	0.0188751
159.4	-0.0122277	0.0143756	0.0188726
159.6	-0.0122241	0.0143752	0.0188699
159.8	-0.0122208	0.0143742	0.018867
160	-0.0122179	0.0143727	0.018864
160.2	-0.0122154	0.0143708	0.0188609
160.4	-0.0122133	0.0143685	0.0188579
160.6	-0.0122118	0.0143658	0.0188548
160.8	-0.0122108	0.0143629	0.0188519
161	-0.0122103	0.0143596	0.0188492
161.2	-0.0122104	0.0143563	0.0188466
161.4	-0.012211	0.0143528	0.0188444
161.6	-0.0122122	0.0143492	0.0188425
161.8	-0.012214	0.0143456	0.0188409
162	-0.0122164	0.0143421	0.0188398
162.2	-0.0122193	0.0143387	0.0188391
162.4	-0.0122227	0.0143355	0.0188388
162.6	-0.0122266	0.0143325	0.0188391
162.8	-0.0122309	0.0143298	0.0188398
163	-0.0122357	0.0143275	0.0188411
163.2	-0.0122408	0.0143254	0.0188429
163.4	-0.0122463	0.0143238	0.0188452
163.6	-0.012252	0.0143226	0.0188481
163.8	-0.012258	0.0143219	0.0188514
164	-0.0122642	0.0143216	0.0188552
164.2	-0.0122704	0.0143218	0.0188594
164.4	-0.0122767	0.0143226	0.0188641
164.6	-0.0122831	0.0143238	0.0188691
164.8	-0.0122893	0.0143255	0.0188745
165	-0.0122955	0.0143277	0.0188802
165.2	-0.0123015	0.0143303	0.0188861
165.4	-0.0123073	0.0143334	0.0188922
165.6	-0.0123128	0.014337	0.0188985
165.8	-0.0123181	0.0143409	0.0189049
166	-0.012323	0.0143451	0.0189113
166.2	-0.0123275	0.0143497	0.0189178
166.4	-0.0123317	0.0143546	0.0189242
166.6	-0.0123354	0.0143597	0.0189305
166.8	-0.0123387	0.014365	0.0189366
167	-0.0123416	0.0143704	0.0189426
167.2	-0.012344	0.0143759	0.0189484
167.4	-0.012346	0.0143815	0.0189539
167.6	-0.0123475	0.0143871	0.0189591
167.8	-0.0123486	0.0143926	0.018964
168	-0.0123492	0.0143981	0.0189686
168.2	-0.0123495	0.0144034	0.0189728
168.4	-0.0123493	0.0144086	0.0189766
168.6	-0.0123488	0.0144136	0.0189801
168.8	-0.0123479	0.0144183	0.0189831
169	-0.0123467	0.0144228	0.0189857
169.2	-0.0123453	0.0144269	0.0189879
169.4	-0.0123436	0.0144308	0.0189898
169.6	-0.0123417	0.0144343	0.0189912
169.8	-0.0123396	0.0144375	0.0189923
170	-0.0123374	0.0144403	0.018993
170.2	-0.0123351	0.0144427	0.0189933
170.4	-0.0123328	0.0144447	0.0189934
170.6	-0.0123305	0.0144464	0.0189931
170.8	-0.0123282	0.0144477	0.0189926
171	-0.012326	0.0144486	0.0189919
171.2	-0.0123239	0.0144492	0.018991
171.4	-0.012322	0.0144494	0.0189899
171.6	-0.0123202	0.0144493	0.0189887
171.8	-0.0123186	0.0144489	0.0189873
172	-0.0123173	0.0144482	0.018986
172.2	-0.0123162	0.0144473	0.0189846
172.4	-0.0123154	0.0144462	0.0189832
172.6	-0.0123149	0.0144448	0.0189818
172.8	-0.0123147	0.0144433	0.0189805
173	-0.0123148	0.0144417	0.0189794
173.2	-0.0123153	0.01444	0.0189784
173.4	-0.0123161	0.0144382	0.0189776
173.6	-0.0123172	0.0144364	0.0189769
173.8	-0.0123187	0.0144346	0.0189765
174	-0.0123204	0.0144329	0.0189764
174.2	-0.0123225	0.0144313	0.0189764
174.4	-0.0123249	0.0144297	0.0189768
174.6	-0.0123275	0.0144283	0.0189775
174.8	-0.0123304	0.0144271	0.0189784
175	-0.0123336	0.0144261	0.0189797
175.2	-0.0123369	0.0144253	0.0189812
175.4	-0.0123404	0.0144247	0.0189831
175.6	-0.0123441	0.0144244	0.0189852
175.8	-0.0123479	0.0144243	0.0189876
176	-0.0123517	0.0144245	0.0189903
176.2	-0.0123557	0.014425	0.0189933
176.4	-0.0123596	0.0144258	0.0189964
176.6	-0.0123635	0.0144269	0.0189998
176.8	-0.0123674	0.0144283	0.0190034
177	-0.0123712	0.0144299	0.0190071
177.2	-0.0123749	0.0144318	0.019011
177.4	-0.0123785	0.014434	0.0190149
177.6	-0.0123819	0.0144364	0.019019
177.8	-0.0123852	0.014439	0.0190231
178	-0.0123882	0.0144418	0.0190272
178.2	-0.012391	0.0144448	0.0190313
178.4	-0.0123936	0.014448	0.0190354
178.6	-0.012396	0.0144513	0.0190394
178.8	-0.0123981	0.0144546	0.0190433
179	-0.0123999	0.0144581	0.0190471
179.2	-0.0124014	0.0144616	0.0190508
179.4	-0.0124027	0.0144651	0.0190543
179.6	-0.0124037	0.0144686	0.0190576
179.8	-0.0124045	0.0144721	0.0190608
180	-0.012405	0.0144755	0.0190637
180.2	-0.0124053	0.0144789	0.0190664
180.4	-0.0124053	0.0144821	0.0190689
180.6	-0.0124051	0.0144852	0.0190711
180.8	-0.0124048	0.0144882	0.0190732
181	-0.0124042	0.0144909	0.0190749
181.2	-0.0124035	0.0144936	0.0190765
181.4	-0.0124027	0.014496	0.0190777
181.6	-0.0124018	0.0144982	0.0190788
181.8	-0.0124007	0.0145002	0.0190797
182	-0.0123996	0.014502	0.0190803
182.2	-0.0123985	0.0145035	0.0190808
182.4	-0.0123973	0.0145049	0.019081
182.6	-0.0123962	0.014506	0.0190811
182.8	-0.0123951	0.0145069	0.0190811
183	-0.012394	0.0145076	0.0190809
183.2	-0.012393	0.014508	0.0190806
183.4	-0.0123921	0.0145083	0.0190802
183.6	-0.0123913	0.0145084	0.0190798
183.8	-0.0123907	0.0145083	0.0190793
184	-0.0123901	0.0145081	0.0190788
184.2	-0.0123898	0.0145077	0.0190783
184.4	-0.0123896	0.0145072	0.0190778
184.6	-0.0123896	0.0145066	0.0190773
184.8	-0.0123897	0.0145059	0.0190769
185	-0.0123901	0.0145051	0.0190765
185.2	-0.0123907	0.0145043	0.0190763
185.4	-0.0123914	0.0145035	0.0190761
185.6	-0.0123923	0.0145027	0.0190761
185.8	-0.0123935	0.0145019	0.0190762
186	-0.0123948	0.0145011	0.0190765
186.2	-0.0123962	0.0145004	0.0190769
186.4	-0.0123979	0.0144997	0.0190775
186.6	-0.0123997	0.0144992	0.0190782
186.8	-0.0124016	0.0144987	0.0190791
187	-0.0124037	0.0144984	0.0190802
187.2	-0.0124059	0.0144981	0.0190814
187.4	-0.0124081	0.0144981	0.0190829
187.6	-0.0124105	0.0144982	0.0190845
187.8	-0.0124129	0.0144984	0.0190862
188	-0.0124153	0.0144988	0.0190881
188.2	-0.0124178	0.0144993	0.0190901
188.4	-0.0124203	0.0145001	0.0190923
188.6	-0.0124227	0.014501	0.0190946
188.8	-0.0124252	0.014502	0.0190969
189	-0.0124275	0.0145032	0.0190994
189.2	-0.0124298	0.0145046	0.0191019
189.4	-0.0124321	0.0145061	0.0191045
189.6	-0.0124342	0.0145077	0.0191072
189.8	-0.0124362	0.0145095	0.0191098
190	-0.0124381	0.0145114	0.0191125
190.2	-0.0124399	0.0145133	0.0191151
190.4	-0.0124415	0.0145154	0.0191177
190.6	-0.012443	0.0145175	0.0191203
190.8	-0.0124443	0.0145197	0.0191228
191	-0.0124455	0.0145219	0.0191253
191.2	-0.0124465	0.0145241	0.0191276
191.4	-0.0124474	0.0145263	0.0191299
191.6	-0.0124481	0.0145286	0.019132
191.8	-0.0124486	0.0145308	0.019134
192	-0.012449	0.0145329	0.0191359
192.2	-0.0124493	0.014535	0.0191377
192.4	-0.0124494	0.0145371	0.0191393
192.6	-0.0124494	0.014539	0.0191408
192.8	-0.0124493	0.0145409	0.0191422
193	-0.0124491	0.0145426	0.0191434
193.2	-0.0124489	0.0145443	0.0191445
193.4	-0.0124485	0.0145458	0.0191454
193.6	-0.0124481	0.0145473	0.0191462
193.8	-0.0124476	0.0145485	0.0191469
194	-0.0124471	0.0145497	0.0191474
194.2	-0.0124466	0.0145507	0.0191479
194.4	-0.0124461	0.0145516	0.0191482
194.6	-0.0124456	0.0145524	0.0191485
194.8	-0.0124451	0.014553	0.0191486
195	-0.0124446	0.0145535	0.0191487
195.2	-0.0124442	0.0145539	0.0191488
195.4	-0.0124439	0.0145542	0.0191487
195.6	-0.0124436	0.0145543	0.0191487
195.8	-0.0124434	0.0145544	0.0191486
196	-0.0124433	0.0145544	0.0191485
196.2	-0.0124433	0.0145543	0.0191484
196.4	-0.0124433	0.0145542	0.0191484
196.6	-0.0124435	0.0145539	0.0191483
196.8	-0.0124438	0.0145537	0.0191483
197	-0.0124442	0.0145534	0.0191484
197.2	-0.0124447	0.0145531	0.0191484
197.4	-0.0124454	0.0145527	0.0191486
197.6	-0.0124461	0.0145524	0.0191488
197.8	-0.0124469	0.0145521	0.0191492
198	-0.0124479	0.0145518	0.0191496
198.2	-0.0124489	0.0145516	0.01915
198.4	-0.0124501	0.0145514	0.0191506
198.6	-0.0124513	0.0145512	0.0191513
198.8	-0.0124526	0.0145511	0.0191521
199	-0.012454	0.0145511	0.019153
199.2	-0.0124554	0.0145512	0.0191539
199.4	-0.0124569	0.0145513	0.019155
199.6	-0.0124584	0.0145516	0.0191562
199.8	-0.0124599	0.0145519	0.0191574
