# Time	Value
50.2	-0.0372112
50.4	-0.0371096
50.6	-0.0370149
50.8	-0.0369275
51	-0.0368474
51.2	-0.0367748
51.4	-0.0367098
51.6	-0.0366522
51.8	-0.0366021
52	-0.0365592
52.2	-0.0365235
52.4	-0.0364946
52.6	-0.0364722
52.8	-0.0364561
53	-0.0364459
53.2	-0.0364411
53.4	-0.0364412
53.6	-0.0364458
53.8	-0.0364544
54	-0.0364664
54.2	-0.0364813
54.4	-0.0364985
54.6	-0.0365175
54.8	-0.0365377
55	-0.0365585
55.2	-0.0365794
55.4	-0.0365998
55.6	-0.0366193
55.8	-0.0366373
56	-0.0366534
56.2	-0.0366672
56.4	-0.0366782
56.6	-0.0366862
56.8	-0.0366907
57	-0.0366916
57.2	-0.0366885
57.4	-0.0366814
57.6	-0.0366701
57.8	-0.0366544
58	-0.0366344
58.2	-0.0366101
58.4	-0.0365815
58.6	-0.0365486
58.8	-0.0365118
59	-0.036471
59.2	-0.0364265
59.4	-0.0363787
59.6	-0.0363277
59.8	-0.0362738
60	-0.0362174
60.2	-0.0361589
60.4	-0.0360985
60.6	-0.0360367
60.8	-0.0359739
61	-0.0359105
61.2	-0.0358468
61.4	-0.0357833
61.6	-0.0357203
61.8	-0.0356583
62	-0.0355975
62.2	-0.0355385
62.4	-0.0354814
62.6	-0.0354266
62.8	-0.0353744
63	-0.0353251
63.2	-0.0352788
63.4	-0.0352359
63.6	-0.0351965
63.8	-0.0351607
64	-0.0351287
64.2	-0.0351005
64.4	-0.0350761
64.6	-0.0350556
64.8	-0.035039
65	-0.0350262
65.2	-0.0350171
65.4	-0.0350116
65.6	-0.0350096
65.8	-0.0350108
66	-0.0350151
66.2	-0.0350223
66.4	-0.0350321
66.6	-0.0350443
66.8	-0.0350585
67	-0.0350746
67.2	-0.0350922
67.4	-0.035111
67.6	-0.0351307
67.8	-0.035151
68	-0.0351716
68.2	-0.0351923
68.4	-0.0352127
68.6	-0.0352325
68.8	-0.0352515
69	-0.0352695
69.2	-0.0352862
69.4	-0.0353014
69.6	-0.0353149
69.8	-0.0353266
70	-0.0353363
70.2	-0.0353439
70.4	-0.0353493
70.6	-0.0353525
70.8	-0.0353534
71	-0.0353521
71.2	-0.0353484
71.4	-0.0353424
71.6	-0.0353343
71.8	-0.0353241
72	-0.0353118
72.2	-0.0352976
72.4	-0.0352817
72.6	-0.0352642
72.8	-0.0352452
73	-0.0352249
73.2	-0.0352036
73.4	-0.0351814
73.6	-0.0351585
73.8	-0.0351351
74	-0.0351115
74.2	-0.0350878
74.4	-0.0350642
74.6	-0.0350409
74.8	-0.0350182
75	-0.0349961
75.2	-0.034975
75.4	-0.0349549
75.6	-0.034936
75.8	-0.0349185
76	-0.0349024
76.2	-0.0348879
76.4	-0.034875
76.6	-0.0348639
76.8	-0.0348547
77	-0.0348472
77.2	-0.0348417
77.4	-0.0348381
77.6	-0.0348363
77.8	-0.0348364
78	-0.0348383
78.2	-0.0348419
78.4	-0.0348472
78.6	-0.0348542
78.8	-0.0348626
79	-0.0348725
79.2	-0.0348836
79.4	-0.0348958
79.6	-0.0349091
79.8	-0.0349232
80	-0.034938
80.2	-0.0349534
80.4	-0.0349693
80.6	-0.0349854
80.8	-0.0350016
81	-0.0350177
81.2	-0.0350337
81.4	-0.0350494
81.6	-0.0350647
81.8	-0.0350794
82	-0.0350934
82.2	-0.0351066
82.4	-0.0351189
82.6	-0.0351303
82.8	-0.0351407
83	-0.03515
83.2	-0.0351582
83.4	-0.0351652
83.6	-0.0351711
83.8	-0.0351758
84	-0.0351793
84.2	-0.0351816
84.4	-0.0351829
84.6	-0.0351831
84.8	-0.0351822
85	-0.0351804
85.2	-0.0351777
85.4	-0.0351741
85.6	-0.0351699
85.8	-0.0351649
86	-0.0351595
86.2	-0.0351535
86.4	-0.0351472
86.6	-0.0351407
86.8	-0.0351339
87	-0.0351272
87.2	-0.0351204
87.4	-0.0351139
87.6	-0.0351075
87.8	-0.0351015
88	-0.0350959
88.2	-0.0350907
88.4	-0.0350862
88.6	-0.0350822
88.8	-0.035079
89	-0.0350765
89.2	-0.0350748
89.4	-0.0350739
89.6	-0.0350738
89.8	-0.0350747
90	-0.0350764
90.2	-0.0350789
90.4	-0.0350824
90.6	-0.0350867
90.8	-0.0350918
91	-0.0350978
91.2	-0.0351045
91.4	-0.0351119
91.6	-0.0351201
91.8	-0.0351288
92	-0.0351381
92.2	-0.0351479
92.4	-0.0351582
92.6	-0.0351688
92.8	-0.0351797
93	-0.0351908
93.2	-0.0352021
93.4	-0.0352135
93.6	-0.0352248
93.8	-0.0352361
94	-0.0352473
94.2	-0.0352582
94.4	-0.035269
94.6	-0.0352794
94.8	-0.0352894
95	-0.035299
95.2	-0.0353082
95.4	-0.0353169
95.6	-0.035325
95.8	-0.0353326
96	-0.0353397
96.2	-0.0353462
96.4	-0.0353521
96.6	-0.0353574
96.8	-0.0353621
97	-0.0353663
97.2	-0.0353699
97.4	-0.035373
97.6	-0.0353755
97.8	-0.0353777
98	-0.0353793
98.2	-0.0353806
98.4	-0.0353815
98.6	-0.0353821
98.8	-0.0353825
99	-0.0353826
99.2	-0.0353825
99.4	-0.0353823
99.6	-0.035382
99.8	-0.0353817
100	-0.0353815
100.2	-0.0353812
100.4	-0.0353811
100.6	-0.0353812
100.8	-0.0353814
101	-0.0353818
101.2	-0.0353825
101.4	-0.0353835
101.6	-0.0353848
101.8	-0.0353865
102	-0.0353885
102.2	-0.0353909
102.4	-0.0353936
102.6	-0.0353968
102.8	-0.0354003
103	-0.0354043
103.2	-0.0354086
103.4	-0.0354133
103.6	-0.0354184
103.8	-0.0354238
104	-0.0354296
104.2	-0.0354356
104.4	-0.035442
104.6	-0.0354486
104.8	-0.0354555
105	-0.0354626
105.2	-0.0354698
105.4	-0.0354772
105.6	-0.0354846
105.8	-0.0354922
106	-0.0354998
106.2	-0.0355074
106.4	-0.035515
106.6	-0.0355225
106.8	-0.0355299
107	-0.0355372
107.2	-0.0355443
107.4	-0.0355513
107.6	-0.0355581
107.8	-0.0355647
108	-0.035571
108.2	-0.0355771
108.4	-0.0355829
108.6	-0.0355885
108.8	-0.0355938
109	-0.0355987
109.2	-0.0356035
109.4	-0.0356079
109.6	-0.035612
109.8	-0.0356159
110	-0.0356195
110.2	-0.0356228
110.4	-0.035626
110.6	-0.0356288
110.8	-0.0356315
111	-0.035634
111.2	-0.0356363
111.4	-0.0356385
111.6	-0.0356405
111.8	-0.0356425
112	-0.0356443
112.2	-0.0356461
112.4	-0.0356478
112.6	-0.0356496
112.8	-0.0356513
113	-0.0356531
113.2	-0.0356549
113.4	-0.0356568
113.6	-0.0356587
113.8	-0.0356608
114	-0.0356629
114.2	-0.0356652
114.4	-0.0356677
114.6	-0.0356703
114.8	-0.035673
115	-0.0356759
115.2	-0.035679
115.4	-0.0356822
115.6	-0.0356856
115.8	-0.0356892
116	-0.035693
116.2	-0.0356969
116.4	-0.0357009
116.6	-0.0357051
116.8	-0.0357095
117	-0.035714
117.2	-0.0357185
117.4	-0.0357232
117.6	-0.035728
117.8	-0.0357329
118	-0.0357378
118.2	-0.0357428
118.4	-0.0357478
118.6	-0.0357528
118.8	-0.0357578
119	-0.0357628
119.2	-0.0357678
119.4	-0.0357727
119.6	-0.0357776
119.8	-0.0357824
120	-0.0357871
120.2	-0.0357917
120.4	-0.0357962
120.6	-0.0358006
120.8	-0.0358049
121	-0.0358091
121.2	-0.0358131
121.4	-0.035817
121.6	-0.0358207
121.8	-0.0358244
122	-0.0358278
122.2	-0.0358312
122.4	-0.0358344
122.6	-0.0358375
122.8	-0.0358404
123	-0.0358432
123.2	-0.0358459
123.4	-0.0358485
123.6	-0.035851
123.8	-0.0358535
124	-0.0358558
124.2	-0.035858
124.4	-0.0358602
124.6	-0.0358624
124.8	-0.0358645
125	-0.0358666
125.2	-0.0358686
125.4	-0.0358707
125.6	-0.0358727
125.8	-0.0358748
126	-0.0358768
126.2	-0.0358789
126.4	-0.0358811
126.6	-0.0358832
126.8	-0.0358855
127	-0.0358877
127.2	-0.0358901
127.4	-0.0358925
127.6	-0.0358949
127.8	-0.0358974
128	-0.0359
128.2	-0.0359027
128.4	-0.0359054
128.6	-0.0359082
128.8	-0.0359111
129	-0.0359141
129.2	-0.0359171
129.4	-0.0359201
129.6	-0.0359232
129.8	-0.0359264
130	-0.0359296
130.2	-0.0359328
130.4	-0.0359361
130.6	-0.0359394
130.8	-0.0359427
131	-0.035946
131.2	-0.0359493
131.4	-0.0359527
131.6	-0.035956
131.8	-0.0359593
132	-0.0359625
132.2	-0.0359658
132.4	-0.035969
132.6	-0.0359722
132.8	-0.0359753
133	-0.0359783
133.2	-0.0359814
133.4	-0.0359843
133.6	-0.0359872
133.8	-0.03599
134	-0.0359928
134.2	-0.0359955
134.4	-0.0359981
134.6	-0.0360007
134.8	-0.0360032
135	-0.0360056
135.2	-0.036008
135.4	-0.0360102
135.6	-0.0360125
135.8	-0.0360146
136	-0.0360168
136.2	-0.0360188
136.4	-0.0360208
136.6	-0.0360228
136.8	-0.0360248
137	-0.0360266
137.2	-0.0360285
137.4	-0.0360304
137.6	-0.0360322
137.8	-0.036034
138	-0.0360358
138.2	-0.0360376
138.4	-0.0360393
138.6	-0.0360411
138.8	-0.0360429
139	-0.0360447
139.2	-0.0360465
139.4	-0.0360483
139.6	-0.0360502
139.8	-0.036052
140	-0.0360539
140.2	-0.0360558
140.4	-0.0360577
140.6	-0.0360597
140.8	-0.0360617
141	-0.0360637
141.2	-0.0360657
141.4	-0.0360678
141.6	-0.0360699
141.8	-0.036072
142	-0.0360742
142.2	-0.0360763
142.4	-0.0360785
142.6	-0.0360807
142.8	-0.0360829
143	-0.0360851
143.2	-0.0360873
143.4	-0.0360895
143.6	-0.0360918
143.8	-0.036094
144	-0.0360962
144.2	-0.0360984
144.4	-0.0361006
144.6	-0.0361028
144.8	-0.036105
145	-0.0361072
145.2	-0.0361093
145.4	-0.0361114
145.6	-0.0361135
145.8	-0.0361156
146	-0.0361176
146.2	-0.0361196
146.4	-0.0361216
146.6	-0.0361235
146.8	-0.0361254
147	-0.0361272
147.2	-0.0361291
147.4	-0.0361309
147.6	-0.0361326
147.8	-0.0361344
148	-0.036136
148.2	-0.0361377
148.4	-0.0361393
148.6	-0.0361409
148.8	-0.0361425
149	-0.0361441
149.2	-0.0361456
149.4	-0.0361471
149.6	-0.0361486
149.8	-0.03615
150	-0.0361515
150.2	-0.0361529
150.4	-0.0361543
150.6	-0.0361557
150.8	-0.0361571
151	-0.0361585
151.2	-0.0361599
151.4	-0.0361613
151.6	-0.0361627
151.8	-0.0361641
152	-0.0361655
152.2	-0.0361669
152.4	-0.0361683
152.6	-0.0361697
152.8	-0.0361711
153	-0.0361725
153.2	-0.036174
153.4	-0.0361754
153.6	-0.0361769
153.8	-0.0361783
154	-0.0361798
154.2	-0.0361813
154.4	-0.0361827
154.6	-0.0361842
154.8	-0.0361857
155	-0.0361872
155.2	-0.0361887
155.4	-0.0361903
155.6	-0.0361918
155.8	-0.0361933
156	-0.0361948
156.2	-0.0361963
156.4	-0.0361978
156.6	-0.0361993
156.8	-0.0362008
157	-0.0362023
157.2	-0.0362038
157.4	-0.0362053
157.6	-0.0362067
157.8	-0.0362082
158	-0.0362096
158.2	-0.0362111
158.4	-0.0362125
158.6	-0.0362139
158.8	-0.0362152
159	-0.0362166
159.2	-0.0362179
159.4	-0.0362193
159.6	-0.0362206
159.8	-0.0362219
160	-0.0362231
160.2	-0.0362244
160.4	-0.0362256
160.6	-0.0362268
160.8	-0.036228
161	-0.0362292
161.2	-0.0362304
161.4	-0.0362315
161.6	-0.0362327
161.8	-0.0362338
162	-0.0362349
162.2	-0.036236
162.4	-0.0362371
162.6	-0.0362382
162.8	-0.0362393
163	-0.0362403
163.2	-0.0362414
163.4	-0.0362424
163.6	-0.0362435
163.8	-0.0362445
164	-0.0362455
164.2	-0.0362466
164.4	-0.0362476
164.6	-0.0362486
164.8	-0.0362496
165	-0.0362507
165.2	-0.0362517
165.4	-0.0362527
165.6	-0.0362538
165.8	-0.0362548
166	-0.0362558
166.2	-0.0362568
166.4	-0.0362579
166.6	-0.0362589
166.8	-0.03626
167	-0.036261
167.2	-0.036262
167.4	-0.0362631
167.6	-0.0362641
167.8	-0.0362652
168	-0.0362662
168.2	-0.0362673
168.4	-0.0362683
168.6	-0.0362693
168.8	-0.0362704
169	-0.0362714
169.2	-0.0362724
169.4	-0.0362735
169.6	-0.0362745
169.8	-0.0362755
170	-0.0362765
170.2	-0.0362775
170.4	-0.0362785
170.6	-0.0362795
170.8	-0.0362805
171	-0.0362814
171.2	-0.0362824
171.4	-0.0362833
171.6	-0.0362843
171.8	-0.0362852
172	-0.0362861
172.2	-0.0362871
172.4	-0.036288
172.6	-0.0362889
172.8	-0.0362897
173	-0.0362906
173.2	-0.0362915
173.4	-0.0362923
173.6	-0.0362932
173.8	-0.036294
174	-0.0362948
174.2	-0.0362957
174.4	-0.0362965
174.6	-0.0362973
174.8	-0.0362981
175	-0.0362989
175.2	-0.0362996
175.4	-0.0363004
175.6	-0.0363012
175.8	-0.036302
176	-0.0363027
176.2	-0.0363035
176.4	-0.0363042
176.6	-0.036305
176.8	-0.0363057
177	-0.0363065
177.2	-0.0363072
177.4	-0.036308
177.6	-0.0363087
177.8	-0.0363094
178	-0.0363102
178.2	-0.0363109
178.4	-0.0363116
178.6	-0.0363124
178.8	-0.0363131
179	-0.0363138
179.2	-0.0363146
179.4	-0.0363153
179.6	-0.036316
179.8	-0.0363168
180	-0.0363175
180.2	-0.0363182
180.4	-0.0363189
180.6	-0.0363197
180.8	-0.0363204
181	-0.0363211
181.2	-0.0363218
181.4	-0.0363225
181.6	-0.0363232
181.8	-0.0363239
182	-0.0363246
182.2	-0.0363253
182.4	-0.036326
182.6	-0.0363267
182.8	-0.0363274
183	-0.0363281
183.2	-0.0363288
183.4	-0.0363295
183.6	-0.0363301
183.8	-0.0363308
184	-0.0363315
184.2	-0.0363321
184.4	-0.0363328
184.6	-0.0363334
184.8	-0.0363341
185	-0.0363347
185.2	-0.0363353
185.4	-0.0363359
185.6	-0.0363366
185.8	-0.0363372
186	-0.0363378
186.2	-0.0363384
186.4	-0.036339
186.6	-0.0363395
186.8	-0.0363401
187	-0.0363407
187.2	-0.0363413
187.4	-0.0363418
187.6	-0.0363424
187.8	-0.036343
188	-0.0363435
188.2	-0.0363441
188.4	-0.0363446
188.6	-0.0363452
188.8	-0.0363457
189	-0.0363463
189.2	-0.0363468
189.4	-0.0363473
189.6	-0.0363479
189.8	-0.0363484
190	-0.0363489
190.2	-0.0363494
190.4	-0.03635
190.6	-0.0363505
190.8	-0.036351
191	-0.0363515
191.2	-0.0363521
191.4	-0.0363526
191.6	-0.0363531
191.8	-0.0363536
192	-0.0363541
192.2	-0.0363546
192.4	-0.0363551
192.6	-0.0363556
192.8	-0.0363561
193	-0.0363566
193.2	-0.0363572
193.4	-0.0363577
193.6	-0.0363582
193.8	-0.0363586
194	-0.0363591
194.2	-0.0363596
194.4	-0.0363601
194.6	-0.0363606
194.8	-0.0363611
195	-0.0363616
195.2	-0.0363621
195.4	-0.0363625
195.6	-0.036363
195.8	-0.0363635
196	-0.036364
196.2	-0.0363644
196.4	-0.0363649
196.6	-0.0363653
196.8	-0.0363658
197	-0.0363663
197.2	-0.0363667
197.4	-0.0363671
197.6	-0.0363676
197.8	-0.036368
198	-0.0363685
198.2	-0.0363689
198.4	-0.0363693
198.6	-0.0363697
198.8	-0.0363702
199	-0.0363706
199.2	-0.036371
199.4	-0.0363714
199.6	-0.0363718
199.8	-0.0363722
