# Time	U	V	U_magnitude
0	-4.65974e-28	7.51295e-28	8.84068e-28
0.2	-0.0058197	0.000156467	0.0058218
0.4	-0.0183385	0.000109714	0.0183388
0.6	-0.0125756	0.000772244	0.0125993
0.8	-0.0123	0.000320824	0.0123042
1	-0.0212858	0.00120704	0.02132
1.2	-0.0204775	0.00197485	0.0205725
1.4	-0.0169898	0.00160954	0.0170659
1.6	-0.022478	0.00242253	0.0226082
1.8	-0.0245355	0.00360052	0.0247983
2	-0.021384	0.00360298	0.0216854
2.2	-0.0236797	0.00394413	0.0240059
2.4	-0.0267807	0.00550805	0.0273413
2.6	-0.0253789	0.00602231	0.0260836
2.8	-0.0257015	0.00619796	0.0264383
3	-0.0287139	0.00771815	0.0297331
3.2	-0.028941	0.00890234	0.0302793
3.4	-0.0287464	0.00921411	0.030187
3.6	-0.0310389	0.0105024	0.0327675
3.8	-0.0324035	0.0121918	0.0346212
4	-0.0325262	0.0129073	0.0349936
4.2	-0.0341382	0.014012	0.0369019
4.4	-0.0360632	0.01591	0.0394168
4.6	-0.036818	0.0171652	0.0406228
4.8	-0.0381125	0.0182592	0.0422606
5	-0.0401629	0.0201638	0.0449404
5.2	-0.0415623	0.0219066	0.0469822
5.4	-0.0428865	0.0232035	0.0487612
5.6	-0.0448972	0.0250569	0.051416
5.8	-0.0467795	0.02714	0.0540823
6	-0.0483647	0.0287909	0.0562855
6.2	-0.050359	0.030659	0.0589576
6.4	-0.0525377	0.0329425	0.0620114
6.6	-0.0544777	0.0349927	0.0647481
6.8	-0.0565555	0.0370035	0.0675853
7	-0.0589097	0.0394127	0.0708781
7.2	-0.0611882	0.0418256	0.0741173
7.4	-0.0634493	0.0440978	0.0772686
7.6	-0.0659356	0.0466352	0.080761
7.8	-0.0684879	0.0493456	0.0844132
8	-0.0709936	0.0519546	0.0879737
8.2	-0.0736326	0.0546987	0.0917262
8.4	-0.0764215	0.0577131	0.0957656
8.6	-0.0792356	0.0608019	0.0998757
8.8	-0.0821593	0.0640715	0.104189
9	-0.0853127	0.0678053	0.108976
9.2	-0.0886502	0.0720228	0.11422
9.4	-0.0921796	0.0767942	0.119977
9.6	-0.0960026	0.0824004	0.126516
9.8	-0.100098	0.0889464	0.133907
10	-0.10437	0.0963625	0.142052
10.2	-0.108783	0.104661	0.150955
10.4	-0.113265	0.113776	0.160543
10.6	-0.117656	0.123441	0.17053
10.8	-0.121829	0.133404	0.180663
11	-0.125708	0.143466	0.190748
11.2	-0.129173	0.153344	0.200499
11.4	-0.132121	0.162752	0.209628
11.6	-0.134513	0.171511	0.217967
11.8	-0.136321	0.179455	0.225361
12	-0.137507	0.18641	0.23164
12.2	-0.13808	0.192281	0.236724
12.4	-0.138081	0.197037	0.240603
12.6	-0.137536	0.200642	0.243255
12.8	-0.136489	0.203098	0.2447
13	-0.135014	0.204474	0.245027
13.2	-0.133178	0.204846	0.244332
13.4	-0.131038	0.204295	0.242708
13.6	-0.12867	0.202939	0.240292
13.8	-0.126144	0.20091	0.237228
14	-0.123515	0.198321	0.233639
14.2	-0.120834	0.195293	0.229653
14.4	-0.118155	0.191951	0.225402
14.6	-0.115512	0.188397	0.220989
14.8	-0.112929	0.184714	0.2165
15	-0.110432	0.180985	0.212016
15.2	-0.108036	0.177274	0.2076
15.4	-0.105743	0.173621	0.203288
15.6	-0.103557	0.170059	0.199108
15.8	-0.101479	0.166613	0.195084
16	-0.0995026	0.163291	0.191219
16.2	-0.0976207	0.160094	0.187509
16.4	-0.0958285	0.157021	0.183953
16.6	-0.0941182	0.154065	0.180539
16.8	-0.0924806	0.151215	0.177253
17	-0.0909101	0.148459	0.174082
17.2	-0.0894014	0.145787	0.171016
17.4	-0.0879476	0.143186	0.168039
17.6	-0.0865442	0.140645	0.165139
17.8	-0.0851886	0.138157	0.162309
18	-0.0838772	0.135712	0.15954
18.2	-0.0826068	0.133303	0.156823
18.4	-0.0813764	0.130925	0.154154
18.6	-0.0801849	0.128575	0.151529
18.8	-0.0790304	0.126249	0.148945
19	-0.0779125	0.123945	0.146399
19.2	-0.0768311	0.121662	0.143891
19.4	-0.0757854	0.1194	0.141421
19.6	-0.074775	0.117159	0.138988
19.8	-0.0738002	0.11494	0.136593
20	-0.0728605	0.112744	0.134238
20.2	-0.0719554	0.110573	0.131924
20.4	-0.0710848	0.108427	0.129651
20.6	-0.0702487	0.106309	0.127422
20.8	-0.0694464	0.10422	0.125238
21	-0.0686773	0.102162	0.1231
21.2	-0.0679412	0.100137	0.12101
21.4	-0.0672374	0.0981467	0.118969
21.6	-0.0665649	0.0961919	0.116978
21.8	-0.0659233	0.0942744	0.115037
22	-0.0653116	0.0923957	0.113148
22.2	-0.0647288	0.0905566	0.111312
22.4	-0.0641741	0.0887583	0.109528
22.6	-0.0636464	0.0870018	0.107797
22.8	-0.0631447	0.0852878	0.106119
23	-0.0626677	0.0836167	0.104494
23.2	-0.0622145	0.0819892	0.102922
23.4	-0.0617837	0.0804057	0.101402
23.6	-0.0613742	0.0788663	0.0999334
23.8	-0.0609848	0.077371	0.0985161
24	-0.060614	0.0759201	0.097149
24.2	-0.0602608	0.0745133	0.0958311
24.4	-0.0599239	0.0731503	0.0945613
24.6	-0.059602	0.0718309	0.0933385
24.8	-0.0592938	0.0705546	0.0921613
25	-0.0589979	0.069321	0.0910283
25.2	-0.0587133	0.0681295	0.0899382
25.4	-0.0584388	0.0669794	0.0888894
25.6	-0.0581731	0.0658698	0.0878803
25.8	-0.057915	0.0648001	0.0869092
26	-0.0576632	0.0637695	0.0859744
26.2	-0.0574167	0.062777	0.0850742
26.4	-0.0571746	0.0618216	0.0842071
26.6	-0.0569358	0.0609022	0.0833713
26.8	-0.0566994	0.0600177	0.0825648
27	-0.0564642	0.0591671	0.081786
27.2	-0.0562292	0.0583492	0.081033
27.4	-0.0559937	0.0575628	0.0803042
27.6	-0.0557568	0.0568068	0.0795979
27.8	-0.055518	0.0560799	0.0789126
28	-0.0552766	0.0553808	0.0782466
28.2	-0.055032	0.0547081	0.0775983
28.4	-0.0547836	0.0540605	0.0769661
28.6	-0.0545309	0.0534367	0.0763485
28.8	-0.0542732	0.0528353	0.075744
29	-0.0540102	0.0522551	0.0751512
29.2	-0.0537417	0.0516947	0.0745688
29.4	-0.0534674	0.0511528	0.0739957
29.6	-0.0531872	0.050628	0.0734307
29.8	-0.052901	0.050119	0.0728727
30	-0.0526089	0.0496245	0.0723208
30.2	-0.052311	0.0491433	0.0717739
30.4	-0.0520072	0.048674	0.0712314
30.6	-0.0516979	0.0482153	0.0706922
30.8	-0.0513831	0.0477661	0.0701557
31	-0.0510632	0.0473252	0.0696213
31.2	-0.0507386	0.0468915	0.0690885
31.4	-0.0504096	0.0464638	0.0685566
31.6	-0.0500766	0.0460412	0.0680254
31.8	-0.0497403	0.0456226	0.0674946
32	-0.0494013	0.0452072	0.066964
32.2	-0.0490601	0.0447942	0.0664335
32.4	-0.0487174	0.0443827	0.065903
32.6	-0.0483741	0.043972	0.0653727
32.8	-0.0480307	0.0435616	0.0648426
33	-0.0476882	0.0431507	0.0643129
33.2	-0.0473473	0.0427391	0.063784
33.4	-0.0470089	0.0423261	0.0632562
33.6	-0.0466738	0.0419116	0.0627298
33.8	-0.0463428	0.0414952	0.0622054
34	-0.0460168	0.0410768	0.0616834
34.2	-0.0456964	0.0406562	0.0611645
34.4	-0.0453826	0.0402335	0.0606491
34.6	-0.045076	0.0398087	0.060138
34.8	-0.0447774	0.0393821	0.0596319
35	-0.0444876	0.0389538	0.0591316
35.2	-0.0442072	0.0385242	0.0586377
35.4	-0.0439368	0.0380936	0.0581512
35.6	-0.0436771	0.0376626	0.0576729
35.8	-0.0434287	0.0372316	0.0572035
36	-0.043192	0.0368013	0.056744
36.2	-0.0429676	0.0363721	0.0562952
36.4	-0.0427558	0.0359449	0.0558578
36.6	-0.0425569	0.0355202	0.0554326
36.8	-0.042371	0.0350987	0.0550202
37	-0.0421984	0.0346813	0.0546214
37.2	-0.0420389	0.0342686	0.0542366
37.4	-0.0418926	0.0338616	0.0538665
37.6	-0.0417593	0.033461	0.0535115
37.8	-0.0416389	0.0330676	0.0531721
38	-0.0415312	0.0326823	0.0528486
38.2	-0.0414359	0.0323058	0.0525414
38.4	-0.0413526	0.0319389	0.0522506
38.6	-0.0412809	0.0315823	0.0519765
38.8	-0.0412203	0.0312367	0.0517188
39	-0.0411701	0.0309027	0.0514777
39.2	-0.0411299	0.0305809	0.0512529
39.4	-0.0410988	0.0302719	0.0510441
39.6	-0.0410761	0.0299761	0.0508509
39.8	-0.041061	0.029694	0.0506729
40	-0.0410527	0.0294258	0.0505094
40.2	-0.0410501	0.0291719	0.0503598
40.4	-0.0410526	0.0289325	0.0502236
40.6	-0.0410591	0.0287078	0.0500998
40.8	-0.0410688	0.0284978	0.0499877
41	-0.0410808	0.0283026	0.0498865
41.2	-0.0410941	0.0281219	0.0497952
41.4	-0.0411079	0.0279557	0.049713
41.6	-0.0411213	0.0278037	0.0496387
41.8	-0.0411334	0.0276656	0.0495716
42	-0.0411435	0.0275409	0.0495105
42.2	-0.0411506	0.0274293	0.0494544
42.4	-0.0411542	0.0273301	0.0494024
42.6	-0.0411534	0.0272428	0.0493536
42.8	-0.0411476	0.0271668	0.0493068
43	-0.0411363	0.0271012	0.0492612
43.2	-0.0411188	0.0270454	0.049216
43.4	-0.0410948	0.0269986	0.0491701
43.6	-0.0410637	0.0269598	0.0491229
43.8	-0.0410254	0.0269283	0.0490736
44	-0.0409794	0.0269032	0.0490214
44.2	-0.0409257	0.0268835	0.0489657
44.4	-0.0408642	0.0268683	0.0489059
44.6	-0.0407947	0.0268567	0.0488415
44.8	-0.0407173	0.0268478	0.0487719
45	-0.0406321	0.0268407	0.0486969
45.2	-0.0405393	0.0268346	0.0486161
45.4	-0.0404391	0.0268284	0.0485292
45.6	-0.0403319	0.0268214	0.0484361
45.8	-0.040218	0.0268129	0.0483365
46	-0.0400978	0.026802	0.0482306
46.2	-0.0399719	0.0267881	0.0481181
46.4	-0.0398407	0.0267705	0.0479994
46.6	-0.0397047	0.0267486	0.0478744
46.8	-0.0395647	0.0267219	0.0477434
47	-0.0394213	0.0266899	0.0476066
47.2	-0.0392751	0.0266522	0.0474644
47.4	-0.0391267	0.0266085	0.0473172
47.6	-0.038977	0.0265585	0.0471652
47.8	-0.0388266	0.026502	0.0470091
48	-0.0386762	0.0264388	0.0468493
48.2	-0.0385266	0.026369	0.0466864
48.4	-0.0383783	0.0262926	0.0465209
48.6	-0.0382322	0.0262096	0.0463535
48.8	-0.0380888	0.0261202	0.0461847
49	-0.0379488	0.0260246	0.0460152
49.2	-0.0378129	0.0259231	0.0458456
49.4	-0.0376814	0.0258161	0.0456767
49.6	-0.0375551	0.0257038	0.0455091
49.8	-0.0374344	0.0255869	0.0453433
50	-0.0373196	0.0254656	0.0451802
50.2	-0.0372112	0.0253407	0.0450203
50.4	-0.0371096	0.0252126	0.0448642
50.6	-0.0370149	0.025082	0.0447125
50.8	-0.0369275	0.0249493	0.0445658
51	-0.0368474	0.0248154	0.0444245
51.2	-0.0367748	0.0246808	0.0442892
51.4	-0.0367098	0.0245462	0.0441602
51.6	-0.0366522	0.0244122	0.044038
51.8	-0.0366021	0.0242795	0.0439227
52	-0.0365592	0.0241488	0.0438148
52.2	-0.0365235	0.0240205	0.0437144
52.4	-0.0364946	0.0238954	0.0436216
52.6	-0.0364722	0.023774	0.0435365
52.8	-0.0364561	0.0236568	0.0434591
53	-0.0364459	0.0235443	0.0433894
53.2	-0.0364411	0.0234369	0.0433272
53.4	-0.0364412	0.0233352	0.0432723
53.6	-0.0364458	0.0232394	0.0432247
53.8	-0.0364544	0.0231499	0.0431838
54	-0.0364664	0.0230669	0.0431495
54.2	-0.0364813	0.0229906	0.0431214
54.4	-0.0364985	0.0229212	0.043099
54.6	-0.0365175	0.0228587	0.0430819
54.8	-0.0365377	0.0228033	0.0430696
55	-0.0365585	0.0227547	0.0430616
55.2	-0.0365794	0.0227131	0.0430573
55.4	-0.0365998	0.0226782	0.0430563
55.6	-0.0366193	0.0226499	0.043058
55.8	-0.0366373	0.0226279	0.0430617
56	-0.0366534	0.0226119	0.043067
56.2	-0.0366672	0.0226016	0.0430733
56.4	-0.0366782	0.0225966	0.0430801
56.6	-0.0366862	0.0225966	0.0430869
56.8	-0.0366907	0.0226011	0.0430931
57	-0.0366916	0.0226096	0.0430983
57.2	-0.0366885	0.0226216	0.043102
57.4	-0.0366814	0.0226367	0.0431039
57.6	-0.0366701	0.0226543	0.0431035
57.8	-0.0366544	0.0226739	0.0431005
58	-0.0366344	0.0226949	0.0430946
58.2	-0.0366101	0.022717	0.0430855
58.4	-0.0365815	0.0227394	0.043073
58.6	-0.0365486	0.0227618	0.043057
58.8	-0.0365118	0.0227836	0.0430372
59	-0.036471	0.0228044	0.0430137
59.2	-0.0364265	0.0228238	0.0429862
59.4	-0.0363787	0.0228412	0.042955
59.6	-0.0363277	0.0228564	0.0429198
59.8	-0.0362738	0.0228689	0.0428809
60	-0.0362174	0.0228785	0.0428384
60.2	-0.0361589	0.0228849	0.0427923
60.4	-0.0360985	0.0228878	0.0427429
60.6	-0.0360367	0.0228871	0.0426903
60.8	-0.0359739	0.0228825	0.0426349
61	-0.0359105	0.022874	0.0425768
61.2	-0.0358468	0.0228615	0.0425164
61.4	-0.0357833	0.022845	0.0424539
61.6	-0.0357203	0.0228244	0.0423898
61.8	-0.0356583	0.0227999	0.0423243
62	-0.0355975	0.0227715	0.0422579
62.2	-0.0355385	0.0227394	0.0421908
62.4	-0.0354814	0.0227037	0.0421234
62.6	-0.0354266	0.0226646	0.0420562
62.8	-0.0353744	0.0226223	0.0419895
63	-0.0353251	0.0225772	0.0419236
63.2	-0.0352788	0.0225295	0.041859
63.4	-0.0352359	0.0224795	0.0417959
63.6	-0.0351965	0.0224276	0.0417348
63.8	-0.0351607	0.022374	0.0416758
64	-0.0351287	0.0223191	0.0416193
64.2	-0.0351005	0.0222634	0.0415656
64.4	-0.0350761	0.0222071	0.0415149
64.6	-0.0350556	0.0221507	0.0414675
64.8	-0.035039	0.0220945	0.0414234
65	-0.0350262	0.0220389	0.0413829
65.2	-0.0350171	0.0219842	0.0413461
65.4	-0.0350116	0.0219308	0.0413131
65.6	-0.0350096	0.021879	0.0412839
65.8	-0.0350108	0.0218291	0.0412585
66	-0.0350151	0.0217814	0.041237
66.2	-0.0350223	0.0217363	0.0412192
66.4	-0.0350321	0.0216938	0.0412052
66.6	-0.0350443	0.0216543	0.0411948
66.8	-0.0350585	0.0216179	0.0411878
67	-0.0350746	0.0215848	0.0411841
67.2	-0.0350922	0.021555	0.0411835
67.4	-0.035111	0.0215288	0.0411858
67.6	-0.0351307	0.0215061	0.0411907
67.8	-0.035151	0.0214869	0.0411981
68	-0.0351716	0.0214713	0.0412075
68.2	-0.0351923	0.0214592	0.0412189
68.4	-0.0352127	0.0214506	0.0412318
68.6	-0.0352325	0.0214453	0.041246
68.8	-0.0352515	0.0214432	0.0412611
69	-0.0352695	0.0214442	0.041277
69.2	-0.0352862	0.0214481	0.0412932
69.4	-0.0353014	0.0214546	0.0413096
69.6	-0.0353149	0.0214636	0.0413259
69.8	-0.0353266	0.0214748	0.0413417
70	-0.0353363	0.021488	0.0413568
70.2	-0.0353439	0.0215029	0.0413711
70.4	-0.0353493	0.0215192	0.0413842
70.6	-0.0353525	0.0215366	0.041396
70.8	-0.0353534	0.021555	0.0414063
71	-0.0353521	0.0215739	0.041415
71.2	-0.0353484	0.0215931	0.0414219
71.4	-0.0353424	0.0216124	0.0414268
71.6	-0.0353343	0.0216314	0.0414298
71.8	-0.0353241	0.02165	0.0414308
72	-0.0353118	0.0216678	0.0414297
72.2	-0.0352976	0.0216847	0.0414264
72.4	-0.0352817	0.0217004	0.0414211
72.6	-0.0352642	0.0217147	0.0414136
72.8	-0.0352452	0.0217275	0.0414042
73	-0.0352249	0.0217386	0.0413928
73.2	-0.0352036	0.0217479	0.0413795
73.4	-0.0351814	0.0217552	0.0413645
73.6	-0.0351585	0.0217605	0.0413478
73.8	-0.0351351	0.0217636	0.0413296
74	-0.0351115	0.0217647	0.04131
74.2	-0.0350878	0.0217635	0.0412893
74.4	-0.0350642	0.0217602	0.0412675
74.6	-0.0350409	0.0217548	0.0412448
74.8	-0.0350182	0.0217473	0.0412215
75	-0.0349961	0.0217377	0.0411978
75.2	-0.034975	0.0217262	0.0411737
75.4	-0.0349549	0.0217128	0.0411496
75.6	-0.034936	0.0216977	0.0411256
75.8	-0.0349185	0.021681	0.0411018
76	-0.0349024	0.0216628	0.0410786
76.2	-0.0348879	0.0216433	0.041056
76.4	-0.034875	0.0216228	0.0410343
76.6	-0.0348639	0.0216013	0.0410135
76.8	-0.0348547	0.021579	0.0409939
77	-0.0348472	0.0215562	0.0409756
77.2	-0.0348417	0.021533	0.0409587
77.4	-0.0348381	0.0215096	0.0409433
77.6	-0.0348363	0.0214862	0.0409295
77.8	-0.0348364	0.021463	0.0409174
78	-0.0348383	0.0214402	0.0409071
78.2	-0.0348419	0.021418	0.0408985
78.4	-0.0348472	0.0213966	0.0408918
78.6	-0.0348542	0.021376	0.040887
78.8	-0.0348626	0.0213564	0.040884
79	-0.0348725	0.0213381	0.0408828
79.2	-0.0348836	0.0213211	0.0408834
79.4	-0.0348958	0.0213055	0.0408857
79.6	-0.0349091	0.0212914	0.0408897
79.8	-0.0349232	0.0212789	0.0408953
80	-0.034938	0.0212681	0.0409023
80.2	-0.0349534	0.021259	0.0409107
80.4	-0.0349693	0.0212517	0.0409204
80.6	-0.0349854	0.021246	0.0409313
80.8	-0.0350016	0.0212422	0.0409431
81	-0.0350177	0.0212401	0.0409559
81.2	-0.0350337	0.0212396	0.0409693
81.4	-0.0350494	0.0212408	0.0409833
81.6	-0.0350647	0.0212436	0.0409978
81.8	-0.0350794	0.0212478	0.0410126
82	-0.0350934	0.0212535	0.0410275
82.2	-0.0351066	0.0212605	0.0410424
82.4	-0.0351189	0.0212687	0.0410572
82.6	-0.0351303	0.0212779	0.0410718
82.8	-0.0351407	0.0212881	0.0410859
83	-0.03515	0.0212991	0.0410995
83.2	-0.0351582	0.0213107	0.0411126
83.4	-0.0351652	0.0213229	0.0411249
83.6	-0.0351711	0.0213355	0.0411364
83.8	-0.0351758	0.0213483	0.0411471
84	-0.0351793	0.0213612	0.0411568
84.2	-0.0351816	0.0213741	0.0411655
84.4	-0.0351829	0.0213869	0.0411732
84.6	-0.0351831	0.0213993	0.0411798
84.8	-0.0351822	0.0214113	0.0411854
85	-0.0351804	0.0214229	0.0411898
85.2	-0.0351777	0.0214337	0.0411931
85.4	-0.0351741	0.0214439	0.0411954
85.6	-0.0351699	0.0214533	0.0411966
85.8	-0.0351649	0.0214617	0.0411968
86	-0.0351595	0.0214692	0.0411961
86.2	-0.0351535	0.0214757	0.0411944
86.4	-0.0351472	0.0214812	0.0411918
86.6	-0.0351407	0.0214856	0.0411885
86.8	-0.0351339	0.0214889	0.0411845
87	-0.0351272	0.021491	0.0411799
87.2	-0.0351204	0.0214921	0.0411747
87.4	-0.0351139	0.0214921	0.0411691
87.6	-0.0351075	0.021491	0.0411631
87.8	-0.0351015	0.0214889	0.0411569
88	-0.0350959	0.0214859	0.0411505
88.2	-0.0350907	0.0214819	0.041144
88.4	-0.0350862	0.021477	0.0411376
88.6	-0.0350822	0.0214713	0.0411313
88.8	-0.035079	0.021465	0.0411252
89	-0.0350765	0.0214579	0.0411194
89.2	-0.0350748	0.0214503	0.041114
89.4	-0.0350739	0.0214423	0.041109
89.6	-0.0350738	0.0214339	0.0411046
89.8	-0.0350747	0.0214252	0.0411007
90	-0.0350764	0.0214163	0.0410976
90.2	-0.0350789	0.0214074	0.0410951
90.4	-0.0350824	0.0213984	0.0410934
90.6	-0.0350867	0.0213896	0.0410924
90.8	-0.0350918	0.0213809	0.0410923
91	-0.0350978	0.0213725	0.041093
91.2	-0.0351045	0.0213645	0.0410946
91.4	-0.0351119	0.0213569	0.041097
91.6	-0.0351201	0.0213498	0.0411003
91.8	-0.0351288	0.0213433	0.0411044
92	-0.0351381	0.0213375	0.0411093
92.2	-0.0351479	0.0213323	0.041115
92.4	-0.0351582	0.0213278	0.0411215
92.6	-0.0351688	0.0213241	0.0411286
92.8	-0.0351797	0.0213212	0.0411364
93	-0.0351908	0.0213191	0.0411449
93.2	-0.0352021	0.0213179	0.0411539
93.4	-0.0352135	0.0213175	0.0411634
93.6	-0.0352248	0.0213179	0.0411733
93.8	-0.0352361	0.0213191	0.0411836
94	-0.0352473	0.0213211	0.0411941
94.2	-0.0352582	0.0213238	0.041205
94.4	-0.035269	0.0213273	0.0412159
94.6	-0.0352794	0.0213315	0.041227
94.8	-0.0352894	0.0213363	0.0412381
95	-0.035299	0.0213417	0.0412491
95.2	-0.0353082	0.0213477	0.04126
95.4	-0.0353169	0.0213541	0.0412708
95.6	-0.035325	0.0213609	0.0412813
95.8	-0.0353326	0.0213681	0.0412916
96	-0.0353397	0.0213756	0.0413015
96.2	-0.0353462	0.0213833	0.041311
96.4	-0.0353521	0.0213911	0.0413201
96.6	-0.0353574	0.0213991	0.0413287
96.8	-0.0353621	0.021407	0.0413369
97	-0.0353663	0.0214149	0.0413445
97.2	-0.0353699	0.0214226	0.0413516
97.4	-0.035373	0.0214302	0.0413582
97.6	-0.0353755	0.0214376	0.0413642
97.8	-0.0353777	0.0214447	0.0413697
98	-0.0353793	0.0214514	0.0413746
98.2	-0.0353806	0.0214578	0.041379
98.4	-0.0353815	0.0214638	0.0413829
98.6	-0.0353821	0.0214693	0.0413863
98.8	-0.0353825	0.0214743	0.0413892
99	-0.0353826	0.0214788	0.0413916
99.2	-0.0353825	0.0214828	0.0413936
99.4	-0.0353823	0.0214863	0.0413953
99.6	-0.035382	0.0214892	0.0413966
99.8	-0.0353817	0.0214916	0.0413975
100	-0.0353815	0.0214934	0.0413983
100.2	-0.0353812	0.0214948	0.0413988
100.4	-0.0353811	0.0214956	0.0413991
100.6	-0.0353812	0.0214959	0.0413993
100.8	-0.0353814	0.0214958	0.0413994
101	-0.0353818	0.0214952	0.0413995
101.2	-0.0353825	0.0214942	0.0413996
101.4	-0.0353835	0.0214928	0.0413997
101.6	-0.0353848	0.0214911	0.0413999
101.8	-0.0353865	0.0214891	0.0414003
102	-0.0353885	0.0214868	0.0414008
102.2	-0.0353909	0.0214843	0.0414016
102.4	-0.0353936	0.0214817	0.0414026
102.6	-0.0353968	0.0214789	0.0414038
102.8	-0.0354003	0.0214761	0.0414054
103	-0.0354043	0.0214732	0.0414072
103.2	-0.0354086	0.0214703	0.0414094
103.4	-0.0354133	0.0214675	0.041412
103.6	-0.0354184	0.0214648	0.0414149
103.8	-0.0354238	0.0214622	0.0414183
104	-0.0354296	0.0214598	0.0414219
104.2	-0.0354356	0.0214576	0.041426
104.4	-0.035442	0.0214556	0.0414304
104.6	-0.0354486	0.021454	0.0414352
104.8	-0.0354555	0.0214526	0.0414404
105	-0.0354626	0.0214515	0.0414459
105.2	-0.0354698	0.0214508	0.0414517
105.4	-0.0354772	0.0214505	0.0414578
105.6	-0.0354846	0.0214505	0.0414642
105.8	-0.0354922	0.0214508	0.0414709
106	-0.0354998	0.0214516	0.0414778
106.2	-0.0355074	0.0214527	0.0414849
106.4	-0.035515	0.0214542	0.0414921
106.6	-0.0355225	0.0214561	0.0414995
106.8	-0.0355299	0.0214584	0.041507
107	-0.0355372	0.0214609	0.0415146
107.2	-0.0355443	0.0214638	0.0415222
107.4	-0.0355513	0.021467	0.0415299
107.6	-0.0355581	0.0214705	0.0415375
107.8	-0.0355647	0.0214743	0.041545
108	-0.035571	0.0214782	0.0415525
108.2	-0.0355771	0.0214824	0.0415599
108.4	-0.0355829	0.0214867	0.0415671
108.6	-0.0355885	0.0214912	0.0415742
108.8	-0.0355938	0.0214958	0.0415811
109	-0.0355987	0.0215005	0.0415878
109.2	-0.0356035	0.0215052	0.0415942
109.4	-0.0356079	0.02151	0.0416005
109.6	-0.035612	0.0215147	0.0416065
109.8	-0.0356159	0.0215194	0.0416122
110	-0.0356195	0.021524	0.0416177
110.2	-0.0356228	0.0215285	0.0416229
110.4	-0.035626	0.0215328	0.0416278
110.6	-0.0356288	0.0215371	0.0416324
110.8	-0.0356315	0.0215411	0.0416368
111	-0.035634	0.021545	0.0416409
111.2	-0.0356363	0.0215486	0.0416448
111.4	-0.0356385	0.0215521	0.0416484
111.6	-0.0356405	0.0215552	0.0416518
111.8	-0.0356425	0.0215582	0.041655
112	-0.0356443	0.0215609	0.041658
112.2	-0.0356461	0.0215633	0.0416608
112.4	-0.0356478	0.0215655	0.0416634
112.6	-0.0356496	0.0215674	0.0416659
112.8	-0.0356513	0.0215691	0.0416682
113	-0.0356531	0.0215705	0.0416705
113.2	-0.0356549	0.0215717	0.0416726
113.4	-0.0356568	0.0215727	0.0416747
113.6	-0.0356587	0.0215734	0.0416768
113.8	-0.0356608	0.0215739	0.0416788
114	-0.0356629	0.0215743	0.0416809
114.2	-0.0356652	0.0215744	0.0416829
114.4	-0.0356677	0.0215745	0.041685
114.6	-0.0356703	0.0215743	0.0416872
114.8	-0.035673	0.0215741	0.0416894
115	-0.0356759	0.0215738	0.0416917
115.2	-0.035679	0.0215734	0.0416941
115.4	-0.0356822	0.0215729	0.0416967
115.6	-0.0356856	0.0215724	0.0416993
115.8	-0.0356892	0.0215719	0.0417021
116	-0.035693	0.0215714	0.0417051
116.2	-0.0356969	0.021571	0.0417082
116.4	-0.0357009	0.0215706	0.0417115
116.6	-0.0357051	0.0215702	0.0417149
116.8	-0.0357095	0.02157	0.0417185
117	-0.035714	0.0215698	0.0417222
117.2	-0.0357185	0.0215698	0.0417261
117.4	-0.0357232	0.0215698	0.0417302
117.6	-0.035728	0.0215701	0.0417344
117.8	-0.0357329	0.0215704	0.0417387
118	-0.0357378	0.0215709	0.0417432
118.2	-0.0357428	0.0215716	0.0417478
118.4	-0.0357478	0.0215725	0.0417525
118.6	-0.0357528	0.0215735	0.0417574
118.8	-0.0357578	0.0215747	0.0417623
119	-0.0357628	0.021576	0.0417672
119.2	-0.0357678	0.0215775	0.0417723
119.4	-0.0357727	0.0215792	0.0417774
119.6	-0.0357776	0.021581	0.0417825
119.8	-0.0357824	0.021583	0.0417876
120	-0.0357871	0.0215851	0.0417927
120.2	-0.0357917	0.0215874	0.0417978
120.4	-0.0357962	0.0215898	0.0418029
120.6	-0.0358006	0.0215922	0.041808
120.8	-0.0358049	0.0215948	0.041813
121	-0.0358091	0.0215974	0.0418179
121.2	-0.0358131	0.0216002	0.0418228
121.4	-0.035817	0.0216029	0.0418275
121.6	-0.0358207	0.0216057	0.0418322
121.8	-0.0358244	0.0216086	0.0418368
122	-0.0358278	0.0216114	0.0418412
122.2	-0.0358312	0.0216142	0.0418455
122.4	-0.0358344	0.021617	0.0418497
122.6	-0.0358375	0.0216198	0.0418538
122.8	-0.0358404	0.0216226	0.0418577
123	-0.0358432	0.0216253	0.0418615
123.2	-0.0358459	0.0216279	0.0418652
123.4	-0.0358485	0.0216304	0.0418687
123.6	-0.035851	0.0216329	0.0418722
123.8	-0.0358535	0.0216352	0.0418754
124	-0.0358558	0.0216375	0.0418786
124.2	-0.035858	0.0216396	0.0418816
124.4	-0.0358602	0.0216416	0.0418846
124.6	-0.0358624	0.0216435	0.0418874
124.8	-0.0358645	0.0216453	0.0418901
125	-0.0358666	0.021647	0.0418928
125.2	-0.0358686	0.0216485	0.0418953
125.4	-0.0358707	0.02165	0.0418978
125.6	-0.0358727	0.0216513	0.0419002
125.8	-0.0358748	0.0216524	0.0419026
126	-0.0358768	0.0216535	0.0419049
126.2	-0.0358789	0.0216545	0.0419072
126.4	-0.0358811	0.0216554	0.0419095
126.6	-0.0358832	0.0216561	0.0419118
126.8	-0.0358855	0.0216568	0.041914
127	-0.0358877	0.0216575	0.0419163
127.2	-0.0358901	0.021658	0.0419186
127.4	-0.0358925	0.0216585	0.0419209
127.6	-0.0358949	0.0216589	0.0419232
127.8	-0.0358974	0.0216593	0.0419255
128	-0.0359	0.0216597	0.041928
128.2	-0.0359027	0.02166	0.0419304
128.4	-0.0359054	0.0216603	0.0419329
128.6	-0.0359082	0.0216607	0.0419355
128.8	-0.0359111	0.021661	0.0419381
129	-0.0359141	0.0216613	0.0419408
129.2	-0.0359171	0.0216617	0.0419436
129.4	-0.0359201	0.0216621	0.0419464
129.6	-0.0359232	0.0216625	0.0419493
129.8	-0.0359264	0.021663	0.0419522
130	-0.0359296	0.0216635	0.0419553
130.2	-0.0359328	0.0216641	0.0419583
130.4	-0.0359361	0.0216648	0.0419615
130.6	-0.0359394	0.0216655	0.0419647
130.8	-0.0359427	0.0216663	0.0419679
131	-0.035946	0.0216671	0.0419712
131.2	-0.0359493	0.0216681	0.0419745
131.4	-0.0359527	0.0216691	0.0419779
131.6	-0.035956	0.0216701	0.0419813
131.8	-0.0359593	0.0216713	0.0419847
132	-0.0359625	0.0216725	0.0419881
132.2	-0.0359658	0.0216738	0.0419916
132.4	-0.035969	0.0216751	0.041995
132.6	-0.0359722	0.0216766	0.0419984
132.8	-0.0359753	0.021678	0.0420019
133	-0.0359783	0.0216796	0.0420053
133.2	-0.0359814	0.0216811	0.0420087
133.4	-0.0359843	0.0216827	0.042012
133.6	-0.0359872	0.0216844	0.0420154
133.8	-0.03599	0.0216861	0.0420187
134	-0.0359928	0.0216878	0.0420219
134.2	-0.0359955	0.0216895	0.0420251
134.4	-0.0359981	0.0216912	0.0420283
134.6	-0.0360007	0.021693	0.0420313
134.8	-0.0360032	0.0216947	0.0420344
135	-0.0360056	0.0216964	0.0420373
135.2	-0.036008	0.0216981	0.0420402
135.4	-0.0360102	0.0216998	0.0420431
135.6	-0.0360125	0.0217015	0.0420459
135.8	-0.0360146	0.0217031	0.0420486
136	-0.0360168	0.0217047	0.0420512
136.2	-0.0360188	0.0217063	0.0420538
136.4	-0.0360208	0.0217078	0.0420563
136.6	-0.0360228	0.0217093	0.0420587
136.8	-0.0360248	0.0217107	0.0420611
137	-0.0360266	0.0217121	0.0420634
137.2	-0.0360285	0.0217134	0.0420657
137.4	-0.0360304	0.0217146	0.0420679
137.6	-0.0360322	0.0217158	0.0420701
137.8	-0.036034	0.0217169	0.0420722
138	-0.0360358	0.021718	0.0420743
138.2	-0.0360376	0.021719	0.0420764
138.4	-0.0360393	0.02172	0.0420784
138.6	-0.0360411	0.0217209	0.0420804
138.8	-0.0360429	0.0217218	0.0420824
139	-0.0360447	0.0217226	0.0420843
139.2	-0.0360465	0.0217234	0.0420863
139.4	-0.0360483	0.0217241	0.0420882
139.6	-0.0360502	0.0217248	0.0420901
139.8	-0.036052	0.0217254	0.0420921
140	-0.0360539	0.021726	0.042094
140.2	-0.0360558	0.0217266	0.0420959
140.4	-0.0360577	0.0217272	0.0420979
140.6	-0.0360597	0.0217277	0.0420998
140.8	-0.0360617	0.0217283	0.0421018
141	-0.0360637	0.0217288	0.0421038
141.2	-0.0360657	0.0217293	0.0421058
141.4	-0.0360678	0.0217298	0.0421079
141.6	-0.0360699	0.0217304	0.0421099
141.8	-0.036072	0.0217309	0.042112
142	-0.0360742	0.0217314	0.0421141
142.2	-0.0360763	0.021732	0.0421163
142.4	-0.0360785	0.0217325	0.0421184
142.6	-0.0360807	0.0217331	0.0421206
142.8	-0.0360829	0.0217337	0.0421228
143	-0.0360851	0.0217344	0.042125
143.2	-0.0360873	0.021735	0.0421273
143.4	-0.0360895	0.0217357	0.0421295
143.6	-0.0360918	0.0217364	0.0421318
143.8	-0.036094	0.0217372	0.0421341
144	-0.0360962	0.021738	0.0421364
144.2	-0.0360984	0.0217388	0.0421387
144.4	-0.0361006	0.0217396	0.042141
144.6	-0.0361028	0.0217405	0.0421434
144.8	-0.036105	0.0217414	0.0421457
145	-0.0361072	0.0217423	0.042148
145.2	-0.0361093	0.0217433	0.0421504
145.4	-0.0361114	0.0217443	0.0421527
145.6	-0.0361135	0.0217453	0.042155
145.8	-0.0361156	0.0217463	0.0421573
146	-0.0361176	0.0217473	0.0421595
146.2	-0.0361196	0.0217484	0.0421618
146.4	-0.0361216	0.0217495	0.042164
146.6	-0.0361235	0.0217505	0.0421662
146.8	-0.0361254	0.0217516	0.0421684
147	-0.0361272	0.0217527	0.0421706
147.2	-0.0361291	0.0217538	0.0421727
147.4	-0.0361309	0.0217549	0.0421748
147.6	-0.0361326	0.021756	0.0421769
147.8	-0.0361344	0.0217571	0.0421789
148	-0.036136	0.0217581	0.0421809
148.2	-0.0361377	0.0217592	0.0421829
148.4	-0.0361393	0.0217602	0.0421848
148.6	-0.0361409	0.0217613	0.0421867
148.8	-0.0361425	0.0217623	0.0421886
149	-0.0361441	0.0217633	0.0421904
149.2	-0.0361456	0.0217642	0.0421922
149.4	-0.0361471	0.0217652	0.042194
149.6	-0.0361486	0.0217661	0.0421957
149.8	-0.03615	0.021767	0.0421975
150	-0.0361515	0.0217678	0.0421991
150.2	-0.0361529	0.0217687	0.0422008
150.4	-0.0361543	0.0217695	0.0422024
150.6	-0.0361557	0.0217703	0.042204
150.8	-0.0361571	0.021771	0.0422056
151	-0.0361585	0.0217717	0.0422072
151.2	-0.0361599	0.0217724	0.0422087
151.4	-0.0361613	0.0217731	0.0422103
151.6	-0.0361627	0.0217738	0.0422118
151.8	-0.0361641	0.0217744	0.0422133
152	-0.0361655	0.021775	0.0422148
152.2	-0.0361669	0.0217756	0.0422163
152.4	-0.0361683	0.0217761	0.0422178
152.6	-0.0361697	0.0217767	0.0422193
152.8	-0.0361711	0.0217772	0.0422208
153	-0.0361725	0.0217777	0.0422223
153.2	-0.036174	0.0217783	0.0422238
153.4	-0.0361754	0.0217788	0.0422253
153.6	-0.0361769	0.0217793	0.0422268
153.8	-0.0361783	0.0217797	0.0422283
154	-0.0361798	0.0217802	0.0422298
154.2	-0.0361813	0.0217807	0.0422313
154.4	-0.0361827	0.0217812	0.0422328
154.6	-0.0361842	0.0217817	0.0422344
154.8	-0.0361857	0.0217822	0.0422359
155	-0.0361872	0.0217827	0.0422374
155.2	-0.0361887	0.0217832	0.042239
155.4	-0.0361903	0.0217837	0.0422406
155.6	-0.0361918	0.0217842	0.0422421
155.8	-0.0361933	0.0217848	0.0422437
156	-0.0361948	0.0217853	0.0422453
156.2	-0.0361963	0.0217859	0.0422469
156.4	-0.0361978	0.0217865	0.0422484
156.6	-0.0361993	0.021787	0.04225
156.8	-0.0362008	0.0217876	0.0422516
157	-0.0362023	0.0217882	0.0422532
157.2	-0.0362038	0.0217889	0.0422548
157.4	-0.0362053	0.0217895	0.0422564
157.6	-0.0362067	0.0217901	0.042258
157.8	-0.0362082	0.0217908	0.0422596
158	-0.0362096	0.0217914	0.0422611
158.2	-0.0362111	0.0217921	0.0422627
158.4	-0.0362125	0.0217928	0.0422643
158.6	-0.0362139	0.0217935	0.0422658
158.8	-0.0362152	0.0217942	0.0422674
159	-0.0362166	0.0217949	0.0422689
159.2	-0.0362179	0.0217956	0.0422704
159.4	-0.0362193	0.0217963	0.0422719
159.6	-0.0362206	0.021797	0.0422734
159.8	-0.0362219	0.0217977	0.0422749
160	-0.0362231	0.0217984	0.0422763
160.2	-0.0362244	0.0217991	0.0422777
160.4	-0.0362256	0.0217998	0.0422792
160.6	-0.0362268	0.0218005	0.0422806
160.8	-0.036228	0.0218012	0.0422819
161	-0.0362292	0.0218019	0.0422833
161.2	-0.0362304	0.0218025	0.0422847
161.4	-0.0362315	0.0218032	0.042286
161.6	-0.0362327	0.0218039	0.0422873
161.8	-0.0362338	0.0218045	0.0422886
162	-0.0362349	0.0218051	0.0422899
162.2	-0.036236	0.0218057	0.0422911
162.4	-0.0362371	0.0218063	0.0422924
162.6	-0.0362382	0.0218069	0.0422936
162.8	-0.0362393	0.0218075	0.0422948
163	-0.0362403	0.0218081	0.042296
163.2	-0.0362414	0.0218086	0.0422972
163.4	-0.0362424	0.0218092	0.0422984
163.6	-0.0362435	0.0218097	0.0422995
163.8	-0.0362445	0.0218102	0.0423007
164	-0.0362455	0.0218107	0.0423018
164.2	-0.0362466	0.0218112	0.042303
164.4	-0.0362476	0.0218117	0.0423041
164.6	-0.0362486	0.0218121	0.0423052
164.8	-0.0362496	0.0218126	0.0423063
165	-0.0362507	0.021813	0.0423074
165.2	-0.0362517	0.0218135	0.0423085
165.4	-0.0362527	0.0218139	0.0423096
165.6	-0.0362538	0.0218143	0.0423107
165.8	-0.0362548	0.0218147	0.0423118
166	-0.0362558	0.0218151	0.0423129
166.2	-0.0362568	0.0218155	0.042314
166.4	-0.0362579	0.0218159	0.0423151
166.6	-0.0362589	0.0218163	0.0423162
166.8	-0.03626	0.0218167	0.0423173
167	-0.036261	0.0218171	0.0423184
167.2	-0.036262	0.0218175	0.0423195
167.4	-0.0362631	0.0218179	0.0423206
167.6	-0.0362641	0.0218183	0.0423217
167.8	-0.0362652	0.0218187	0.0423228
168	-0.0362662	0.0218191	0.0423239
168.2	-0.0362673	0.0218195	0.042325
168.4	-0.0362683	0.0218199	0.0423261
168.6	-0.0362693	0.0218203	0.0423272
168.8	-0.0362704	0.0218208	0.0423283
169	-0.0362714	0.0218212	0.0423294
169.2	-0.0362724	0.0218216	0.0423305
169.4	-0.0362735	0.021822	0.0423316
169.6	-0.0362745	0.0218225	0.0423327
169.8	-0.0362755	0.0218229	0.0423338
170	-0.0362765	0.0218233	0.0423349
170.2	-0.0362775	0.0218238	0.042336
170.4	-0.0362785	0.0218242	0.0423371
170.6	-0.0362795	0.0218247	0.0423381
170.8	-0.0362805	0.0218251	0.0423392
171	-0.0362814	0.0218256	0.0423403
171.2	-0.0362824	0.0218261	0.0423413
171.4	-0.0362833	0.0218265	0.0423424
171.6	-0.0362843	0.021827	0.0423434
171.8	-0.0362852	0.0218275	0.0423445
172	-0.0362861	0.0218279	0.0423455
172.2	-0.0362871	0.0218284	0.0423465
172.4	-0.036288	0.0218289	0.0423476
172.6	-0.0362889	0.0218293	0.0423486
172.8	-0.0362897	0.0218298	0.0423496
173	-0.0362906	0.0218303	0.0423505
173.2	-0.0362915	0.0218307	0.0423515
173.4	-0.0362923	0.0218312	0.0423525
173.6	-0.0362932	0.0218316	0.0423535
173.8	-0.036294	0.0218321	0.0423544
174	-0.0362948	0.0218325	0.0423553
174.2	-0.0362957	0.021833	0.0423563
174.4	-0.0362965	0.0218334	0.0423572
174.6	-0.0362973	0.0218338	0.0423581
174.8	-0.0362981	0.0218342	0.042359
175	-0.0362989	0.0218346	0.0423599
175.2	-0.0362996	0.0218351	0.0423608
175.4	-0.0363004	0.0218355	0.0423616
175.6	-0.0363012	0.0218358	0.0423625
175.8	-0.036302	0.0218362	0.0423633
176	-0.0363027	0.0218366	0.0423642
176.2	-0.0363035	0.021837	0.042365
176.4	-0.0363042	0.0218374	0.0423659
176.6	-0.036305	0.0218377	0.0423667
176.8	-0.0363057	0.0218381	0.0423675
177	-0.0363065	0.0218384	0.0423683
177.2	-0.0363072	0.0218388	0.0423692
177.4	-0.036308	0.0218391	0.04237
177.6	-0.0363087	0.0218394	0.0423708
177.8	-0.0363094	0.0218397	0.0423716
178	-0.0363102	0.0218401	0.0423724
178.2	-0.0363109	0.0218404	0.0423732
178.4	-0.0363116	0.0218407	0.0423739
178.6	-0.0363124	0.021841	0.0423747
178.8	-0.0363131	0.0218413	0.0423755
179	-0.0363138	0.0218416	0.0423763
179.2	-0.0363146	0.0218419	0.0423771
179.4	-0.0363153	0.0218422	0.0423779
179.6	-0.036316	0.0218425	0.0423786
179.8	-0.0363168	0.0218428	0.0423794
180	-0.0363175	0.0218431	0.0423802
180.2	-0.0363182	0.0218434	0.042381
180.4	-0.0363189	0.0218437	0.0423817
180.6	-0.0363197	0.021844	0.0423825
180.8	-0.0363204	0.0218443	0.0423833
181	-0.0363211	0.0218446	0.0423841
181.2	-0.0363218	0.0218449	0.0423848
181.4	-0.0363225	0.0218452	0.0423856
181.6	-0.0363232	0.0218455	0.0423864
181.8	-0.0363239	0.0218458	0.0423871
182	-0.0363246	0.0218461	0.0423879
182.2	-0.0363253	0.0218464	0.0423887
182.4	-0.036326	0.0218468	0.0423894
182.6	-0.0363267	0.0218471	0.0423902
182.8	-0.0363274	0.0218474	0.0423909
183	-0.0363281	0.0218477	0.0423917
183.2	-0.0363288	0.021848	0.0423924
183.4	-0.0363295	0.0218483	0.0423932
183.6	-0.0363301	0.0218486	0.0423939
183.8	-0.0363308	0.0218489	0.0423946
184	-0.0363315	0.0218493	0.0423954
184.2	-0.0363321	0.0218496	0.0423961
184.4	-0.0363328	0.0218499	0.0423968
184.6	-0.0363334	0.0218502	0.0423975
184.8	-0.0363341	0.0218505	0.0423982
185	-0.0363347	0.0218508	0.0423989
185.2	-0.0363353	0.0218512	0.0423996
185.4	-0.0363359	0.0218515	0.0424003
185.6	-0.0363366	0.0218518	0.042401
185.8	-0.0363372	0.0218521	0.0424017
186	-0.0363378	0.0218524	0.0424024
186.2	-0.0363384	0.0218527	0.042403
186.4	-0.036339	0.021853	0.0424037
186.6	-0.0363395	0.0218533	0.0424044
186.8	-0.0363401	0.0218536	0.042405
187	-0.0363407	0.0218539	0.0424057
187.2	-0.0363413	0.0218542	0.0424063
187.4	-0.0363418	0.0218545	0.0424069
187.6	-0.0363424	0.0218547	0.0424076
187.8	-0.036343	0.021855	0.0424082
188	-0.0363435	0.0218553	0.0424088
188.2	-0.0363441	0.0218556	0.0424094
188.4	-0.0363446	0.0218558	0.04241
188.6	-0.0363452	0.0218561	0.0424106
188.8	-0.0363457	0.0218564	0.0424112
189	-0.0363463	0.0218566	0.0424118
189.2	-0.0363468	0.0218569	0.0424124
189.4	-0.0363473	0.0218571	0.042413
189.6	-0.0363479	0.0218574	0.0424136
189.8	-0.0363484	0.0218576	0.0424142
190	-0.0363489	0.0218579	0.0424148
190.2	-0.0363494	0.0218581	0.0424153
190.4	-0.03635	0.0218584	0.0424159
190.6	-0.0363505	0.0218586	0.0424165
190.8	-0.036351	0.0218588	0.042417
191	-0.0363515	0.0218591	0.0424176
191.2	-0.0363521	0.0218593	0.0424182
191.4	-0.0363526	0.0218595	0.0424187
191.6	-0.0363531	0.0218597	0.0424193
191.8	-0.0363536	0.02186	0.0424198
192	-0.0363541	0.0218602	0.0424204
192.2	-0.0363546	0.0218604	0.0424209
192.4	-0.0363551	0.0218606	0.0424215
192.6	-0.0363556	0.0218608	0.042422
192.8	-0.0363561	0.0218611	0.0424226
193	-0.0363566	0.0218613	0.0424231
193.2	-0.0363572	0.0218615	0.0424237
193.4	-0.0363577	0.0218617	0.0424242
193.6	-0.0363582	0.0218619	0.0424247
193.8	-0.0363586	0.0218621	0.0424253
194	-0.0363591	0.0218624	0.0424258
194.2	-0.0363596	0.0218626	0.0424264
194.4	-0.0363601	0.0218628	0.0424269
194.6	-0.0363606	0.021863	0.0424274
194.8	-0.0363611	0.0218632	0.0424279
195	-0.0363616	0.0218634	0.0424285
195.2	-0.0363621	0.0218637	0.042429
195.4	-0.0363625	0.0218639	0.0424295
195.6	-0.036363	0.0218641	0.04243
195.8	-0.0363635	0.0218643	0.0424305
196	-0.036364	0.0218645	0.0424311
196.2	-0.0363644	0.0218647	0.0424316
196.4	-0.0363649	0.021865	0.0424321
196.6	-0.0363653	0.0218652	0.0424326
196.8	-0.0363658	0.0218654	0.0424331
197	-0.0363663	0.0218656	0.0424336
197.2	-0.0363667	0.0218658	0.0424341
197.4	-0.0363671	0.021866	0.0424346
197.6	-0.0363676	0.0218663	0.0424351
197.8	-0.036368	0.0218665	0.0424356
198	-0.0363685	0.0218667	0.042436
198.2	-0.0363689	0.0218669	0.0424365
198.4	-0.0363693	0.0218671	0.042437
198.6	-0.0363697	0.0218673	0.0424375
198.8	-0.0363702	0.0218675	0.0424379
199	-0.0363706	0.0218677	0.0424384
199.2	-0.036371	0.0218679	0.0424389
199.4	-0.0363714	0.0218681	0.0424393
199.6	-0.0363718	0.0218683	0.0424398
199.8	-0.0363722	0.0218685	0.0424402
