# Time	Value
50.2	-0.0231905
50.4	-0.0231801
50.6	-0.023096
50.8	-0.0229418
51	-0.0227222
51.2	-0.022443
51.4	-0.0221107
51.6	-0.0217327
51.8	-0.0213168
52	-0.0208708
52.2	-0.0204029
52.4	-0.0199209
52.6	-0.0194324
52.8	-0.0189443
53	-0.0184631
53.2	-0.017995
53.4	-0.0175455
53.6	-0.0171196
53.8	-0.0167213
54	-0.016354
54.2	-0.0160205
54.4	-0.015723
54.6	-0.015463
54.8	-0.0152416
55	-0.0150593
55.2	-0.0149166
55.4	-0.0148136
55.6	-0.0147502
55.8	-0.0147259
56	-0.0147401
56.2	-0.0147918
56.4	-0.0148797
56.6	-0.0150027
56.8	-0.0151594
57	-0.015347
57.2	-0.0155629
57.4	-0.0158043
57.6	-0.016068
57.8	-0.016351
58	-0.0166495
58.2	-0.0169594
58.4	-0.0172765
58.6	-0.0175963
58.8	-0.017914
59	-0.018225
59.2	-0.0185245
59.4	-0.0188079
59.6	-0.0190707
59.8	-0.0193087
60	-0.0195181
60.2	-0.0196955
60.4	-0.0198382
60.6	-0.0199443
60.8	-0.0200124
61	-0.0200417
61.2	-0.0200327
61.4	-0.0199866
61.6	-0.0199053
61.8	-0.019791
62	-0.0196468
62.2	-0.0194759
62.4	-0.0192822
62.6	-0.0190697
62.8	-0.0188426
63	-0.018605
63.2	-0.0183614
63.4	-0.0181156
63.6	-0.0178718
63.8	-0.0176336
64	-0.0174042
64.2	-0.0171867
64.4	-0.0169836
64.6	-0.0167971
64.8	-0.0166291
65	-0.016481
65.2	-0.0163539
65.4	-0.0162484
65.6	-0.0161651
65.8	-0.0161041
66	-0.0160654
66.2	-0.0160484
66.4	-0.0160529
66.6	-0.0160779
66.8	-0.0161228
67	-0.0161865
67.2	-0.016268
67.4	-0.0163663
67.6	-0.0164798
67.8	-0.0166065
68	-0.0167448
68.2	-0.0168926
68.4	-0.0170482
68.6	-0.0172093
68.8	-0.017374
69	-0.01754
69.2	-0.017705
69.4	-0.0178668
69.6	-0.0180232
69.8	-0.018172
70	-0.018311
70.2	-0.0184381
70.4	-0.0185517
70.6	-0.01865
70.8	-0.0187315
71	-0.0187951
71.2	-0.01884
71.4	-0.0188658
71.6	-0.0188726
71.8	-0.0188607
72	-0.0188307
72.2	-0.0187835
72.4	-0.0187203
72.6	-0.0186426
72.8	-0.0185521
73	-0.0184507
73.2	-0.0183404
73.4	-0.0182233
73.6	-0.0181016
73.8	-0.0179775
74	-0.0178531
74.2	-0.0177305
74.4	-0.0176115
74.6	-0.0174979
74.8	-0.0173913
75	-0.0172931
75.2	-0.0172044
75.4	-0.0171263
75.6	-0.0170594
75.8	-0.0170045
76	-0.0169618
76.2	-0.0169315
76.4	-0.0169136
76.6	-0.0169081
76.8	-0.0169146
77	-0.0169327
77.2	-0.0169619
77.4	-0.0170016
77.6	-0.0170511
77.8	-0.0171097
78	-0.0171764
78.2	-0.0172503
78.4	-0.0173302
78.6	-0.017415
78.8	-0.0175034
79	-0.0175943
79.2	-0.0176865
79.4	-0.0177789
79.6	-0.0178702
79.8	-0.0179592
80	-0.0180448
80.2	-0.0181258
80.4	-0.0182014
80.6	-0.0182703
80.8	-0.0183318
81	-0.0183851
81.2	-0.0184297
81.4	-0.0184649
81.6	-0.0184905
81.8	-0.0185063
82	-0.0185123
82.2	-0.0185086
82.4	-0.0184955
82.6	-0.0184736
82.8	-0.0184432
83	-0.0184053
83.2	-0.0183606
83.4	-0.01831
83.6	-0.0182546
83.8	-0.0181955
84	-0.0181336
84.2	-0.0180702
84.4	-0.0180064
84.6	-0.0179432
84.8	-0.0178817
85	-0.0178228
85.2	-0.0177674
85.4	-0.0177163
85.6	-0.0176702
85.8	-0.0176297
86	-0.0175953
86.2	-0.0175673
86.4	-0.017546
86.6	-0.0175316
86.8	-0.0175241
87	-0.0175234
87.2	-0.0175295
87.4	-0.0175421
87.6	-0.017561
87.8	-0.0175857
88	-0.0176158
88.2	-0.017651
88.4	-0.0176905
88.6	-0.0177339
88.8	-0.0177804
89	-0.0178296
89.2	-0.0178806
89.4	-0.0179328
89.6	-0.0179856
89.8	-0.0180382
90	-0.0180899
90.2	-0.0181402
90.4	-0.0181885
90.6	-0.0182341
90.8	-0.0182765
91	-0.0183152
91.2	-0.0183498
91.4	-0.01838
91.6	-0.0184054
91.8	-0.0184258
92	-0.018441
92.2	-0.018451
92.4	-0.0184559
92.6	-0.0184556
92.8	-0.0184503
93	-0.0184403
93.2	-0.0184259
93.4	-0.0184075
93.6	-0.0183855
93.8	-0.0183603
94	-0.0183325
94.2	-0.0183027
94.4	-0.0182713
94.6	-0.0182391
94.8	-0.0182065
95	-0.0181742
95.2	-0.0181427
95.4	-0.0181124
95.6	-0.018084
95.8	-0.0180577
96	-0.0180341
96.2	-0.0180134
96.4	-0.017996
96.6	-0.017982
96.8	-0.0179717
97	-0.0179651
97.2	-0.0179622
97.4	-0.0179631
97.6	-0.0179678
97.8	-0.017976
98	-0.0179877
98.2	-0.0180026
98.4	-0.0180205
98.6	-0.0180411
98.8	-0.0180642
99	-0.0180893
99.2	-0.0181162
99.4	-0.0181444
99.6	-0.0181737
99.8	-0.0182035
100	-0.0182336
100.2	-0.0182636
100.4	-0.0182931
100.6	-0.0183217
100.8	-0.0183492
101	-0.0183752
101.2	-0.0183994
101.4	-0.0184215
101.6	-0.0184414
101.8	-0.0184589
102	-0.0184738
102.2	-0.018486
102.4	-0.0184954
102.6	-0.0185021
102.8	-0.0185059
103	-0.018507
103.2	-0.0185054
103.4	-0.0185014
103.6	-0.0184949
103.8	-0.0184863
104	-0.0184758
104.2	-0.0184636
104.4	-0.01845
104.6	-0.0184353
104.8	-0.0184197
105	-0.0184036
105.2	-0.0183873
105.4	-0.0183711
105.6	-0.0183552
105.8	-0.01834
106	-0.0183257
106.2	-0.0183125
106.4	-0.0183007
106.6	-0.0182904
106.8	-0.0182819
107	-0.0182751
107.2	-0.0182703
107.4	-0.0182675
107.6	-0.0182668
107.8	-0.018268
108	-0.0182713
108.2	-0.0182765
108.4	-0.0182836
108.6	-0.0182924
108.8	-0.0183029
109	-0.0183149
109.2	-0.0183282
109.4	-0.0183426
109.6	-0.018358
109.8	-0.0183741
110	-0.0183908
110.2	-0.0184078
110.4	-0.0184249
110.6	-0.018442
110.8	-0.0184588
111	-0.0184751
111.2	-0.0184908
111.4	-0.0185056
111.6	-0.0185195
111.8	-0.0185323
112	-0.0185439
112.2	-0.0185542
112.4	-0.0185631
112.6	-0.0185705
112.8	-0.0185764
113	-0.0185808
113.2	-0.0185838
113.4	-0.0185852
113.6	-0.0185853
113.8	-0.018584
114	-0.0185814
114.2	-0.0185777
114.4	-0.0185729
114.6	-0.0185672
114.8	-0.0185608
115	-0.0185538
115.2	-0.0185462
115.4	-0.0185384
115.6	-0.0185305
115.8	-0.0185226
116	-0.0185148
116.2	-0.0185074
116.4	-0.0185004
116.6	-0.018494
116.8	-0.0184883
117	-0.0184834
117.2	-0.0184794
117.4	-0.0184764
117.6	-0.0184743
117.8	-0.0184734
118	-0.0184735
118.2	-0.0184747
118.4	-0.0184769
118.6	-0.0184803
118.8	-0.0184846
119	-0.0184898
119.2	-0.018496
119.4	-0.0185029
119.6	-0.0185106
119.8	-0.0185189
120	-0.0185277
120.2	-0.0185369
120.4	-0.0185464
120.6	-0.0185561
120.8	-0.0185658
121	-0.0185756
121.2	-0.0185851
121.4	-0.0185945
121.6	-0.0186035
121.8	-0.018612
122	-0.0186201
122.2	-0.0186275
122.4	-0.0186343
122.6	-0.0186404
122.8	-0.0186457
123	-0.0186503
123.2	-0.018654
123.4	-0.018657
123.6	-0.0186591
123.8	-0.0186605
124	-0.0186611
124.2	-0.018661
124.4	-0.0186602
124.6	-0.0186588
124.8	-0.0186568
125	-0.0186544
125.2	-0.0186515
125.4	-0.0186483
125.6	-0.0186448
125.8	-0.0186411
126	-0.0186374
126.2	-0.0186337
126.4	-0.01863
126.6	-0.0186266
126.8	-0.0186233
127	-0.0186203
127.2	-0.0186177
127.4	-0.0186156
127.6	-0.0186138
127.8	-0.0186126
128	-0.0186119
128.2	-0.0186118
128.4	-0.0186123
128.6	-0.0186133
128.8	-0.0186149
129	-0.018617
129.2	-0.0186197
129.4	-0.0186228
129.6	-0.0186265
129.8	-0.0186306
130	-0.018635
130.2	-0.0186398
130.4	-0.0186449
130.6	-0.0186502
130.8	-0.0186556
131	-0.0186612
131.2	-0.0186668
131.4	-0.0186723
131.6	-0.0186778
131.8	-0.0186832
132	-0.0186884
132.2	-0.0186934
132.4	-0.0186981
132.6	-0.0187024
132.8	-0.0187064
133	-0.0187101
133.2	-0.0187133
133.4	-0.0187162
133.6	-0.0187185
133.8	-0.0187205
134	-0.0187221
134.2	-0.0187232
134.4	-0.0187239
134.6	-0.0187242
134.8	-0.0187242
135	-0.0187238
135.2	-0.0187231
135.4	-0.0187222
135.6	-0.018721
135.8	-0.0187197
136	-0.0187182
136.2	-0.0187166
136.4	-0.018715
136.6	-0.0187133
136.8	-0.0187117
137	-0.0187102
137.2	-0.0187088
137.4	-0.0187075
137.6	-0.0187064
137.8	-0.0187056
138	-0.018705
138.2	-0.0187046
138.4	-0.0187045
138.6	-0.0187047
138.8	-0.0187052
139	-0.018706
139.2	-0.0187071
139.4	-0.0187085
139.6	-0.0187102
139.8	-0.0187122
140	-0.0187144
140.2	-0.0187168
140.4	-0.0187194
140.6	-0.0187222
140.8	-0.0187252
141	-0.0187283
141.2	-0.0187314
141.4	-0.0187347
141.6	-0.0187379
141.8	-0.0187411
142	-0.0187443
142.2	-0.0187474
142.4	-0.0187505
142.6	-0.0187534
142.8	-0.0187561
143	-0.0187587
143.2	-0.0187611
143.4	-0.0187633
143.6	-0.0187653
143.8	-0.0187671
144	-0.0187686
144.2	-0.01877
144.4	-0.018771
144.6	-0.0187719
144.8	-0.0187725
145	-0.018773
145.2	-0.0187732
145.4	-0.0187733
145.6	-0.0187732
145.8	-0.0187729
146	-0.0187725
146.2	-0.0187721
146.4	-0.0187715
146.6	-0.0187709
146.8	-0.0187703
147	-0.0187696
147.2	-0.018769
147.4	-0.0187684
147.6	-0.0187679
147.8	-0.0187674
148	-0.0187671
148.2	-0.0187668
148.4	-0.0187667
148.6	-0.0187667
148.8	-0.0187669
149	-0.0187672
149.2	-0.0187676
149.4	-0.0187683
149.6	-0.018769
149.8	-0.01877
150	-0.018771
150.2	-0.0187723
150.4	-0.0187736
150.6	-0.0187751
150.8	-0.0187767
151	-0.0187783
151.2	-0.0187801
151.4	-0.0187819
151.6	-0.0187838
151.8	-0.0187857
152	-0.0187876
152.2	-0.0187895
152.4	-0.0187914
152.6	-0.0187932
152.8	-0.018795
153	-0.0187967
153.2	-0.0187984
153.4	-0.0187999
153.6	-0.0188014
153.8	-0.0188027
154	-0.018804
154.2	-0.0188051
154.4	-0.0188061
154.6	-0.018807
154.8	-0.0188077
155	-0.0188084
155.2	-0.0188089
155.4	-0.0188093
155.6	-0.0188096
155.8	-0.0188098
156	-0.0188099
156.2	-0.0188099
156.4	-0.0188099
156.6	-0.0188098
156.8	-0.0188097
157	-0.0188095
157.2	-0.0188094
157.4	-0.0188092
157.6	-0.018809
157.8	-0.0188089
158	-0.0188087
158.2	-0.0188086
158.4	-0.0188086
158.6	-0.0188086
158.8	-0.0188087
159	-0.0188088
159.2	-0.018809
159.4	-0.0188093
159.6	-0.0188097
159.8	-0.0188102
160	-0.0188107
160.2	-0.0188114
160.4	-0.0188121
160.6	-0.0188128
160.8	-0.0188137
161	-0.0188146
161.2	-0.0188156
161.4	-0.0188166
161.6	-0.0188176
161.8	-0.0188187
162	-0.0188198
162.2	-0.018821
162.4	-0.0188221
162.6	-0.0188232
162.8	-0.0188244
163	-0.0188255
163.2	-0.0188266
163.4	-0.0188276
163.6	-0.0188286
163.8	-0.0188295
164	-0.0188304
164.2	-0.0188313
164.4	-0.0188321
164.6	-0.0188328
164.8	-0.0188334
165	-0.018834
165.2	-0.0188346
165.4	-0.018835
165.6	-0.0188354
165.8	-0.0188357
166	-0.018836
166.2	-0.0188362
166.4	-0.0188364
166.6	-0.0188366
166.8	-0.0188367
167	-0.0188367
167.2	-0.0188368
167.4	-0.0188368
167.6	-0.0188368
167.8	-0.0188368
168	-0.0188368
168.2	-0.0188369
168.4	-0.0188369
168.6	-0.018837
168.8	-0.018837
169	-0.0188371
169.2	-0.0188373
169.4	-0.0188375
169.6	-0.0188377
169.8	-0.0188379
170	-0.0188382
170.2	-0.0188386
170.4	-0.018839
170.6	-0.0188394
170.8	-0.0188398
171	-0.0188404
171.2	-0.0188409
171.4	-0.0188415
171.6	-0.0188421
171.8	-0.0188427
172	-0.0188433
172.2	-0.018844
172.4	-0.0188447
172.6	-0.0188454
172.8	-0.0188461
173	-0.0188468
173.2	-0.0188474
173.4	-0.0188481
173.6	-0.0188488
173.8	-0.0188494
174	-0.01885
174.2	-0.0188506
174.4	-0.0188512
174.6	-0.0188517
174.8	-0.0188522
175	-0.0188527
175.2	-0.0188531
175.4	-0.0188535
175.6	-0.0188539
175.8	-0.0188542
176	-0.0188545
176.2	-0.0188548
176.4	-0.018855
176.6	-0.0188552
176.8	-0.0188554
177	-0.0188555
177.2	-0.0188556
177.4	-0.0188558
177.6	-0.0188559
177.8	-0.018856
178	-0.018856
178.2	-0.0188561
178.4	-0.0188562
178.6	-0.0188563
178.8	-0.0188564
179	-0.0188565
179.2	-0.0188566
179.4	-0.0188567
179.6	-0.0188569
179.8	-0.018857
180	-0.0188572
180.2	-0.0188574
180.4	-0.0188576
180.6	-0.0188579
180.8	-0.0188582
181	-0.0188584
181.2	-0.0188588
181.4	-0.0188591
181.6	-0.0188594
181.8	-0.0188598
182	-0.0188602
182.2	-0.0188606
182.4	-0.018861
182.6	-0.0188614
182.8	-0.0188618
183	-0.0188623
183.2	-0.0188627
183.4	-0.0188631
183.6	-0.0188635
183.8	-0.0188639
184	-0.0188644
184.2	-0.0188648
184.4	-0.0188651
184.6	-0.0188655
184.8	-0.0188659
185	-0.0188662
185.2	-0.0188665
185.4	-0.0188668
185.6	-0.0188671
185.8	-0.0188674
186	-0.0188677
186.2	-0.0188679
186.4	-0.0188681
186.6	-0.0188683
186.8	-0.0188685
187	-0.0188686
187.2	-0.0188688
187.4	-0.0188689
187.6	-0.018869
187.8	-0.0188691
188	-0.0188693
188.2	-0.0188694
188.4	-0.0188695
188.6	-0.0188695
188.8	-0.0188696
189	-0.0188697
189.2	-0.0188698
189.4	-0.0188699
189.6	-0.0188701
189.8	-0.0188702
190	-0.0188703
190.2	-0.0188704
190.4	-0.0188706
190.6	-0.0188707
190.8	-0.0188709
191	-0.0188711
191.2	-0.0188713
191.4	-0.0188715
191.6	-0.0188717
191.8	-0.0188719
192	-0.0188721
192.2	-0.0188724
192.4	-0.0188726
192.6	-0.0188729
192.8	-0.0188731
193	-0.0188734
193.2	-0.0188736
193.4	-0.0188739
193.6	-0.0188742
193.8	-0.0188745
194	-0.0188747
194.2	-0.018875
194.4	-0.0188752
194.6	-0.0188755
194.8	-0.0188757
195	-0.018876
195.2	-0.0188762
195.4	-0.0188764
195.6	-0.0188766
195.8	-0.0188769
196	-0.018877
196.2	-0.0188772
196.4	-0.0188774
196.6	-0.0188776
196.8	-0.0188777
197	-0.0188779
197.2	-0.018878
197.4	-0.0188781
197.6	-0.0188782
197.8	-0.0188783
198	-0.0188784
198.2	-0.0188785
198.4	-0.0188786
198.6	-0.0188787
198.8	-0.0188788
199	-0.0188789
199.2	-0.018879
199.4	-0.0188791
199.6	-0.0188792
199.8	-0.0188792
