# Time	U	V	U_magnitude
0	-1.24532e-28	2.0035e-28	2.35899e-28
0.2	-0.00092537	7.70306e-05	0.000928571
0.4	-0.0119723	5.09776e-05	0.0119724
0.6	-0.0115287	0.000439365	0.0115371
0.8	-0.00743229	0.000945205	0.00749216
1	-0.00811571	0.000406192	0.00812587
1.2	-0.0132537	0.00109331	0.0132987
1.4	-0.014068	0.0022571	0.0142479
1.6	-0.0112302	0.00226652	0.0114566
1.8	-0.0112221	0.00196203	0.0113924
2	-0.0146394	0.00290467	0.0149248
2.2	-0.0157445	0.0043364	0.0163308
2.4	-0.0142011	0.00468358	0.0149535
2.6	-0.0144398	0.00452355	0.0151318
2.8	-0.016725	0.00564099	0.0176507
3	-0.0179831	0.00739648	0.0194448
3.2	-0.0176259	0.00803034	0.019369
3.4	-0.0179526	0.00820559	0.019739
3.6	-0.0197167	0.00949214	0.0218826
3.8	-0.0211014	0.0113707	0.02397
4	-0.0214091	0.0123984	0.02474
4.2	-0.0220089	0.0129594	0.0255409
4.4	-0.0234824	0.0143935	0.0275426
4.6	-0.024894	0.016412	0.0298172
4.8	-0.0257014	0.0178107	0.0312695
5	-0.0265069	0.0188102	0.0325029
5.2	-0.0278355	0.0204627	0.0345475
5.4	-0.0292835	0.0226334	0.0370108
5.6	-0.0303659	0.0244279	0.0389719
5.8	-0.0313346	0.0259089	0.0406586
6	-0.0325999	0.0278453	0.0428733
6.2	-0.0340199	0.030243	0.0455191
6.4	-0.0352361	0.0324578	0.0479071
6.6	-0.0362911	0.0344465	0.050036
6.8	-0.0374852	0.0367504	0.0524951
7	-0.0388225	0.0394513	0.0553497
7.2	-0.0400349	0.0421115	0.0581048
7.4	-0.0410738	0.0446303	0.0606541
7.6	-0.0421512	0.047365	0.0634048
7.8	-0.0433222	0.0504351	0.0664869
8	-0.0444019	0.0535578	0.0695699
8.2	-0.0453106	0.0566085	0.0725091
8.4	-0.0461858	0.0598123	0.0755687
8.6	-0.0470991	0.0633023	0.0789019
8.8	-0.0479326	0.0669255	0.0823199
9	-0.0486125	0.0706052	0.085722
9.2	-0.0492362	0.0745583	0.0893484
9.4	-0.0498818	0.0790368	0.0934613
9.6	-0.05048	0.084125	0.0981084
9.8	-0.0509529	0.0899105	0.103345
10	-0.0513183	0.0966197	0.109403
10.2	-0.0515749	0.104419	0.116461
10.4	-0.0516068	0.11321	0.124418
10.6	-0.0512831	0.122733	0.133016
10.8	-0.050563	0.132743	0.142047
11	-0.0494419	0.142985	0.151292
11.2	-0.047875	0.153094	0.160406
11.4	-0.0458268	0.162673	0.169005
11.6	-0.0433402	0.171439	0.176832
11.8	-0.0404966	0.179213	0.183732
12	-0.0373479	0.18582	0.189536
12.2	-0.0339368	0.191099	0.194089
12.4	-0.0303461	0.195005	0.197352
12.6	-0.0266757	0.197592	0.199384
12.8	-0.0229895	0.198931	0.200255
13	-0.0193252	0.199106	0.200042
13.2	-0.0157328	0.198273	0.198896
13.4	-0.0122644	0.196643	0.197025
13.6	-0.00893733	0.194415	0.19462
13.8	-0.00574167	0.191759	0.191845
14	-0.00267334	0.188848	0.188867
14.2	0.000266967	0.185853	0.185853
14.4	0.0030966	0.182893	0.182919
14.6	0.00584828	0.18003	0.180125
14.8	0.00853985	0.177307	0.177512
15	0.0111764	0.17475	0.175107
15.2	0.0137675	0.172351	0.1729
15.4	0.0163274	0.170075	0.170857
15.6	0.0188554	0.167883	0.168938
15.8	0.0213409	0.165745	0.167113
16	0.0237749	0.163624	0.165342
16.2	0.026156	0.16148	0.163584
16.4	0.0284722	0.15928	0.161805
16.6	0.0307085	0.157011	0.159985
16.8	0.0328541	0.154657	0.158108
17	0.034904	0.152205	0.156156
17.2	0.0368517	0.149649	0.154119
17.4	0.0386848	0.146992	0.151998
17.6	0.0403985	0.144241	0.149791
17.8	0.0419935	0.141396	0.1475
18	0.0434663	0.138465	0.145127
18.2	0.0448111	0.135458	0.142678
18.4	0.0460288	0.132385	0.140159
18.6	0.0471219	0.129253	0.137575
18.8	0.0480905	0.12607	0.134931
19	0.0489331	0.122846	0.132233
19.2	0.0496507	0.119589	0.129486
19.4	0.0502475	0.116304	0.126694
19.6	0.0507248	0.112999	0.123862
19.8	0.0510825	0.10968	0.120992
20	0.0513229	0.106354	0.11809
20.2	0.0514489	0.103023	0.115155
20.4	0.0514616	0.0996932	0.112192
20.6	0.0513615	0.096369	0.109202
20.8	0.0511508	0.0930539	0.106186
21	0.0508316	0.0897507	0.103146
21.2	0.0504051	0.0864634	0.100083
21.4	0.0498717	0.0831956	0.0969984
21.6	0.0492335	0.0799501	0.0938933
21.8	0.0484924	0.0767297	0.0907687
22	0.0476489	0.073538	0.0876256
22.2	0.0467042	0.0703781	0.0844651
22.4	0.0456603	0.0672527	0.0812883
22.6	0.0445188	0.0641646	0.0780963
22.8	0.0432811	0.0611177	0.0748907
23	0.0419486	0.0581154	0.0716735
23.2	0.0405234	0.0551609	0.0684462
23.4	0.0390079	0.0522577	0.065211
23.6	0.037404	0.0494095	0.0619706
23.8	0.035714	0.0466202	0.0587276
24	0.0339406	0.0438932	0.0554849
24.2	0.0320871	0.0412324	0.0522465
24.4	0.0301562	0.0386419	0.0490163
24.6	0.0281512	0.0361256	0.045799
24.8	0.0260761	0.0336872	0.0426004
25	0.0239346	0.0313306	0.0394268
25.2	0.0217308	0.0290598	0.0362864
25.4	0.019469	0.0268785	0.0331888
25.6	0.0171541	0.0247904	0.0301467
25.8	0.0147909	0.0227991	0.0271766
26	0.0123842	0.0209082	0.0243006
26.2	0.00993994	0.019121	0.0215503
26.4	0.00746341	0.0174407	0.0189705
26.6	0.00496081	0.01587	0.0166273
26.8	0.00243815	0.0144121	0.0146169
27	-9.81038e-05	0.0130692	0.0130696
27.2	-0.0026405	0.0118433	0.0121341
27.4	-0.00518341	0.0107364	0.0119221
27.6	-0.007721	0.00975014	0.012437
27.8	-0.0102474	0.00888562	0.0135633
28	-0.0127572	0.00814362	0.0151349
28.2	-0.0152445	0.00752436	0.0170004
28.4	-0.0177046	0.00702736	0.0190483
28.6	-0.0201312	0.00665277	0.021202
28.8	-0.0225194	0.00639951	0.023411
29	-0.024864	0.00626667	0.0256415
29.2	-0.0271598	0.00625237	0.0278702
29.4	-0.0294021	0.00635512	0.0300811
29.6	-0.0315858	0.00657249	0.0322624
29.8	-0.0337066	0.00690235	0.034406
30	-0.0357591	0.00734198	0.036505
30.2	-0.0377388	0.00788761	0.0385543
30.4	-0.0396415	0.00853635	0.0405502
30.6	-0.0414635	0.00928496	0.0424904
30.8	-0.0432002	0.0101296	0.0443719
31	-0.0448483	0.0110665	0.0461935
31.2	-0.0464034	0.0120915	0.0479529
31.4	-0.0478618	0.0131996	0.0496486
31.6	-0.0492208	0.0143865	0.0512802
31.8	-0.0504772	0.0156481	0.0528471
32	-0.0516275	0.0169789	0.0543478
32.2	-0.0526693	0.0183735	0.0557821
32.4	-0.0536002	0.0198276	0.0571499
32.6	-0.0544173	0.0213351	0.0584503
32.8	-0.0551192	0.0228904	0.0596833
33	-0.0557036	0.0244883	0.0608487
33.2	-0.0561687	0.0261222	0.0619459
33.4	-0.0565133	0.0277868	0.0629751
33.6	-0.0567361	0.0294755	0.0639358
33.8	-0.0568363	0.0311819	0.064828
34	-0.056813	0.0328995	0.0656513
34.2	-0.0566661	0.0346217	0.0664056
34.4	-0.0563951	0.0363414	0.0670903
34.6	-0.0560007	0.0380518	0.0677054
34.8	-0.0554831	0.0397457	0.0682503
35	-0.0548436	0.041416	0.0687248
35.2	-0.0540832	0.0430553	0.0691285
35.4	-0.0532039	0.0446561	0.069461
35.6	-0.0522078	0.0462113	0.0697218
35.8	-0.0510974	0.0477131	0.0699105
36	-0.0498756	0.0491544	0.0700266
36.2	-0.0485457	0.0505275	0.0700694
36.4	-0.0471118	0.0518254	0.0700385
36.6	-0.0455778	0.0530409	0.0699334
36.8	-0.0439486	0.0541668	0.0697533
37	-0.0422296	0.0551963	0.0694979
37.2	-0.0404262	0.0561226	0.0691666
37.4	-0.0385448	0.0569393	0.0687589
37.6	-0.036592	0.0576403	0.0682743
37.8	-0.0345752	0.0582196	0.0677124
38	-0.0325021	0.0586718	0.0670729
38.2	-0.030381	0.0589919	0.0663554
38.4	-0.0282206	0.0591752	0.0655599
38.6	-0.0260303	0.0592177	0.0646863
38.8	-0.0238198	0.0591161	0.0637345
39	-0.0215993	0.0588675	0.062705
39.2	-0.0193794	0.05847	0.0615979
39.4	-0.0171709	0.0579222	0.0604137
39.6	-0.0149851	0.0572237	0.0591532
39.8	-0.0128333	0.0563746	0.0578169
40	-0.0107272	0.0553766	0.0564061
40.2	-0.00867859	0.0542314	0.0549214
40.4	-0.00669872	0.052942	0.0533641
40.6	-0.00479954	0.0515125	0.0517356
40.8	-0.00299224	0.0499474	0.050037
41	-0.00128819	0.0482527	0.0482699
41.2	0.000302165	0.0464346	0.0464355
41.4	0.0017679	0.0445004	0.0445355
41.6	0.00309968	0.0424585	0.0425715
41.8	0.00428871	0.0403175	0.0405449
42	0.00532596	0.0380871	0.0384577
42.2	0.00620358	0.0357776	0.0363115
42.4	0.0069147	0.0333999	0.0341081
42.6	0.0074528	0.0309656	0.0318499
42.8	0.0078121	0.028487	0.0295387
43	0.00798765	0.0259767	0.0271771
43.2	0.00797554	0.0234482	0.0247675
43.4	0.00777274	0.0209154	0.022313
43.6	0.00737723	0.0183925	0.0198169
43.8	0.00678818	0.0158946	0.0172834
44	0.00600594	0.013437	0.0147181
44.2	0.00503243	0.0110355	0.0121288
44.4	0.00387052	0.00870675	0.0095283
44.6	0.00252491	0.00646712	0.00694254
44.8	0.00100243	0.00433331	0.00444775
45	-0.000688781	0.0023222	0.0024222
45.2	-0.00253806	0.000449987	0.00257764
45.4	-0.00453353	-0.0012678	0.00470746
45.6	-0.00666212	-0.00281673	0.00723311
45.8	-0.00890877	-0.00418435	0.0098425
46	-0.0112571	-0.00535902	0.0124676
46.2	-0.0136911	-0.0063301	0.0150836
46.4	-0.0161914	-0.00708811	0.0176749
46.6	-0.0187389	-0.00762586	0.0202311
46.8	-0.0213137	-0.00793748	0.0227437
47	-0.0238954	-0.00801875	0.025205
47.2	-0.0264632	-0.00786725	0.0276079
47.4	-0.028996	-0.00748252	0.0299459
47.6	-0.0314724	-0.00686622	0.0322127
47.8	-0.0338715	-0.00602213	0.0344026
48	-0.0361724	-0.00495678	0.0365105
48.2	-0.0383537	-0.00367693	0.0385296
48.4	-0.0403973	-0.00219308	0.0404568
48.6	-0.0422839	-0.000518202	0.0422871
48.8	-0.0439962	0.00133387	0.0440164
49	-0.0455178	0.00334596	0.0456406
49.2	-0.0468346	0.00549956	0.0471564
49.4	-0.0479336	0.00777427	0.0485599
49.6	-0.0488041	0.0101485	0.0498481
49.8	-0.0494377	0.0125994	0.051018
50	-0.0498284	0.0151028	0.0520669
50.2	-0.0499727	0.0176341	0.0529928
50.4	-0.0498699	0.0201685	0.0537938
50.6	-0.0495221	0.0226809	0.0544689
50.8	-0.0489344	0.025147	0.0550177
51	-0.0481146	0.0275429	0.0554403
51.2	-0.0470734	0.029846	0.0557377
51.4	-0.045824	0.0320354	0.0559116
51.6	-0.044382	0.0340919	0.0559644
51.8	-0.0427648	0.0359986	0.0558993
52	-0.0409918	0.0377413	0.0557202
52.2	-0.0390831	0.0393083	0.0554314
52.4	-0.03706	0.0406906	0.0550378
52.6	-0.0349434	0.0418821	0.0545449
52.8	-0.0327546	0.0428792	0.0539582
53	-0.0305139	0.0436808	0.0532833
53.2	-0.0282405	0.0442881	0.0525258
53.4	-0.0259524	0.0447039	0.0516911
53.6	-0.0236664	0.0449326	0.0507842
53.8	-0.0213972	0.0449795	0.0498096
54	-0.0191584	0.0448509	0.0487713
54.2	-0.0169619	0.0445532	0.0476727
54.4	-0.0148182	0.0440931	0.0465165
54.6	-0.0127367	0.0434772	0.0453044
54.8	-0.0107258	0.0427119	0.0440381
55	-0.00879351	0.0418033	0.0427181
55.2	-0.00694704	0.0407568	0.0413446
55.4	-0.00519344	0.0395779	0.0399172
55.6	-0.00354009	0.0382718	0.0384352
55.8	-0.00199433	0.0368433	0.0368973
56	-0.000563787	0.0352978	0.0353023
56.2	0.000743583	0.0336406	0.0336488
56.4	0.00191931	0.0318773	0.0319351
56.6	0.0029551	0.0300149	0.03016
56.8	0.0038421	0.0280611	0.0283229
57	0.00457136	0.0260239	0.0264223
57.2	0.00513219	0.0239132	0.0244577
57.4	0.00551666	0.0217415	0.0224305
57.6	0.00571603	0.0195218	0.0203414
57.8	0.00572234	0.017269	0.0181924
58	0.00552878	0.0149996	0.0159861
58.2	0.00512997	0.0127322	0.0137268
58.4	0.00452248	0.0104868	0.0114204
58.6	0.00370546	0.00828529	0.00907615
58.8	0.00267978	0.00615094	0.00670935
59	0.00145	0.00410726	0.00435569
59.2	2.41326e-05	0.0021779	0.00217803
59.4	-0.00158749	0.000387721	0.00163415
59.6	-0.00336887	-0.00124114	0.00359022
59.8	-0.0053043	-0.00268687	0.005946
60	-0.00737173	-0.00393028	0.00835401
60.2	-0.00954873	-0.00495531	0.0107579
60.4	-0.0118106	-0.00574578	0.0131341
60.6	-0.0141294	-0.00629124	0.0154668
60.8	-0.0164773	-0.00658365	0.0177439
61	-0.0188254	-0.00661829	0.0199549
61.2	-0.0211446	-0.00639396	0.0220902
61.4	-0.0234055	-0.00591352	0.024141
61.6	-0.0255798	-0.00518401	0.0260999
61.8	-0.0276402	-0.00421636	0.0279599
62	-0.0295599	-0.00302508	0.0297142
62.2	-0.0313162	-0.0016275	0.0313585
62.4	-0.0328882	-4.55292e-05	0.0328882
62.6	-0.0342578	0.00169667	0.0342998
62.8	-0.0354102	0.0035723	0.03559
63	-0.0363346	0.00555287	0.0367564
63.2	-0.0370233	0.00760895	0.0377971
63.4	-0.0374731	0.00971052	0.0387108
63.6	-0.0376843	0.0118278	0.0394968
63.8	-0.0376613	0.0139317	0.0401555
64	-0.0374123	0.0159947	0.0406879
64.2	-0.0369485	0.0179908	0.0410958
64.4	-0.0362847	0.0198968	0.0413819
64.6	-0.0354379	0.021692	0.0415498
64.8	-0.0344275	0.0233589	0.041604
65	-0.0332745	0.0248833	0.0415496
65.2	-0.0320007	0.0262545	0.0413925
65.4	-0.0306285	0.0274655	0.0411395
65.6	-0.0291802	0.0285125	0.0407976
65.8	-0.027677	0.0293949	0.0403742
66	-0.0261392	0.030115	0.039877
66.2	-0.0245853	0.0306777	0.0393136
66.4	-0.0230316	0.0310898	0.0386915
66.6	-0.0214925	0.0313595	0.0380177
66.8	-0.0199796	0.0314961	0.0372986
67	-0.0185024	0.031509	0.0365398
67.2	-0.0170683	0.031408	0.0357462
67.4	-0.0156825	0.0312019	0.0349214
67.6	-0.0143485	0.0308992	0.0340682
67.8	-0.0130687	0.030507	0.0331883
68	-0.0118442	0.0300312	0.0322825
68.2	-0.0106761	0.0294766	0.0313505
68.4	-0.00956486	0.0288467	0.0303911
68.6	-0.00851166	0.0281438	0.0294028
68.8	-0.00751775	0.0273695	0.0283832
69	-0.00658566	0.0265246	0.02733
69.2	-0.00571853	0.0256096	0.0262403
69.4	-0.00492072	0.0246251	0.025112
69.6	-0.00419765	0.023572	0.0239428
69.8	-0.00355597	0.0224516	0.0227315
70	-0.00300214	0.0212661	0.021477
70.2	-0.00254434	0.0200198	0.0201808
70.4	-0.00219091	0.0187177	0.0188455
70.6	-0.00195017	0.0173665	0.0174756
70.8	-0.00183023	0.0159747	0.0160793
71	-0.00183873	0.0145528	0.0146685
71.2	-0.00198228	0.0131128	0.0132618
71.4	-0.0022663	0.0116689	0.0118869
71.6	-0.00269451	0.0102367	0.0105854
71.8	-0.00326868	0.0088336	0.00941896
72	-0.00398838	0.0074776	0.00847477
72.2	-0.0048501	0.00618801	0.00786225
72.4	-0.00584823	0.00498371	0.0076837
72.6	-0.00697314	0.00388381	0.00798177
72.8	-0.00821461	0.00290577	0.0087134
73	-0.00955634	0.00206653	0.00977723
73.2	-0.0109819	0.00138178	0.0110684
73.4	-0.0124749	0.000862911	0.0125047
73.6	-0.014011	0.000520573	0.0140207
73.8	-0.0155688	0.000362071	0.015573
74	-0.0171253	0.00039103	0.0171298
74.2	-0.0186574	0.000607883	0.0186673
74.4	-0.0201418	0.00100959	0.0201671
74.6	-0.0215541	0.00158901	0.0216126
74.8	-0.0228754	0.00233657	0.0229945
75	-0.024086	0.00323933	0.0243028
75.2	-0.0251675	0.004281	0.025529
75.4	-0.0261052	0.00544263	0.0266665
75.6	-0.0268868	0.00670393	0.02771
75.8	-0.0275033	0.00804235	0.0286551
76	-0.0279488	0.00943477	0.0294983
76.2	-0.0282206	0.0108575	0.0302372
76.4	-0.0283197	0.0122867	0.0308702
76.6	-0.0282502	0.0136997	0.0313967
76.8	-0.0280191	0.0150745	0.0318169
77	-0.0276367	0.0163913	0.0321319
77.2	-0.0271154	0.017632	0.0323439
77.4	-0.0264697	0.0187813	0.0324559
77.6	-0.0257161	0.0198265	0.0324716
77.8	-0.0248717	0.0207579	0.0323958
78	-0.0239545	0.0215687	0.032234
78.2	-0.0229827	0.0222552	0.0319922
78.4	-0.0219739	0.0228165	0.0316772
78.6	-0.0209449	0.0232544	0.0312963
78.8	-0.0199112	0.023573	0.0308568
79	-0.0188868	0.0237782	0.0303663
79.2	-0.0178836	0.0238777	0.0298323
79.4	-0.0169117	0.02388	0.029262
79.6	-0.0159791	0.0237946	0.0286621
79.8	-0.0150916	0.0236309	0.0280388
80	-0.014253	0.0233982	0.0273975
80.2	-0.0134655	0.0231054	0.0267428
80.4	-0.0127298	0.0227601	0.0260782
80.6	-0.0120454	0.0223694	0.0254064
80.8	-0.0114108	0.0219389	0.0247289
81	-0.0108244	0.0214726	0.0240466
81.2	-0.0102846	0.0209739	0.0233597
81.4	-0.0097894	0.0204448	0.0226677
81.6	-0.00933787	0.0198862	0.0219695
81.8	-0.00892969	0.0192986	0.0212644
82	-0.0085655	0.018682	0.020552
82.2	-0.00824675	0.0180362	0.0198321
82.4	-0.0079759	0.0173613	0.0191058
82.6	-0.00775625	0.0166577	0.0183749
82.8	-0.00759171	0.0159267	0.0176435
83	-0.00748681	0.0151707	0.0169175
83.2	-0.00744632	0.0143929	0.016205
83.4	-0.00747504	0.0135981	0.0155172
83.6	-0.0075774	0.0127922	0.014868
83.8	-0.00775729	0.0119824	0.0142742
84	-0.0080178	0.0111772	0.0137555
84.2	-0.008361	0.0103861	0.0133333
84.4	-0.00878751	0.00961966	0.0130291
84.6	-0.00929665	0.00888938	0.0128627
84.8	-0.00988631	0.00820657	0.0128486
85	-0.0105516	0.00758299	0.0129938
85.2	-0.0112867	0.00703054	0.0132973
85.4	-0.0120838	0.00656007	0.0137497
85.6	-0.0129333	0.00618183	0.0143348
85.8	-0.0138247	0.00590428	0.0150327
86	-0.0147447	0.00573444	0.0158206
86.2	-0.0156794	0.00567799	0.0166758
86.4	-0.0166141	0.00573833	0.0175771
86.6	-0.0175333	0.00591624	0.0185046
86.8	-0.0184221	0.00621004	0.0194407
87	-0.0192661	0.00661618	0.0203705
87.2	-0.0200509	0.00712873	0.0212805
87.4	-0.020763	0.00773946	0.0221586
87.6	-0.0213901	0.00843734	0.022994
87.8	-0.0219223	0.00920966	0.0237782
88	-0.0223511	0.0100429	0.0245037
88.2	-0.0226704	0.0109219	0.0251642
88.4	-0.0228764	0.0118305	0.0257545
88.6	-0.0229676	0.0127527	0.0262705
88.8	-0.0229447	0.0136719	0.0267091
89	-0.0228109	0.0145724	0.0270683
89.2	-0.0225718	0.0154393	0.027347
89.4	-0.0222347	0.0162586	0.0275449
89.6	-0.0218089	0.017018	0.027663
89.8	-0.021305	0.0177072	0.0277029
90	-0.020735	0.0183174	0.0276671
90.2	-0.0201115	0.0188424	0.0275592
90.4	-0.0194478	0.0192779	0.0273835
90.6	-0.018757	0.019622	0.0271449
90.8	-0.0180518	0.0198749	0.0268492
91	-0.0173445	0.0200386	0.0265024
91.2	-0.0166462	0.0201169	0.026111
91.4	-0.0159671	0.0201151	0.025682
91.6	-0.0153157	0.0200395	0.0252221
91.8	-0.0146992	0.0198975	0.0247382
92	-0.0141232	0.0196969	0.0242371
92.2	-0.0135917	0.0194458	0.0237249
92.4	-0.0131069	0.019152	0.0232076
92.6	-0.0126702	0.0188232	0.0226902
92.8	-0.0122814	0.0184663	0.0221774
93	-0.0119394	0.0180877	0.0216729
93.2	-0.0116423	0.0176926	0.0211795
93.4	-0.0113876	0.0172856	0.0206995
93.6	-0.0111731	0.0168698	0.0202343
93.8	-0.0109963	0.0164479	0.0197851
94	-0.0108549	0.0160212	0.0193522
94.2	-0.0107469	0.0155909	0.018936
94.4	-0.010671	0.0151575	0.018537
94.6	-0.0106266	0.0147213	0.018156
94.8	-0.0106137	0.0142822	0.0177941
95	-0.0106327	0.0138405	0.0174532
95.2	-0.0106849	0.0133969	0.017136
95.4	-0.0107718	0.0129526	0.0168464
95.6	-0.0108952	0.0125093	0.0165888
95.8	-0.0110569	0.0120696	0.0163686
96	-0.0112587	0.011637	0.0161919
96.2	-0.0115019	0.0112156	0.0160649
96.4	-0.0117874	0.0108102	0.0159938
96.6	-0.0121153	0.0104263	0.015984
96.8	-0.0124849	0.01007	0.0160399
97	-0.0128945	0.00974768	0.0161643
97.2	-0.0133415	0.00946574	0.0163583
97.4	-0.0138221	0.00923039	0.0166208
97.6	-0.0143315	0.00904767	0.0169485
97.8	-0.0148636	0.00892314	0.0173364
98	-0.0154118	0.00886149	0.0177778
98.2	-0.0159687	0.00886633	0.018265
98.4	-0.0165257	0.00894014	0.018789
98.6	-0.0170742	0.00908427	0.0193404
98.8	-0.0176049	0.00929867	0.0199098
99	-0.0181088	0.00958182	0.0204876
99.2	-0.0185769	0.00993066	0.0210646
99.4	-0.0190003	0.0103405	0.0216318
99.6	-0.019371	0.0108048	0.0221806
99.8	-0.0196825	0.0113165	0.0227039
100	-0.019929	0.0118673	0.0231948
100.2	-0.0201056	0.012448	0.0236472
100.4	-0.0202092	0.0130482	0.0240555
100.6	-0.0202383	0.0136572	0.0244153
100.8	-0.0201926	0.0142645	0.0247228
101	-0.0200736	0.0148593	0.0249749
101.2	-0.0198841	0.0154313	0.0251695
101.4	-0.0196287	0.0159707	0.0253051
101.6	-0.0193131	0.0164687	0.0253814
101.8	-0.018944	0.0169176	0.0253985
102	-0.0185295	0.0173109	0.0253576
102.2	-0.0180779	0.0176433	0.0252606
102.4	-0.0175983	0.0179113	0.02511
102.6	-0.0171	0.0181125	0.0249093
102.8	-0.0165924	0.0182463	0.0246624
103	-0.0160844	0.0183135	0.024374
103.2	-0.0155846	0.0183163	0.0240493
103.4	-0.015101	0.0182581	0.0236938
103.6	-0.0146404	0.0181432	0.0233135
103.8	-0.0142091	0.0179769	0.0229143
104	-0.013812	0.0177652	0.0225027
104.2	-0.0134529	0.0175143	0.0220847
104.4	-0.0131344	0.0172308	0.0216659
104.6	-0.0128581	0.016921	0.021252
104.8	-0.0126245	0.0165912	0.0208481
105	-0.0124334	0.0162473	0.0204588
105.2	-0.0122834	0.0158949	0.020088
105.4	-0.0121728	0.0155388	0.019739
105.6	-0.0120993	0.015183	0.0194143
105.8	-0.0120605	0.014831	0.0191158
106	-0.0120539	0.0144854	0.0188447
106.2	-0.0120768	0.0141481	0.0186015
106.4	-0.0121266	0.0138206	0.0183865
106.6	-0.0122011	0.0135039	0.0181995
106.8	-0.0122985	0.0131988	0.0180406
107	-0.0124173	0.0129057	0.0179094
107.2	-0.0125564	0.012625	0.017806
107.4	-0.0127152	0.0123568	0.0177304
107.6	-0.0128931	0.0121019	0.017683
107.8	-0.01309	0.011861	0.0176644
108	-0.0133056	0.0116352	0.0176754
108.2	-0.01354	0.0114262	0.017717
108.4	-0.0137929	0.0112357	0.0177901
108.6	-0.0140638	0.0110659	0.0178954
108.8	-0.0143517	0.0109194	0.0180334
109	-0.0146555	0.0107992	0.0182046
109.2	-0.0149736	0.0107079	0.0184083
109.4	-0.0153036	0.0106484	0.0186437
109.6	-0.0156427	0.0106235	0.018909
109.8	-0.0159873	0.0106355	0.0192018
110	-0.0163334	0.0106866	0.0195188
110.2	-0.0166766	0.0107782	0.0198565
110.4	-0.0170121	0.0109112	0.0202106
110.6	-0.0173349	0.0110858	0.0205766
110.8	-0.0176399	0.0113013	0.0209496
111	-0.0179219	0.0115563	0.0213246
111.2	-0.0181757	0.0118483	0.0216965
111.4	-0.0183964	0.0121741	0.0220599
111.6	-0.0185796	0.0125297	0.0224097
111.8	-0.0187212	0.0129098	0.0227409
112	-0.018818	0.0133088	0.0230486
112.2	-0.0188678	0.0137204	0.023329
112.4	-0.018869	0.0141383	0.0235782
112.6	-0.018821	0.0145557	0.0237928
112.8	-0.0187242	0.0149656	0.0239701
113	-0.0185798	0.0153608	0.0241074
113.2	-0.0183903	0.0157348	0.024203
113.4	-0.0181589	0.0160811	0.0242559
113.6	-0.0178898	0.0163942	0.0242655
113.8	-0.0175878	0.0166689	0.0242319
114	-0.0172585	0.0169011	0.0241558
114.2	-0.0169077	0.0170876	0.0240386
114.4	-0.0165419	0.0172259	0.0238824
114.6	-0.0161676	0.0173148	0.0236895
114.8	-0.0157913	0.0173541	0.0234633
115	-0.0154191	0.0173444	0.0232073
115.2	-0.0150573	0.0172875	0.0229255
115.4	-0.0147116	0.0171856	0.0226225
115.6	-0.0143869	0.0170423	0.022303
115.8	-0.0140878	0.0168616	0.0219722
116	-0.0138179	0.0166478	0.0216352
116.2	-0.01358	0.0164059	0.0212971
116.4	-0.0133762	0.0161408	0.020963
116.6	-0.013208	0.0158577	0.0206377
116.8	-0.0130758	0.0155617	0.020326
117	-0.0129798	0.0152578	0.0200319
117.2	-0.0129191	0.0149504	0.019759
117.4	-0.0128924	0.0146438	0.0195103
117.6	-0.0128976	0.0143417	0.0192882
117.8	-0.0129328	0.0140476	0.0190943
118	-0.0129954	0.0137644	0.0189298
118.2	-0.013083	0.0134943	0.0187952
118.4	-0.0131931	0.0132393	0.0186905
118.6	-0.0133232	0.0130006	0.0186151
118.8	-0.0134712	0.0127794	0.0185684
119	-0.0136349	0.0125761	0.0185491
119.2	-0.0138123	0.0123912	0.0185559
119.4	-0.0140015	0.0122252	0.0185876
119.6	-0.014201	0.0120782	0.0186427
119.8	-0.0144094	0.0119504	0.0187201
120	-0.0146254	0.011842	0.0188185
120.2	-0.0148479	0.0117535	0.0189369
120.4	-0.0150758	0.0116852	0.0190742
120.6	-0.0153081	0.0116378	0.0192296
120.8	-0.0155435	0.0116118	0.0194019
121	-0.0157808	0.0116079	0.0195903
121.2	-0.0160185	0.0116268	0.0197933
121.4	-0.0162548	0.0116691	0.0200097
121.6	-0.0164879	0.0117355	0.0202379
121.8	-0.0167155	0.0118265	0.0204762
122	-0.0169354	0.0119422	0.0207225
122.2	-0.017145	0.0120827	0.0209749
122.4	-0.0173418	0.0122477	0.0212307
122.6	-0.0175229	0.0124362	0.0214875
122.8	-0.0176856	0.0126471	0.0217424
123	-0.0178271	0.0128787	0.0219924
123.2	-0.0179447	0.0131286	0.0222344
123.4	-0.018036	0.013394	0.0224655
123.6	-0.0180992	0.0136719	0.0226826
123.8	-0.0181324	0.0139589	0.0228831
124	-0.0181346	0.0142512	0.0230642
124.2	-0.0181048	0.0145448	0.0232235
124.4	-0.0180427	0.0148353	0.0233587
124.6	-0.0179487	0.0151185	0.0234676
124.8	-0.0178237	0.0153898	0.0235485
125	-0.017669	0.0156449	0.0235999
125.2	-0.017487	0.0158795	0.023621
125.4	-0.0172803	0.0160899	0.0236113
125.6	-0.017052	0.0162729	0.0235707
125.8	-0.0168058	0.0164255	0.0234996
126	-0.0165456	0.0165454	0.0233988
126.2	-0.0162755	0.0166308	0.0232696
126.4	-0.016	0.0166808	0.0231138
126.6	-0.0157234	0.0166947	0.0229334
126.8	-0.0154502	0.0166729	0.0227309
127	-0.0151848	0.0166163	0.0225095
127.2	-0.0149312	0.0165263	0.0222723
127.4	-0.0146932	0.016405	0.0220231
127.6	-0.0144743	0.0162552	0.0217655
127.8	-0.0142773	0.01608	0.0215036
128	-0.0141048	0.0158826	0.0212415
128.2	-0.0139586	0.0156668	0.0209831
128.4	-0.0138403	0.0154363	0.0207324
128.6	-0.0137507	0.0151949	0.0204931
128.8	-0.01369	0.0149466	0.0202686
129	-0.0136578	0.0146951	0.020062
129.2	-0.0136535	0.0144442	0.0198759
129.4	-0.0136759	0.0141972	0.0197128
129.6	-0.0137237	0.0139573	0.0195741
129.8	-0.013795	0.0137272	0.0194612
130	-0.0138878	0.0135094	0.0193746
130.2	-0.0140002	0.0133059	0.0193145
130.4	-0.0141298	0.0131183	0.0192806
130.6	-0.0142747	0.0129478	0.0192721
130.8	-0.0144323	0.0127955	0.0192877
131	-0.0146005	0.012662	0.0193261
131.2	-0.014777	0.0125478	0.0193857
131.4	-0.0149599	0.0124532	0.0194648
131.6	-0.0151473	0.0123783	0.0195617
131.8	-0.0153376	0.012323	0.0196748
132	-0.0155291	0.0122871	0.0198022
132.2	-0.0157205	0.0122704	0.0199423
132.4	-0.0159103	0.0122725	0.0200936
132.6	-0.0160973	0.0122932	0.0202545
132.8	-0.0162802	0.0123319	0.0204235
133	-0.0164577	0.0123883	0.0205991
133.2	-0.0166285	0.012462	0.02078
133.4	-0.0167914	0.0125525	0.0209647
133.6	-0.0169451	0.0126593	0.0211518
133.8	-0.0170884	0.0127819	0.0213399
134	-0.0172197	0.0129195	0.0215275
134.2	-0.0173379	0.0130711	0.0217131
134.4	-0.0174416	0.0132357	0.021895
134.6	-0.0175294	0.0134118	0.0220716
134.8	-0.0176002	0.0135981	0.0222413
135	-0.0176529	0.0137927	0.0224023
135.2	-0.0176866	0.013994	0.0225532
135.4	-0.0177004	0.0141997	0.0226922
135.6	-0.0176937	0.0144078	0.0228178
135.8	-0.0176661	0.0146157	0.0229284
136	-0.0176176	0.014821	0.0230226
136.2	-0.0175482	0.0150209	0.0230991
136.4	-0.0174585	0.0152129	0.0231566
136.6	-0.0173492	0.0153942	0.0231943
136.8	-0.0172216	0.0155622	0.0232113
137	-0.0170771	0.0157143	0.0232071
137.2	-0.0169177	0.0158483	0.0231814
137.4	-0.0167453	0.0159622	0.0231343
137.6	-0.0165626	0.0160541	0.0230663
137.8	-0.0163719	0.0161228	0.0229779
138	-0.0161761	0.016167	0.0228701
138.2	-0.0159781	0.0161863	0.0227441
138.4	-0.0157808	0.0161803	0.0226017
138.6	-0.0155872	0.0161492	0.0224446
138.8	-0.0154002	0.0160937	0.022275
139	-0.0152225	0.0160148	0.0220952
139.2	-0.0150569	0.0159138	0.021908
139.4	-0.0149056	0.0157926	0.0217159
139.6	-0.0147708	0.0156532	0.0215221
139.8	-0.0146542	0.015498	0.0213292
140	-0.0145573	0.0153294	0.0211401
140.2	-0.014481	0.0151503	0.0209578
140.4	-0.0144261	0.0149635	0.020785
140.6	-0.0143928	0.0147718	0.0206242
140.8	-0.0143812	0.0145781	0.0204778
141	-0.0143909	0.0143852	0.0203477
141.2	-0.0144212	0.0141957	0.0202358
141.4	-0.014471	0.0140122	0.0201433
141.6	-0.0145393	0.0138369	0.0200711
141.8	-0.0146244	0.0136719	0.0200199
142	-0.0147248	0.0135191	0.0199896
142.2	-0.0148387	0.0133798	0.0199801
142.4	-0.0149644	0.0132553	0.0199909
142.6	-0.0150998	0.0131466	0.0200209
142.8	-0.015243	0.0130544	0.0200691
143	-0.015392	0.0129793	0.020134
143.2	-0.015545	0.0129214	0.0202141
143.4	-0.0157002	0.0128808	0.0203079
143.6	-0.0158559	0.0128574	0.0204137
143.8	-0.0160105	0.0128507	0.0205299
144	-0.0161627	0.0128604	0.0206548
144.2	-0.0163109	0.0128859	0.0207868
144.4	-0.0164541	0.0129264	0.0209244
144.6	-0.016591	0.0129813	0.021066
144.8	-0.0167206	0.0130496	0.0212102
145	-0.0168418	0.0131307	0.0213556
145.2	-0.0169538	0.0132235	0.021501
145.4	-0.0170557	0.0133272	0.0216451
145.6	-0.0171467	0.0134407	0.0217868
145.8	-0.0172263	0.013563	0.0219249
146	-0.0172938	0.0136929	0.0220584
146.2	-0.0173488	0.0138294	0.0221863
146.4	-0.0173906	0.0139712	0.0223076
146.6	-0.0174191	0.0141171	0.0224214
146.8	-0.0174338	0.0142657	0.0225266
147	-0.0174346	0.0144156	0.0226224
147.2	-0.0174213	0.0145654	0.022708
147.4	-0.017394	0.0147135	0.0227824
147.6	-0.0173527	0.0148584	0.0228449
147.8	-0.0172979	0.0149986	0.0228948
148	-0.0172299	0.0151323	0.0229315
148.2	-0.0171494	0.015258	0.0229545
148.4	-0.0170573	0.0153742	0.0229633
148.6	-0.0169543	0.0154793	0.0229577
148.8	-0.0168418	0.015572	0.0229376
149	-0.016721	0.015651	0.022903
149.2	-0.0165934	0.0157152	0.0228541
149.4	-0.0164606	0.0157636	0.0227913
149.6	-0.0163244	0.0157956	0.0227153
149.8	-0.0161865	0.0158105	0.0226269
150	-0.0160489	0.0158083	0.0225271
150.2	-0.0159134	0.0157888	0.022417
150.4	-0.0157821	0.0157523	0.0222982
150.6	-0.0156566	0.0156995	0.0221721
150.8	-0.0155388	0.0156309	0.0220404
151	-0.0154303	0.0155477	0.0219049
151.2	-0.0153327	0.015451	0.0217675
151.4	-0.0152472	0.0153424	0.0216303
151.6	-0.0151751	0.0152236	0.0214951
151.8	-0.0151173	0.0150962	0.0213641
152	-0.0150744	0.0149622	0.0212392
152.2	-0.0150469	0.0148236	0.0211222
152.4	-0.0150351	0.0146824	0.0210149
152.6	-0.0150389	0.0145407	0.0209189
152.8	-0.015058	0.0144003	0.0208354
153	-0.0150919	0.0142634	0.0207656
153.2	-0.01514	0.0141316	0.0207104
153.4	-0.0152012	0.0140067	0.0206704
153.6	-0.0152745	0.0138902	0.0206458
153.8	-0.0153587	0.0137836	0.0206368
154	-0.0154526	0.0136879	0.0206432
154.2	-0.0155546	0.0136043	0.0206645
154.4	-0.0156632	0.0135333	0.0206999
154.6	-0.015777	0.0134755	0.0207486
154.8	-0.0158944	0.0134314	0.0208095
155	-0.0160139	0.0134011	0.0208814
155.2	-0.0161339	0.0133845	0.020963
155.4	-0.0162531	0.0133814	0.0210529
155.6	-0.0163701	0.0133915	0.0211498
155.8	-0.0164838	0.0134143	0.0212523
156	-0.0165929	0.0134492	0.021359
156.2	-0.0166965	0.0134955	0.0214686
156.4	-0.0167937	0.0135522	0.0215799
156.6	-0.0168836	0.0136187	0.0216916
156.8	-0.0169654	0.0136939	0.0218025
157	-0.0170388	0.013777	0.0219118
157.2	-0.017103	0.0138669	0.0220183
157.4	-0.0171578	0.0139627	0.0221212
157.6	-0.0172028	0.0140633	0.0222196
157.8	-0.0172378	0.0141677	0.0223129
158	-0.0172627	0.0142749	0.0224003
158.2	-0.0172774	0.0143838	0.0224812
158.4	-0.017282	0.0144935	0.022555
158.6	-0.0172763	0.0146028	0.0226211
158.8	-0.0172608	0.0147108	0.0226791
159	-0.0172355	0.0148164	0.0227285
159.2	-0.0172008	0.0149185	0.022769
159.4	-0.017157	0.0150162	0.0228002
159.6	-0.0171047	0.0151084	0.0228219
159.8	-0.0170444	0.0151943	0.0228338
160	-0.0169768	0.015273	0.0228358
160.2	-0.0169025	0.0153434	0.0228279
160.4	-0.0168223	0.015405	0.0228102
160.6	-0.0167373	0.0154569	0.0227827
160.8	-0.0166482	0.0154985	0.0227457
161	-0.0165563	0.0155294	0.0226996
161.2	-0.0164625	0.015549	0.0226448
161.4	-0.0163681	0.0155572	0.0225818
161.6	-0.0162741	0.0155538	0.0225115
161.8	-0.0161819	0.0155388	0.0224345
162	-0.0160925	0.0155124	0.0223518
162.2	-0.0160073	0.015475	0.0222645
162.4	-0.0159272	0.0154269	0.0221735
162.6	-0.0158535	0.0153689	0.0220802
162.8	-0.015787	0.0153017	0.0219857
163	-0.0157288	0.0152263	0.0218914
163.2	-0.0156795	0.0151436	0.0217986
163.4	-0.01564	0.0150549	0.0217085
163.6	-0.0156107	0.0149614	0.0216226
163.8	-0.0155919	0.0148645	0.021542
164	-0.015584	0.0147653	0.021468
164.2	-0.0155869	0.0146655	0.0214016
164.4	-0.0156007	0.0145663	0.0213438
164.6	-0.0156249	0.0144691	0.0212954
164.8	-0.0156592	0.0143753	0.021257
165	-0.0157031	0.014286	0.0212292
165.2	-0.0157558	0.0142025	0.0212122
165.4	-0.0158166	0.0141258	0.0212062
165.6	-0.0158845	0.0140569	0.0212111
165.8	-0.0159585	0.0139965	0.0212268
166	-0.0160377	0.0139453	0.0212527
166.2	-0.0161209	0.0139038	0.0212884
166.4	-0.0162069	0.0138723	0.0213332
166.6	-0.0162946	0.0138511	0.0213861
166.8	-0.0163829	0.0138401	0.0214464
167	-0.0164707	0.0138393	0.021513
167.2	-0.0165569	0.0138484	0.021585
167.4	-0.0166406	0.0138671	0.0216612
167.6	-0.0167208	0.013895	0.0217406
167.8	-0.0167966	0.0139314	0.0218222
168	-0.0168675	0.0139757	0.0219051
168.2	-0.0169326	0.0140273	0.0219881
168.4	-0.0169915	0.0140853	0.0220704
168.6	-0.0170436	0.0141489	0.0221512
168.8	-0.0170887	0.0142175	0.0222297
169	-0.0171264	0.01429	0.0223051
169.2	-0.0171566	0.0143657	0.0223768
169.4	-0.0171791	0.0144436	0.0224442
169.6	-0.017194	0.0145231	0.0225067
169.8	-0.0172012	0.0146032	0.022564
170	-0.0172009	0.014683	0.0226155
170.2	-0.0171933	0.0147619	0.022661
170.4	-0.0171785	0.0148391	0.0227002
170.6	-0.0171569	0.0149138	0.0227328
170.8	-0.0171289	0.0149853	0.0227587
171	-0.0170947	0.0150529	0.0227776
171.2	-0.017055	0.0151161	0.0227896
171.4	-0.01701	0.0151742	0.0227947
171.6	-0.0169604	0.0152267	0.0227927
171.8	-0.0169068	0.015273	0.0227839
172	-0.0168497	0.0153129	0.0227683
172.2	-0.0167898	0.0153457	0.0227462
172.4	-0.0167277	0.0153713	0.0227177
172.6	-0.0166643	0.0153895	0.0226833
172.8	-0.0166001	0.0153999	0.0226433
173	-0.016536	0.0154025	0.0225981
173.2	-0.0164726	0.0153973	0.0225483
173.4	-0.0164109	0.0153844	0.0224944
173.6	-0.0163514	0.015364	0.022437
173.8	-0.016295	0.0153362	0.0223769
174	-0.0162424	0.0153015	0.0223148
174.2	-0.0161942	0.0152602	0.0222515
174.4	-0.0161511	0.015213	0.0221877
174.6	-0.0161136	0.0151604	0.0221243
174.8	-0.0160823	0.015103	0.0220622
175	-0.0160576	0.0150418	0.0220023
175.2	-0.0160397	0.0149774	0.0219453
175.4	-0.0160291	0.0149107	0.021892
175.6	-0.0160257	0.0148427	0.0218433
175.8	-0.0160298	0.0147743	0.0217998
176	-0.0160411	0.0147063	0.0217622
176.2	-0.0160596	0.0146398	0.0217309
176.4	-0.016085	0.0145755	0.0217065
176.6	-0.0161169	0.0145144	0.0216893
176.8	-0.016155	0.0144573	0.0216794
177	-0.0161986	0.0144049	0.0216771
177.2	-0.0162471	0.0143579	0.0216822
177.4	-0.0163	0.0143168	0.0216947
177.6	-0.0163564	0.0142821	0.0217143
177.8	-0.0164156	0.0142543	0.0217407
178	-0.0164769	0.0142336	0.0217734
178.2	-0.0165393	0.0142201	0.0218119
178.4	-0.0166022	0.0142139	0.0218556
178.6	-0.0166647	0.014215	0.0219038
178.8	-0.0167261	0.0142232	0.0219559
179	-0.0167856	0.0142383	0.022011
179.2	-0.0168425	0.01426	0.0220685
179.4	-0.0168963	0.0142878	0.0221275
179.6	-0.0169463	0.0143213	0.0221873
179.8	-0.0169922	0.01436	0.0222473
180	-0.0170334	0.0144033	0.0223068
180.2	-0.0170697	0.0144505	0.022365
180.4	-0.0171007	0.0145012	0.0224213
180.6	-0.0171262	0.0145545	0.0224754
180.8	-0.0171462	0.0146099	0.0225265
181	-0.0171606	0.0146667	0.0225743
181.2	-0.0171693	0.0147242	0.0226183
181.4	-0.0171725	0.0147819	0.0226583
181.6	-0.0171703	0.014839	0.022694
181.8	-0.0171628	0.014895	0.022725
182	-0.0171503	0.0149494	0.0227513
182.2	-0.0171331	0.0150017	0.0227726
182.4	-0.0171114	0.0150512	0.022789
182.6	-0.0170856	0.0150976	0.0228003
182.8	-0.017056	0.0151404	0.0228066
183	-0.0170231	0.0151794	0.0228079
183.2	-0.0169873	0.015214	0.0228042
183.4	-0.0169489	0.0152441	0.0227958
183.6	-0.0169086	0.0152694	0.0227828
183.8	-0.0168667	0.0152897	0.0227653
184	-0.0168237	0.0153048	0.0227437
184.2	-0.0167802	0.0153147	0.0227182
184.4	-0.0167366	0.0153193	0.0226891
184.6	-0.0166934	0.0153185	0.0226567
184.8	-0.0166512	0.0153125	0.0226215
185	-0.0166104	0.0153013	0.0225839
185.2	-0.0165714	0.0152851	0.0225443
185.4	-0.0165349	0.0152642	0.0225033
185.6	-0.0165011	0.0152387	0.0224612
185.8	-0.0164706	0.0152091	0.0224186
186	-0.0164436	0.0151756	0.0223762
186.2	-0.0164206	0.0151388	0.0223343
186.4	-0.0164019	0.015099	0.0222936
186.6	-0.0163876	0.0150569	0.0222545
186.8	-0.016378	0.0150129	0.0222177
187	-0.0163733	0.0149676	0.0221836
187.2	-0.0163735	0.0149216	0.0221528
187.4	-0.0163786	0.0148755	0.0221255
187.6	-0.0163885	0.0148299	0.0221023
187.8	-0.0164033	0.0147855	0.0220834
188	-0.0164226	0.0147427	0.0220691
188.2	-0.0164462	0.0147022	0.0220597
188.4	-0.0164738	0.0146645	0.0220553
188.6	-0.0165052	0.0146301	0.0220558
188.8	-0.0165398	0.0145994	0.0220614
189	-0.0165772	0.0145728	0.0220719
189.2	-0.016617	0.0145506	0.0220872
189.4	-0.0166585	0.0145332	0.022107
189.6	-0.0167014	0.0145207	0.0221311
189.8	-0.016745	0.0145131	0.0221591
190	-0.0167888	0.0145106	0.0221906
190.2	-0.0168323	0.0145131	0.0222251
190.4	-0.0168749	0.0145205	0.0222623
190.6	-0.0169161	0.0145327	0.0223015
190.8	-0.0169555	0.0145494	0.0223422
191	-0.0169927	0.0145704	0.0223841
191.2	-0.0170271	0.0145953	0.0224264
191.4	-0.0170585	0.0146237	0.0224688
191.6	-0.0170867	0.0146553	0.0225107
191.8	-0.0171113	0.0146896	0.0225517
192	-0.0171321	0.0147262	0.0225914
192.2	-0.017149	0.0147645	0.0226292
192.4	-0.017162	0.0148042	0.0226649
192.6	-0.017171	0.0148446	0.0226982
192.8	-0.017176	0.0148855	0.0227286
193	-0.0171771	0.0149262	0.0227561
193.2	-0.0171743	0.0149663	0.0227804
193.4	-0.0171679	0.0150054	0.0228013
193.6	-0.017158	0.0150432	0.0228188
193.8	-0.0171449	0.0150792	0.0228326
194	-0.0171287	0.0151131	0.0228429
194.2	-0.0171098	0.0151446	0.0228495
194.4	-0.0170883	0.0151733	0.0228526
194.6	-0.0170648	0.0151991	0.0228521
194.8	-0.0170393	0.0152218	0.0228482
195	-0.0170124	0.0152411	0.022841
195.2	-0.0169843	0.015257	0.0228307
195.4	-0.0169554	0.0152692	0.0228174
195.6	-0.016926	0.0152778	0.0228013
195.8	-0.0168964	0.0152828	0.0227827
196	-0.0168671	0.0152841	0.0227619
196.2	-0.0168384	0.0152817	0.022739
196.4	-0.0168105	0.0152758	0.0227144
196.6	-0.0167839	0.0152665	0.0226884
196.8	-0.0167588	0.0152539	0.0226613
197	-0.0167355	0.0152381	0.0226335
197.2	-0.0167143	0.0152195	0.0226053
197.4	-0.0166954	0.0151982	0.022577
197.6	-0.0166791	0.0151746	0.0225491
197.8	-0.0166656	0.0151488	0.0225218
198	-0.0166551	0.0151214	0.0224955
198.2	-0.0166476	0.0150925	0.0224706
198.4	-0.0166433	0.0150627	0.0224474
198.6	-0.0166423	0.0150321	0.0224262
198.8	-0.0166446	0.0150014	0.0224072
199	-0.0166501	0.0149707	0.0223908
199.2	-0.0166588	0.0149406	0.0223772
199.4	-0.0166707	0.0149115	0.0223666
199.6	-0.0166855	0.0148836	0.022359
199.8	-0.0167031	0.0148574	0.0223548
200	-0.0167233	0.0148332	0.0223538
200.2	-0.0167459	0.0148113	0.0223562
200.4	-0.0167705	0.014792	0.0223619
200.6	-0.0167969	0.0147756	0.0223708
200.8	-0.0168247	0.0147622	0.0223829
201	-0.0168537	0.014752	0.0223979
201.2	-0.0168834	0.0147451	0.0224158
201.4	-0.0169135	0.0147416	0.0224361
201.6	-0.0169436	0.0147415	0.0224588
201.8	-0.0169734	0.0147448	0.0224834
202	-0.0170025	0.0147514	0.0225097
202.2	-0.0170305	0.0147612	0.0225374
202.4	-0.0170573	0.014774	0.022566
202.6	-0.0170824	0.0147897	0.0225952
202.8	-0.0171056	0.014808	0.0226248
203	-0.0171267	0.0148287	0.0226543
203.2	-0.0171455	0.0148515	0.0226834
203.4	-0.0171618	0.014876	0.0227118
203.6	-0.0171755	0.014902	0.0227391
203.8	-0.0171865	0.0149291	0.0227652
204	-0.0171948	0.014957	0.0227897
204.2	-0.0172003	0.0149853	0.0228125
204.4	-0.017203	0.0150138	0.0228332
204.6	-0.017203	0.015042	0.0228518
204.8	-0.0172004	0.0150698	0.0228682
205	-0.0171953	0.0150967	0.0228821
205.2	-0.0171878	0.0151225	0.0228935
205.4	-0.0171782	0.015147	0.0229024
205.6	-0.0171664	0.0151699	0.0229088
205.8	-0.0171529	0.015191	0.0229126
206	-0.0171378	0.0152101	0.022914
206.2	-0.0171212	0.015227	0.0229129
206.4	-0.0171035	0.0152417	0.0229094
206.6	-0.017085	0.015254	0.0229037
206.8	-0.0170657	0.0152638	0.0228959
207	-0.017046	0.015271	0.0228861
207.2	-0.0170262	0.0152758	0.0228745
207.4	-0.0170065	0.015278	0.0228612
207.6	-0.016987	0.0152776	0.0228466
207.8	-0.0169681	0.0152748	0.0228307
208	-0.01695	0.0152697	0.0228137
208.2	-0.0169329	0.0152622	0.022796
208.4	-0.016917	0.0152526	0.0227778
208.6	-0.0169024	0.015241	0.0227592
208.8	-0.0168894	0.0152275	0.0227405
209	-0.0168781	0.0152124	0.022722
209.2	-0.0168686	0.0151958	0.0227038
209.4	-0.0168611	0.015178	0.0226863
209.6	-0.0168556	0.0151592	0.0226697
209.8	-0.0168523	0.0151396	0.0226541
210	-0.0168511	0.0151195	0.0226397
210.2	-0.0168521	0.0150991	0.0226269
210.4	-0.0168552	0.0150788	0.0226157
210.6	-0.0168605	0.0150586	0.0226062
210.8	-0.016868	0.015039	0.0225987
211	-0.0168774	0.0150202	0.0225932
211.2	-0.0168888	0.0150024	0.0225899
211.4	-0.0169019	0.0149858	0.0225887
211.6	-0.0169167	0.0149706	0.0225897
211.8	-0.0169329	0.0149571	0.0225929
212	-0.0169504	0.0149454	0.0225983
212.2	-0.016969	0.0149356	0.0226057
212.4	-0.0169884	0.014928	0.0226153
212.6	-0.0170085	0.0149225	0.0226267
212.8	-0.0170289	0.0149192	0.0226399
213	-0.0170496	0.0149182	0.0226548
213.2	-0.0170701	0.0149194	0.0226711
213.4	-0.0170903	0.014923	0.0226886
213.6	-0.01711	0.0149287	0.0227072
213.8	-0.0171289	0.0149365	0.0227266
214	-0.0171468	0.0149463	0.0227465
214.2	-0.0171636	0.014958	0.0227668
214.4	-0.017179	0.0149713	0.0227873
214.6	-0.017193	0.0149862	0.0228076
214.8	-0.0172053	0.0150025	0.0228276
215	-0.017216	0.0150198	0.022847
215.2	-0.0172248	0.0150381	0.0228657
215.4	-0.0172319	0.015057	0.0228834
215.6	-0.017237	0.0150764	0.0229
215.8	-0.0172402	0.015096	0.0229154
216	-0.0172416	0.0151156	0.0229294
216.2	-0.0172412	0.015135	0.0229418
216.4	-0.017239	0.0151539	0.0229527
216.6	-0.0172351	0.0151722	0.0229618
216.8	-0.0172296	0.0151897	0.0229693
217	-0.0172227	0.0152061	0.022975
217.2	-0.0172145	0.0152214	0.0229789
217.4	-0.017205	0.0152354	0.0229811
217.6	-0.0171946	0.0152479	0.0229816
217.8	-0.0171832	0.0152589	0.0229804
218	-0.0171711	0.0152683	0.0229776
218.2	-0.0171586	0.015276	0.0229733
218.4	-0.0171456	0.015282	0.0229676
218.6	-0.0171325	0.0152863	0.0229607
218.8	-0.0171193	0.0152887	0.0229525
219	-0.0171063	0.0152895	0.0229433
219.2	-0.0170937	0.0152885	0.0229332
219.4	-0.0170815	0.0152859	0.0229224
219.6	-0.0170699	0.0152817	0.022911
219.8	-0.0170591	0.015276	0.0228991
220	-0.0170492	0.0152689	0.022887
220.2	-0.0170403	0.0152605	0.0228748
220.4	-0.0170325	0.0152509	0.0228626
220.6	-0.017026	0.0152404	0.0228507
220.8	-0.0170207	0.0152289	0.0228391
221	-0.0170169	0.0152167	0.0228281
221.2	-0.0170144	0.0152039	0.0228177
221.4	-0.0170133	0.0151908	0.0228082
221.6	-0.0170138	0.0151774	0.0227996
221.8	-0.0170156	0.0151639	0.022792
222	-0.017019	0.0151506	0.0227857
222.2	-0.0170237	0.0151376	0.0227805
222.4	-0.0170298	0.015125	0.0227767
222.6	-0.0170372	0.015113	0.0227743
222.8	-0.0170458	0.0151018	0.0227733
223	-0.0170556	0.0150915	0.0227738
223.2	-0.0170663	0.0150822	0.0227757
223.4	-0.017078	0.0150741	0.0227791
223.6	-0.0170904	0.0150672	0.0227839
223.8	-0.0171035	0.0150617	0.02279
224	-0.017117	0.0150576	0.0227975
224.2	-0.0171309	0.015055	0.0228061
224.4	-0.0171449	0.0150539	0.0228159
224.6	-0.017159	0.0150542	0.0228267
224.8	-0.0171729	0.0150561	0.0228385
225	-0.0171866	0.0150594	0.0228509
225.2	-0.0171998	0.0150642	0.022864
225.4	-0.0172124	0.0150704	0.0228776
225.6	-0.0172243	0.0150778	0.0228914
225.8	-0.0172355	0.0150864	0.0229055
226	-0.0172456	0.0150961	0.0229195
226.2	-0.0172548	0.0151068	0.0229335
226.4	-0.0172628	0.0151183	0.0229471
226.6	-0.0172697	0.0151305	0.0229603
226.8	-0.0172754	0.0151433	0.022973
227	-0.0172798	0.0151564	0.022985
227.2	-0.017283	0.0151698	0.0229961
227.4	-0.0172849	0.0151832	0.0230064
227.6	-0.0172855	0.0151966	0.0230158
227.8	-0.017285	0.0152097	0.023024
228	-0.0172832	0.0152225	0.0230312
228.2	-0.0172804	0.0152349	0.0230372
228.4	-0.0172765	0.0152465	0.023042
228.6	-0.0172717	0.0152575	0.0230456
228.8	-0.017266	0.0152676	0.0230481
229	-0.0172595	0.0152768	0.0230493
229.2	-0.0172524	0.015285	0.0230494
229.4	-0.0172448	0.015292	0.0230484
229.6	-0.0172367	0.015298	0.0230464
229.8	-0.0172284	0.0153028	0.0230433
230	-0.0172198	0.0153064	0.0230393
230.2	-0.0172112	0.0153089	0.0230345
230.4	-0.0172027	0.0153101	0.0230289
230.6	-0.0171943	0.0153101	0.0230227
230.8	-0.0171862	0.0153091	0.0230159
231	-0.0171785	0.0153069	0.0230087
231.2	-0.0171712	0.0153036	0.0230011
231.4	-0.0171646	0.0152994	0.0229934
231.6	-0.0171586	0.0152943	0.0229855
231.8	-0.0171533	0.0152884	0.0229776
232	-0.0171489	0.0152817	0.0229699
232.2	-0.0171452	0.0152744	0.0229623
232.4	-0.0171425	0.0152666	0.0229551
232.6	-0.0171408	0.0152584	0.0229483
232.8	-0.01714	0.0152499	0.022942
233	-0.0171402	0.0152411	0.0229364
233.2	-0.0171413	0.0152323	0.0229314
233.4	-0.0171435	0.0152236	0.0229272
233.6	-0.0171465	0.015215	0.0229238
233.8	-0.0171505	0.0152066	0.0229212
234	-0.0171554	0.0151987	0.0229196
234.2	-0.0171611	0.0151912	0.0229189
234.4	-0.0171676	0.0151842	0.0229192
234.6	-0.0171748	0.015178	0.0229204
234.8	-0.0171826	0.0151725	0.0229226
235	-0.017191	0.0151678	0.0229258
235.2	-0.0171998	0.0151639	0.0229298
235.4	-0.0172089	0.015161	0.0229347
235.6	-0.0172183	0.015159	0.0229405
235.8	-0.0172279	0.0151581	0.022947
236	-0.0172375	0.0151581	0.0229543
236.2	-0.0172471	0.0151591	0.0229622
236.4	-0.0172565	0.0151611	0.0229706
236.6	-0.0172657	0.015164	0.0229794
236.8	-0.0172746	0.0151679	0.0229886
237	-0.017283	0.0151727	0.0229981
237.2	-0.0172909	0.0151783	0.0230078
237.4	-0.0172983	0.0151846	0.0230174
237.6	-0.017305	0.0151917	0.0230271
237.8	-0.0173109	0.0151993	0.0230366
238	-0.0173162	0.0152074	0.0230459
238.2	-0.0173206	0.0152159	0.0230549
238.4	-0.0173242	0.0152248	0.0230634
238.6	-0.017327	0.0152338	0.0230715
238.8	-0.0173289	0.015243	0.023079
239	-0.01733	0.0152522	0.0230859
239.2	-0.0173303	0.0152612	0.0230921
239.4	-0.0173298	0.0152701	0.0230976
239.6	-0.0173285	0.0152787	0.0231023
239.8	-0.0173265	0.015287	0.0231062
240	-0.0173238	0.0152947	0.0231094
240.2	-0.0173205	0.015302	0.0231117
240.4	-0.0173167	0.0153086	0.0231132
240.6	-0.0173124	0.0153146	0.023114
240.8	-0.0173077	0.0153199	0.0231139
241	-0.0173026	0.0153245	0.0231132
241.2	-0.0172973	0.0153282	0.0231117
241.4	-0.0172919	0.0153312	0.0231096
241.6	-0.0172864	0.0153334	0.0231069
241.8	-0.0172808	0.0153347	0.0231037
242	-0.0172754	0.0153353	0.0231
242.2	-0.0172701	0.0153351	0.0230959
242.4	-0.017265	0.0153341	0.0230915
242.6	-0.0172603	0.0153324	0.0230868
242.8	-0.0172559	0.01533	0.0230819
243	-0.0172519	0.015327	0.0230769
243.2	-0.0172484	0.0153234	0.0230719
243.4	-0.0172454	0.0153193	0.023067
243.6	-0.017243	0.0153148	0.0230622
243.8	-0.0172411	0.0153099	0.0230575
244	-0.0172399	0.0153046	0.0230531
244.2	-0.0172394	0.0152992	0.0230491
244.4	-0.0172395	0.0152935	0.0230454
244.6	-0.0172402	0.0152878	0.0230422
244.8	-0.0172416	0.0152821	0.0230395
245	-0.0172436	0.0152765	0.0230373
245.2	-0.0172463	0.0152711	0.0230356
245.4	-0.0172496	0.0152658	0.0230346
245.6	-0.0172534	0.0152609	0.0230342
245.8	-0.0172577	0.0152563	0.0230344
246	-0.0172626	0.0152521	0.0230352
246.2	-0.0172678	0.0152484	0.0230367
246.4	-0.0172735	0.0152452	0.0230389
246.6	-0.0172794	0.0152426	0.0230416
246.8	-0.0172856	0.0152406	0.0230449
247	-0.0172921	0.0152392	0.0230488
247.2	-0.0172986	0.0152385	0.0230532
247.4	-0.0173052	0.0152384	0.0230581
247.6	-0.0173118	0.0152389	0.0230635
247.8	-0.0173183	0.0152402	0.0230692
248	-0.0173247	0.015242	0.0230752
248.2	-0.0173309	0.0152445	0.0230815
248.4	-0.0173369	0.0152476	0.023088
248.6	-0.0173425	0.0152513	0.0230946
248.8	-0.0173477	0.0152554	0.0231013
249	-0.0173526	0.0152601	0.0231081
249.2	-0.017357	0.0152651	0.0231147
249.4	-0.0173609	0.0152705	0.0231212
249.6	-0.0173643	0.0152763	0.0231275
249.8	-0.0173672	0.0152822	0.0231336
