# Time	U	V	U_magnitude
0	-8.86017e-29	1.42537e-28	1.6783e-28
0.2	-0.000574747	5.59308e-05	0.000577462
0.4	-0.0105213	4.67519e-05	0.0105214
0.6	-0.0108946	0.000356697	0.0109004
0.8	-0.0070407	0.000960234	0.00710588
1	-0.00643446	0.000475081	0.00645197
1.2	-0.0109964	0.000723381	0.0110201
1.4	-0.0128448	0.00193447	0.0129896
1.6	-0.0108083	0.00237804	0.0110668
1.8	-0.00943491	0.0018945	0.00962323
2	-0.0119105	0.00227046	0.0121249
2.2	-0.0141535	0.00366814	0.0146211
2.4	-0.0134457	0.0046235	0.0142184
2.6	-0.012582	0.00444443	0.0133439
2.8	-0.0139633	0.00471215	0.014737
3	-0.0158586	0.00628378	0.0170581
3.2	-0.0162873	0.00767101	0.0180033
3.4	-0.0160212	0.00791562	0.01787
3.6	-0.016821	0.00829953	0.0187571
3.8	-0.0184451	0.00982903	0.0209005
4	-0.0194156	0.0115223	0.0225772
4.2	-0.0196964	0.0123164	0.0232301
4.4	-0.0203858	0.012925	0.0241378
4.6	-0.0216994	0.0144271	0.0260577
4.8	-0.0228998	0.0163414	0.0281325
5	-0.0236332	0.0176519	0.0294977
5.2	-0.0243452	0.01864	0.0306616
5.4	-0.025453	0.0202213	0.0325078
5.6	-0.0267056	0.0223017	0.034793
5.8	-0.0276846	0.0240982	0.0367036
6	-0.0284821	0.0255622	0.0382709
6.2	-0.0294571	0.0273504	0.0401966
6.4	-0.0306247	0.0296242	0.0426083
6.6	-0.0316834	0.0318632	0.0449344
6.8	-0.0325252	0.0338441	0.0469395
7	-0.0333752	0.0359651	0.0490652
7.2	-0.0343781	0.0384876	0.0516058
7.4	-0.0353589	0.0411328	0.0542417
7.6	-0.0361417	0.0436323	0.0566569
7.8	-0.0368326	0.0461657	0.0590585
8	-0.0375938	0.0489923	0.0617539
8.2	-0.0383559	0.0520145	0.0646273
8.4	-0.0389545	0.0549944	0.0673932
8.6	-0.0394065	0.0579631	0.0700899
8.8	-0.0398454	0.0611241	0.0729645
9	-0.0402708	0.0644947	0.0760349
9.2	-0.0405601	0.0679192	0.0791083
9.4	-0.0406868	0.0713831	0.0821643
9.6	-0.0407464	0.0750828	0.0854265
9.8	-0.0407727	0.0791895	0.0890695
10	-0.0406823	0.083749	0.0931072
10.2	-0.0404118	0.0888471	0.0976059
10.4	-0.0399792	0.0946933	0.102787
10.6	-0.0393777	0.101448	0.108823
10.8	-0.0385089	0.109062	0.11566
11	-0.037272	0.117344	0.123121
11.2	-0.0356472	0.12611	0.131051
11.4	-0.033649	0.135166	0.139292
11.6	-0.0312598	0.144221	0.14757
11.8	-0.0284631	0.152932	0.155558
12	-0.0253051	0.161035	0.163011
12.2	-0.0218706	0.168366	0.169781
12.4	-0.0182213	0.174775	0.175722
12.6	-0.0143977	0.180103	0.180678
12.8	-0.0104651	0.184269	0.184566
13	-0.00651122	0.187283	0.187397
13.2	-0.00259985	0.189192	0.18921
13.4	0.00123823	0.190037	0.190041
13.6	0.00496931	0.189901	0.189966
13.8	0.00854799	0.188932	0.189126
14	0.0119474	0.187297	0.187677
14.2	0.0151735	0.185135	0.185756
14.4	0.0182396	0.182582	0.183491
14.6	0.0211509	0.179789	0.181029
14.8	0.0239198	0.176893	0.178503
15	0.0265769	0.173985	0.176004
15.2	0.0291555	0.171124	0.17359
15.4	0.0316715	0.168359	0.171312
15.6	0.0341352	0.165724	0.169203
15.8	0.0365628	0.163218	0.167263
16	0.038969	0.160819	0.165473
16.2	0.0413533	0.158507	0.163813
16.4	0.0437069	0.156263	0.16226
16.6	0.0460257	0.154055	0.160784
16.8	0.0483065	0.15185	0.159348
17	0.0505375	0.14962	0.157925
17.2	0.0527037	0.147352	0.156494
17.4	0.0547945	0.145028	0.155034
17.6	0.0568052	0.142631	0.153527
17.8	0.0587261	0.140153	0.151959
18	0.060545	0.137593	0.150325
18.2	0.0622566	0.13495	0.148618
18.4	0.0638585	0.132222	0.146835
18.6	0.0653455	0.12941	0.144972
18.8	0.0667122	0.126522	0.143032
19	0.0679571	0.123563	0.141018
19.2	0.0690809	0.120537	0.138929
19.4	0.0700821	0.117448	0.136769
19.6	0.0709583	0.114305	0.134539
19.8	0.0717098	0.111113	0.132244
20	0.0723389	0.107877	0.129886
20.2	0.0728459	0.104601	0.127467
20.4	0.0732298	0.101291	0.12499
20.6	0.0734908	0.0979534	0.122457
20.8	0.0736307	0.0945901	0.11987
21	0.0736497	0.0912054	0.117229
21.2	0.073547	0.0878042	0.114537
21.4	0.0733228	0.0843905	0.111794
21.6	0.0729779	0.0809671	0.109002
21.8	0.0725125	0.0775378	0.106161
22	0.0719255	0.0741069	0.103272
22.2	0.071217	0.0706784	0.100336
22.4	0.0703875	0.0672558	0.0973537
22.6	0.0694366	0.0638433	0.094326
22.8	0.0683639	0.0604446	0.0912533
23	0.0671698	0.0570638	0.0881366
23.2	0.065855	0.0537056	0.0849775
23.4	0.0644196	0.050375	0.0817773
23.6	0.0628641	0.0470772	0.0785376
23.8	0.0611898	0.0438173	0.0752606
24	0.0593983	0.0406002	0.0719482
24.2	0.0574913	0.0374316	0.068603
24.4	0.0554707	0.0343177	0.065228
24.6	0.0533389	0.0312639	0.0618261
24.8	0.0510994	0.0282765	0.0584013
25	0.0487553	0.0253613	0.054957
25.2	0.0463105	0.0225247	0.0514978
25.4	0.043769	0.0197729	0.048028
25.6	0.0411359	0.017112	0.0445531
25.8	0.038416	0.014548	0.0410784
26	0.0356149	0.0120872	0.0376102
26.2	0.0327383	0.00973518	0.0341551
26.4	0.0297928	0.00749822	0.0307219
26.6	0.0267847	0.00538112	0.0273199
26.8	0.0237209	0.0033903	0.023962
27	0.020609	0.00153026	0.0206657
27.2	0.017456	-0.000194547	0.0174571
27.4	0.0142701	-0.00177892	0.0143806
27.6	0.0110596	-0.00321962	0.0115187
27.8	0.0078325	-0.00451415	0.00904023
28	0.00459784	-0.0056604	0.00729248
28.2	0.00136497	-0.0066563	0.00679481
28.4	-0.00185582	-0.00750092	0.00772709
28.6	-0.00505337	-0.00819371	0.0096267
28.8	-0.00822094	-0.00873559	0.0119956
29	-0.0113511	-0.00912748	0.0145657
29.2	-0.0144369	-0.0093708	0.0172115
29.4	-0.017472	-0.00946745	0.0198721
29.6	-0.0204497	-0.00941976	0.0225149
29.8	-0.023364	-0.00923053	0.0251213
30	-0.0262094	-0.00890294	0.0276802
30.2	-0.0289801	-0.00844044	0.0301842
30.4	-0.0316709	-0.00784702	0.0326285
30.6	-0.034277	-0.00712691	0.0350101
30.8	-0.0367933	-0.00628486	0.0373262
31	-0.0392152	-0.005325	0.0395751
31.2	-0.0415388	-0.00425219	0.0417559
31.4	-0.0437599	-0.00307157	0.0438675
31.6	-0.045875	-0.00178894	0.0459099
31.8	-0.0478801	-0.000409195	0.0478818
32	-0.0497723	0.00106195	0.0497836
32.2	-0.0515491	0.00261909	0.0516156
32.4	-0.0532068	0.00425615	0.0533767
32.6	-0.0547437	0.00596788	0.0550681
32.8	-0.0561575	0.00774859	0.0566895
33	-0.0574457	0.0095923	0.0582411
33.2	-0.0586072	0.0114937	0.0597237
33.4	-0.0596398	0.0134464	0.0611369
33.6	-0.0605427	0.0154455	0.0624818
33.8	-0.0613143	0.0174843	0.0637585
34	-0.0619539	0.0195578	0.0649676
34.2	-0.0624605	0.0216596	0.0661094
34.4	-0.0628337	0.0237843	0.0671846
34.6	-0.063073	0.0259257	0.0681935
34.8	-0.0631781	0.0280779	0.0691364
35	-0.0631492	0.0302348	0.070014
35.2	-0.0629862	0.0323901	0.0708264
35.4	-0.0626897	0.0345376	0.0715741
35.6	-0.0622602	0.0366709	0.0722571
35.8	-0.0616987	0.0387836	0.0728758
36	-0.0610062	0.0408691	0.0734305
36.2	-0.0601842	0.0429207	0.0739211
36.4	-0.0592344	0.0449319	0.0743477
36.6	-0.0581589	0.0468956	0.0747105
36.8	-0.05696	0.0488051	0.0750092
37	-0.0556403	0.0506537	0.0752438
37.2	-0.0542025	0.0524344	0.075414
37.4	-0.05265	0.0541405	0.0755197
37.6	-0.0509862	0.0557654	0.0755604
37.8	-0.049215	0.0573021	0.0755358
38	-0.0473406	0.0587442	0.0754455
38.2	-0.0453676	0.0600851	0.075289
38.4	-0.0433008	0.0613183	0.0750659
38.6	-0.0411455	0.0624375	0.0747756
38.8	-0.0389073	0.0634366	0.0744176
39	-0.0365924	0.0643096	0.0739915
39.2	-0.0342072	0.0650508	0.0734965
39.4	-0.0317588	0.0656544	0.0729323
39.6	-0.0292546	0.0661154	0.0722985
39.8	-0.0267027	0.0664287	0.0715947
40	-0.0241116	0.0665899	0.0708208
40.2	-0.0214904	0.0665948	0.0699764
40.4	-0.0188486	0.0664398	0.0690617
40.6	-0.0161964	0.0661218	0.0680766
40.8	-0.0135442	0.0656386	0.0670215
41	-0.0109031	0.0649885	0.0658967
41.2	-0.00828449	0.0641703	0.0647029
41.4	-0.00570003	0.0631839	0.0634405
41.6	-0.00316178	0.0620299	0.0621105
41.8	-0.000682357	0.0607099	0.0607137
42	0.00172524	0.0592259	0.0592511
42.2	0.00404848	0.0575815	0.0577236
42.4	0.00627533	0.0557805	0.0561324
42.6	0.00839425	0.0538279	0.0544785
42.8	0.0103931	0.0517296	0.0527633
43	0.012261	0.0494922	0.0509883
43.2	0.0139863	0.0471231	0.0491549
43.4	0.0155588	0.0446309	0.0472652
43.6	0.0169681	0.0420245	0.0453208
43.8	0.0182045	0.039314	0.0433243
44	0.0192592	0.0365102	0.0412785
44.2	0.0201238	0.0336242	0.0391861
44.4	0.02079	0.0306683	0.0370509
44.6	0.0212512	0.0276555	0.0348775
44.8	0.0215014	0.0245994	0.0326717
45	0.0215351	0.0215142	0.0304404
45.2	0.0213478	0.0184146	0.0281927
45.4	0.0209361	0.0153161	0.0259403
45.6	0.0202973	0.0122347	0.0236995
45.8	0.0194301	0.00918729	0.0214927
46	0.0183349	0.00619166	0.0193521
46.2	0.0170122	0.00326666	0.017323
46.4	0.0154651	0.000431792	0.0154712
46.6	0.0136989	-0.00229145	0.0138892
46.8	0.0117195	-0.00488406	0.0126965
47	0.00953627	-0.00732716	0.0120261
47.2	0.00715935	-0.00960333	0.0119783
47.4	0.00460159	-0.0116944	0.0125672
47.6	0.00187794	-0.0135844	0.0137136
47.8	-0.000993613	-0.0152573	0.0152896
48	-0.00399182	-0.0166991	0.0171695
48.2	-0.00709588	-0.0178965	0.019252
48.4	-0.0102837	-0.0188388	0.0214629
48.6	-0.0135325	-0.0195167	0.0237493
48.8	-0.0168191	-0.0199225	0.0260728
49	-0.020119	-0.0200508	0.0284044
49.2	-0.0234077	-0.0198985	0.0307224
49.4	-0.0266605	-0.0194645	0.0330098
49.6	-0.0298527	-0.0187503	0.0352528
49.8	-0.0329597	-0.0177595	0.0374399
50	-0.0359574	-0.0164975	0.0395613
50.2	-0.0388224	-0.0149727	0.0416096
50.4	-0.0415317	-0.0131958	0.0435776
50.6	-0.0440632	-0.0111791	0.0454592
50.8	-0.0463959	-0.00893793	0.0472489
51	-0.0485101	-0.00648908	0.0489422
51.2	-0.0503875	-0.00385182	0.0505345
51.4	-0.0520113	-0.00104765	0.0520219
51.6	-0.0533669	0.00189892	0.0534007
51.8	-0.0544416	0.00496102	0.0546672
52	-0.0552252	0.00811111	0.0558177
52.2	-0.05571	0.0113209	0.0568486
52.4	-0.0558913	0.0145613	0.0577569
52.6	-0.0557674	0.0178025	0.05854
52.8	-0.0553402	0.0210146	0.0591959
53	-0.0546148	0.0241679	0.0597232
53.2	-0.0536	0.0272334	0.0601216
53.4	-0.052308	0.0301831	0.0603916
53.6	-0.0507545	0.0329907	0.0605343
53.8	-0.0489584	0.035632	0.0605522
54	-0.0469414	0.0380853	0.0604483
54.2	-0.0447277	0.0403323	0.0602267
54.4	-0.042343	0.0423577	0.0598924
54.6	-0.0398145	0.0441502	0.0594511
54.8	-0.0371699	0.0457021	0.0589091
55	-0.0344366	0.0470095	0.0582733
55.2	-0.0316413	0.0480718	0.0575506
55.4	-0.028809	0.0488919	0.0567484
55.6	-0.0259633	0.0494751	0.0558737
55.8	-0.0231251	0.0498288	0.0549334
56	-0.0203133	0.0499621	0.0539337
56.2	-0.0175442	0.0498851	0.0528802
56.4	-0.0148315	0.0496082	0.0517779
56.6	-0.0121872	0.0491421	0.0506307
56.8	-0.00962083	0.048497	0.0494421
57	-0.00714072	0.0476827	0.0482144
57.2	-0.00475376	0.0467081	0.0469494
57.4	-0.00246607	0.0455814	0.0456481
57.6	-0.000283464	0.04431	0.0443109
57.8	0.00178803	0.0429003	0.0429376
58	0.00374342	0.0413585	0.0415275
58.2	0.00557816	0.03969	0.04008
58.4	0.00728764	0.0378997	0.0385941
58.6	0.00886589	0.0359926	0.0370685
58.8	0.0103071	0.0339733	0.0355024
59	0.0116032	0.031847	0.0338949
59.2	0.0127468	0.0296193	0.0322457
59.4	0.0137282	0.0272967	0.0305545
59.6	0.0145384	0.0248875	0.0288228
59.8	0.015167	0.0224004	0.0270521
60	0.0156036	0.0198466	0.025246
60.2	0.0158383	0.0172388	0.02341
60.4	0.0158613	0.0145917	0.0215522
60.6	0.0156637	0.0119217	0.0196844
60.8	0.0152378	0.00924741	0.0178242
61	0.0145773	0.0065895	0.0159975
61.2	0.0136781	0.00397037	0.0142427
61.4	0.0125388	0.00141481	0.0126184
61.6	0.0111607	-0.00104999	0.01121
61.8	0.00954834	-0.00339663	0.0101345
62	0.00770976	-0.00560029	0.0095291
62.2	0.00565664	-0.00763579	0.00950278
62.4	0.00340358	-0.00947804	0.0100706
62.6	0.000969424	-0.0111041	0.0111463
62.8	-0.00162478	-0.0124908	0.012596
63	-0.00434685	-0.0136173	0.0142942
63.2	-0.00716679	-0.0144652	0.0161432
63.4	-0.0100526	-0.0150203	0.0180738
63.6	-0.0129702	-0.0152715	0.0200361
63.8	-0.0158844	-0.0152126	0.021994
64	-0.0187596	-0.0148418	0.0239207
64.2	-0.0215604	-0.014162	0.0257956
64.4	-0.0242521	-0.0131811	0.0276027
64.6	-0.0268012	-0.0119117	0.029329
64.8	-0.0291764	-0.0103707	0.0309647
65	-0.0313486	-0.00858004	0.0325016
65.2	-0.0332923	-0.00656511	0.0339334
65.4	-0.0349849	-0.00435517	0.0352549
65.6	-0.0364082	-0.00198252	0.0364621
65.8	-0.0375481	0.000517947	0.0375517
66	-0.0383951	0.0031079	0.0385207
66.2	-0.0389448	0.00574856	0.0393668
66.4	-0.0391972	0.00840229	0.0400876
66.6	-0.0391577	0.0110326	0.0406822
66.8	-0.0388364	0.0136045	0.0411503
67	-0.038248	0.0160855	0.0414928
67.2	-0.037411	0.0184458	0.0417113
67.4	-0.0363478	0.0206594	0.0418088
67.6	-0.0350833	0.0227041	0.041789
67.8	-0.0336449	0.024562	0.0416566
68	-0.0320613	0.0262197	0.0414174
68.2	-0.0303622	0.0276686	0.0410781
68.4	-0.028577	0.0289047	0.0406464
68.6	-0.0267345	0.0299285	0.0401304
68.8	-0.024862	0.0307446	0.0395392
69	-0.0229843	0.0313611	0.0388818
69.2	-0.0211239	0.0317892	0.0381677
69.4	-0.0192997	0.0320426	0.037406
69.6	-0.0175272	0.0321364	0.0366053
69.8	-0.0158186	0.0320863	0.0357738
70	-0.0141822	0.0319086	0.0349184
70.2	-0.0126233	0.0316186	0.0340453
70.4	-0.0111443	0.0312306	0.0331594
70.6	-0.00974479	0.0307571	0.0322639
70.8	-0.00842286	0.0302089	0.0313611
71	-0.00717521	0.0295944	0.0304518
71.2	-0.00599748	0.0289197	0.0295351
71.4	-0.00488593	0.0281892	0.0286095
71.6	-0.00383645	0.0274048	0.027672
71.8	-0.0028466	0.026567	0.0267191
72	-0.00191481	0.0256752	0.0257465
72.2	-0.00104134	0.0247276	0.0247495
72.4	-0.000227529	0.0237224	0.0237234
72.6	0.000523223	0.0226581	0.0226641
72.8	0.0012063	0.0215334	0.0215671
73	0.00181446	0.020347	0.0204278
73.2	0.00234179	0.0191017	0.0192447
73.4	0.00278046	0.0177998	0.0180157
73.6	0.00312186	0.0164438	0.0167376
73.8	0.00335629	0.0150387	0.0154086
74	0.00347598	0.0135934	0.0140308
74.2	0.00347335	0.0121167	0.0126047
74.4	0.00334109	0.0106186	0.0111318
74.6	0.00307297	0.00911098	0.00961525
74.8	0.00266353	0.00760835	0.00806111
75	0.00210794	0.00612508	0.00647766
75.2	0.0014049	0.00467691	0.00488337
75.4	0.000554021	0.00328207	0.0033285
75.6	-0.000443023	0.001959	0.00200847
75.8	-0.00158195	0.000726707	0.00174088
76	-0.002855	-0.000396277	0.00288237
76.2	-0.00425072	-0.0013925	0.00447299
76.4	-0.00575735	-0.00224213	0.00617853
76.6	-0.00735569	-0.00293044	0.00791794
76.8	-0.00902767	-0.00344347	0.00966211
77	-0.0107527	-0.00376704	0.0113935
77.2	-0.0125051	-0.00389209	0.0130968
77.4	-0.01426	-0.00381299	0.0147609
77.6	-0.0159915	-0.00352738	0.0163759
77.8	-0.0176731	-0.00303687	0.0179321
78	-0.0192781	-0.00234592	0.0194203
78.2	-0.0207835	-0.00146422	0.020835
78.4	-0.022165	-0.000405903	0.0221687
78.6	-0.0234011	0.000812624	0.0234152
78.8	-0.0244735	0.00217077	0.0245695
79	-0.0253663	0.00364521	0.0256269
79.2	-0.0260673	0.00521061	0.026583
79.4	-0.0265681	0.00683965	0.0274343
79.6	-0.0268641	0.00850409	0.028178
79.8	-0.0269552	0.0101754	0.0288118
80	-0.0268451	0.0118255	0.0293343
80.2	-0.0265419	0.0134271	0.0297449
80.4	-0.0260574	0.014955	0.030044
80.6	-0.025407	0.0163864	0.030233
80.8	-0.024609	0.0177017	0.0303142
81	-0.0236842	0.0188846	0.0302914
81.2	-0.0226548	0.0199228	0.0301688
81.4	-0.0215444	0.0208081	0.0299522
81.6	-0.0203765	0.0215362	0.0296482
81.8	-0.0191746	0.0221071	0.0292641
82	-0.0179607	0.0225241	0.0288084
82.2	-0.0167554	0.022794	0.0282897
82.4	-0.015577	0.0229263	0.0277175
82.6	-0.0144415	0.0229328	0.0271011
82.8	-0.0133616	0.0228271	0.0264501
83	-0.0123474	0.0226235	0.0257737
83.2	-0.0114057	0.0223371	0.0250806
83.4	-0.0105403	0.0219827	0.024379
83.6	-0.00975226	0.0215743	0.0236761
83.8	-0.00904007	0.0211248	0.0229778
84	-0.0084002	0.0206454	0.0222889
84.2	-0.00782725	0.0201452	0.0216124
84.4	-0.00731514	0.0196313	0.02095
84.6	-0.00685701	0.0191089	0.020302
84.8	-0.00644569	0.0185806	0.0196668
85	-0.00607505	0.0180468	0.0190419
85.2	-0.00573981	0.0175069	0.0184238
85.4	-0.00543608	0.0169585	0.0178084
85.6	-0.00516147	0.0163984	0.0171915
85.8	-0.00491554	0.015823	0.016569
86	-0.00469905	0.0152288	0.0159373
86.2	-0.00451473	0.0146129	0.0152944
86.4	-0.00436646	0.0139732	0.0146396
86.6	-0.00425928	0.013309	0.0139739
86.8	-0.00419863	0.0126206	0.0133007
87	-0.0041905	0.01191	0.0126257
87.2	-0.0042406	0.0111807	0.0119579
87.4	-0.00435444	0.0104376	0.0113095
87.6	-0.00453684	0.00968723	0.010697
87.8	-0.00479133	0.008937	0.0101404
88	-0.00512132	0.00819533	0.00966392
88.2	-0.00552857	0.00747187	0.00929483
88.4	-0.00601372	0.00677686	0.00906039
88.6	-0.00657581	0.00612089	0.00898369
88.8	-0.00721228	0.00551536	0.00907944
89	-0.00791998	0.00497106	0.00935081
89.2	-0.00869253	0.00449832	0.00978749
89.4	-0.00952239	0.00410807	0.0103707
89.6	-0.0104007	0.0038099	0.0110765
89.8	-0.0113166	0.00361242	0.0118792
90	-0.0122581	0.00352296	0.0127543
90.2	-0.0132118	0.00354696	0.0136796
90.4	-0.0141628	0.0036883	0.0146351
90.6	-0.0150955	0.00394859	0.0156034
90.8	-0.0159941	0.00432713	0.0165691
91	-0.0168421	0.00482059	0.0175184
91.2	-0.0176237	0.0054217	0.0184388
91.4	-0.0183252	0.00612241	0.0193209
91.6	-0.0189332	0.00691186	0.0201554
91.8	-0.0194361	0.0077763	0.020934
92	-0.0198246	0.00870073	0.0216499
92.2	-0.0200916	0.00966842	0.0222969
92.4	-0.0202328	0.0106617	0.02287
92.6	-0.0202464	0.011662	0.0233649
92.8	-0.0201336	0.0126509	0.0237783
93	-0.0198983	0.0136102	0.0241077
93.2	-0.019547	0.0145226	0.0243514
93.4	-0.0190892	0.0153719	0.024509
93.6	-0.0185362	0.0161438	0.0245807
93.8	-0.0179014	0.0168261	0.0245678
94	-0.0171999	0.0174091	0.0244727
94.2	-0.0164478	0.017886	0.0242989
94.4	-0.0156617	0.0182526	0.0240509
94.6	-0.0148585	0.0185078	0.0237342
94.8	-0.0140544	0.0186533	0.0233554
95	-0.013265	0.0186935	0.0229217
95.2	-0.0125042	0.0186349	0.0224414
95.4	-0.0117843	0.0184864	0.021923
95.6	-0.0111157	0.0182582	0.0213757
95.8	-0.0105064	0.0179617	0.0208088
96	-0.0099622	0.0176088	0.0202315
96.2	-0.00948658	0.017212	0.0196532
96.4	-0.00908074	0.0167831	0.0190823
96.6	-0.00874395	0.0163337	0.0185269
96.8	-0.00847341	0.0158745	0.0179944
97	-0.00826471	0.0154145	0.0174904
97.2	-0.00811228	0.0149616	0.0170193
97.4	-0.00800971	0.0145218	0.0165843
97.6	-0.00795012	0.0140996	0.0161865
97.8	-0.00792651	0.0136977	0.0158258
98	-0.00793211	0.0133169	0.0155003
98.2	-0.00796067	0.0129569	0.015207
98.4	-0.00800697	0.0126158	0.0149422
98.6	-0.00806694	0.0122908	0.0147017
98.8	-0.00813782	0.0119785	0.0144813
99	-0.00821825	0.0116753	0.0142777
99.2	-0.00830817	0.0113775	0.014088
99.4	-0.00840874	0.0110821	0.0139111
99.6	-0.00852186	0.0107866	0.0137467
99.8	-0.00865044	0.0104894	0.0135962
100	-0.00879794	0.01019	0.0134626
100.2	-0.00896794	0.00988937	0.01335
100.4	-0.00916387	0.00958935	0.0132639
100.6	-0.00938881	0.00929306	0.0132102
100.8	-0.00964537	0.00900459	0.0131953
101	-0.00993527	0.00872886	0.0132251
101.2	-0.0102592	0.00847157	0.0133049
101.4	-0.0106171	0.00823885	0.0134388
101.6	-0.0110078	0.00803699	0.0136295
101.8	-0.0114287	0.00787231	0.0138776
102	-0.0118764	0.00775093	0.0141819
102.2	-0.0123463	0.00767858	0.0145393
102.4	-0.0128328	0.00766038	0.0149453
102.6	-0.0133293	0.00770065	0.0153939
102.8	-0.0138284	0.00780277	0.0158779
103	-0.014322	0.00796899	0.0163898
103.2	-0.0148013	0.00820035	0.0169211
103.4	-0.0152572	0.0084965	0.0174635
103.6	-0.0156804	0.00885544	0.0180081
103.8	-0.0160618	0.00927324	0.0185466
104	-0.0163933	0.00974478	0.019071
104.2	-0.016667	0.0102637	0.0195738
104.4	-0.0168758	0.0108219	0.0200476
104.6	-0.0170141	0.0114099	0.0204857
104.8	-0.0170776	0.0120177	0.0208823
105	-0.0170637	0.012634	0.0212318
105.2	-0.0169713	0.0132474	0.0215295
105.4	-0.0168014	0.0138462	0.0217716
105.6	-0.0165564	0.0144187	0.0219548
105.8	-0.0162409	0.0149539	0.0220769
106	-0.0158609	0.0154415	0.0221361
106.2	-0.0154239	0.0158721	0.0221319
106.4	-0.0149387	0.0162379	0.0220643
106.6	-0.0144155	0.0165323	0.0219345
106.8	-0.0138649	0.0167509	0.0217446
107	-0.0132984	0.0168906	0.0214974
107.2	-0.0127274	0.0169507	0.021197
107.4	-0.0121633	0.0169321	0.0208481
107.6	-0.0116172	0.0168377	0.0204565
107.8	-0.0110993	0.0166721	0.0200288
108	-0.0106187	0.0164414	0.0195723
108.2	-0.0101833	0.0161531	0.0190951
108.4	-0.00979967	0.0158158	0.0186057
108.6	-0.00947251	0.0154386	0.018113
108.8	-0.00920502	0.0150312	0.0176258
109	-0.00899872	0.0146032	0.0171531
109.2	-0.0088534	0.0141643	0.0167036
109.4	-0.00876723	0.0137238	0.0162852
109.6	-0.00873707	0.0132902	0.0159049
109.8	-0.00875868	0.0128707	0.0155682
110	-0.00882694	0.0124718	0.0152794
110.2	-0.00893595	0.0120983	0.0150407
110.4	-0.00907927	0.0117542	0.0148524
110.6	-0.00925037	0.011442	0.0147136
110.8	-0.00944294	0.0111629	0.0146212
111	-0.00965107	0.010917	0.0145714
111.2	-0.00986943	0.0107032	0.014559
111.4	-0.0100933	0.0105192	0.0145784
111.6	-0.010319	0.0103626	0.0146241
111.8	-0.0105436	0.0102301	0.014691
112	-0.0107654	0.0101187	0.0147744
112.2	-0.0109834	0.0100249	0.0148706
112.4	-0.0111976	0.0099458	0.0149768
112.6	-0.0114085	0.00987894	0.0150913
112.8	-0.0116174	0.00982239	0.0152132
113	-0.0118259	0.00977499	0.0153428
113.2	-0.0120357	0.00973625	0.0154807
113.4	-0.0122485	0.00970654	0.0156282
113.6	-0.0124657	0.00968697	0.0157871
113.8	-0.0126887	0.00967929	0.015959
114	-0.012918	0.00968576	0.0161458
114.2	-0.0131537	0.00970893	0.0163488
114.4	-0.0133953	0.00975162	0.0165689
114.6	-0.0136414	0.00981667	0.0168064
114.8	-0.01389	0.00990686	0.017061
115	-0.0141384	0.0100247	0.0173318
115.2	-0.0143832	0.0101724	0.0176169
115.4	-0.0146207	0.0103514	0.0179141
115.6	-0.0148464	0.0105627	0.0182205
115.8	-0.0150556	0.0108064	0.0185324
116	-0.0152435	0.0110816	0.0188458
116.2	-0.0154049	0.0113866	0.0191563
116.4	-0.0155352	0.0117184	0.0194593
116.6	-0.0156301	0.0120736	0.0197503
116.8	-0.0156855	0.0124478	0.0200245
117	-0.0156978	0.0128357	0.0202774
117.2	-0.0156643	0.0132311	0.0205044
117.4	-0.0155834	0.0136273	0.0207014
117.6	-0.0154544	0.0140174	0.0208644
117.8	-0.0152775	0.014394	0.0209902
118	-0.0150543	0.0147498	0.0210758
118.2	-0.0147872	0.0150777	0.0211187
118.4	-0.0144801	0.0153709	0.0211172
118.6	-0.0141376	0.0156232	0.0210703
118.8	-0.0137655	0.0158291	0.0209773
119	-0.0133702	0.0159842	0.0208388
119.2	-0.0129589	0.0160849	0.0206557
119.4	-0.0125392	0.0161291	0.0204298
119.6	-0.012119	0.0161157	0.020164
119.8	-0.0117062	0.0160451	0.0198616
120	-0.0113086	0.0159189	0.0195268
120.2	-0.0109337	0.0157398	0.0191647
120.4	-0.0105883	0.0155117	0.018781
120.6	-0.0102786	0.0152396	0.018382
120.8	-0.0100099	0.0149296	0.0179747
121	-0.00978606	0.0145881	0.0175664
121.2	-0.00961035	0.0142223	0.0171648
121.4	-0.00948474	0.0138396	0.0167778
121.6	-0.00941003	0.0134477	0.0164131
121.8	-0.00938579	0.0130539	0.0160779
122	-0.00941035	0.0126654	0.0157787
122.2	-0.00948101	0.0122888	0.0155211
122.4	-0.00959419	0.0119304	0.0153096
122.6	-0.0097456	0.0115955	0.015147
122.8	-0.00993044	0.0112885	0.0150347
123	-0.0101435	0.0110127	0.0149723
123.2	-0.0103794	0.0107704	0.0149578
123.4	-0.0106324	0.0105632	0.0149877
123.6	-0.0108971	0.0103916	0.0150576
123.8	-0.0111685	0.010255	0.0151624
124	-0.0114416	0.0101524	0.0152965
124.2	-0.0117127	0.0100821	0.0154543
124.4	-0.0119781	0.0100415	0.0156304
124.6	-0.0122353	0.0100281	0.0158197
124.8	-0.0124821	0.0100388	0.0160181
125	-0.0127171	0.0100706	0.0162216
125.2	-0.0129394	0.0101208	0.0164274
125.4	-0.013149	0.0101868	0.0166333
125.6	-0.0133459	0.0102663	0.0168378
125.8	-0.0135309	0.0103573	0.0170399
126	-0.0137046	0.0104585	0.0172394
126.2	-0.013868	0.010569	0.0174363
126.4	-0.0140219	0.0106882	0.0176309
126.6	-0.0141669	0.010816	0.0178238
126.8	-0.0143037	0.0109526	0.0180154
127	-0.0144324	0.0110987	0.0182064
127.2	-0.0145528	0.0112549	0.0183972
127.4	-0.0146643	0.011422	0.0185878
127.6	-0.0147661	0.0116006	0.018778
127.8	-0.0148568	0.0117911	0.0189672
128	-0.0149349	0.0119937	0.0191547
128.2	-0.0149986	0.0122084	0.0193391
128.4	-0.0150458	0.0124345	0.0195191
128.6	-0.0150746	0.0126713	0.0196927
128.8	-0.0150825	0.0129173	0.019858
129	-0.0150676	0.0131705	0.0200124
129.2	-0.0150279	0.0134284	0.0201534
129.4	-0.0149618	0.0136878	0.0202783
129.6	-0.014868	0.0139452	0.0203845
129.8	-0.0147461	0.0141969	0.0204694
130	-0.0145957	0.0144387	0.0205307
130.2	-0.0144175	0.0146663	0.0205661
130.4	-0.0142125	0.0148754	0.0205736
130.6	-0.0139826	0.0150617	0.0205516
130.8	-0.0137304	0.0152212	0.0204989
131	-0.0134589	0.0153499	0.0204148
131.2	-0.0131721	0.0154447	0.0202989
131.4	-0.0128743	0.0155028	0.0201515
131.6	-0.0125701	0.0155221	0.0199736
131.8	-0.0122647	0.0155015	0.0197666
132	-0.0119633	0.0154402	0.0195325
132.2	-0.0116712	0.0153387	0.0192741
132.4	-0.0113937	0.0151982	0.0189948
132.6	-0.0111358	0.0150207	0.0186984
132.8	-0.0109024	0.0148091	0.0183894
133	-0.0106976	0.014567	0.018073
133.2	-0.010525	0.0142986	0.0177546
133.4	-0.0103878	0.0140088	0.01744
133.6	-0.0102881	0.0137027	0.017135
133.8	-0.0102276	0.0133855	0.0168456
134	-0.0102066	0.013063	0.0165776
134.2	-0.0102251	0.0127407	0.0163364
134.4	-0.0102819	0.0124244	0.0161271
134.6	-0.0103753	0.0121192	0.0159537
134.8	-0.0105027	0.0118301	0.0158196
135	-0.0106613	0.0115615	0.0157268
135.2	-0.0108473	0.0113169	0.015676
135.4	-0.0110567	0.0110994	0.0156667
135.6	-0.0112849	0.0109115	0.0156974
135.8	-0.0115274	0.0107548	0.0157654
136	-0.0117796	0.0106306	0.0158672
136.2	-0.0120373	0.0105389	0.0159989
136.4	-0.0122962	0.0104792	0.0161558
136.6	-0.0125524	0.0104506	0.0163333
136.8	-0.0128024	0.0104513	0.0165267
137	-0.0130433	0.0104791	0.0167314
137.2	-0.0132723	0.0105318	0.0169433
137.4	-0.0134875	0.0106068	0.0171586
137.6	-0.0136873	0.0107014	0.0173741
137.8	-0.0138707	0.0108128	0.0175873
138	-0.0140372	0.0109385	0.0177959
138.2	-0.0141866	0.011076	0.0179982
138.4	-0.0143191	0.0112229	0.0181932
138.6	-0.0144352	0.0113774	0.0183799
138.8	-0.0145355	0.0115378	0.0185581
139	-0.0146206	0.0117027	0.0187274
139.2	-0.0146911	0.0118711	0.0188879
139.4	-0.0147479	0.0120421	0.0190398
139.6	-0.0147915	0.012215	0.0191832
139.8	-0.0148225	0.0123895	0.0193185
140	-0.0148412	0.0125652	0.019446
140.2	-0.0148478	0.012742	0.0195657
140.4	-0.0148421	0.0129197	0.0196776
140.6	-0.0148241	0.0130978	0.0197815
140.8	-0.0147932	0.013276	0.0198769
141	-0.014749	0.0134537	0.0199634
141.2	-0.014691	0.0136298	0.0200399
141.4	-0.0146185	0.0138034	0.0201055
141.6	-0.014531	0.0139729	0.0201591
141.8	-0.0144283	0.0141366	0.0201995
142	-0.0143102	0.0142928	0.0202254
142.2	-0.0141767	0.0144394	0.0202355
142.4	-0.0140284	0.0145743	0.0202288
142.6	-0.0138658	0.0146951	0.0202041
142.8	-0.01369	0.0147997	0.0201605
143	-0.0135024	0.0148855	0.0200971
143.2	-0.0133048	0.0149507	0.0200135
143.4	-0.0130995	0.0149931	0.0199095
143.6	-0.0128889	0.0150111	0.0197853
143.8	-0.0126758	0.0150034	0.0196412
144	-0.0124634	0.0149689	0.0194783
144.2	-0.0122548	0.0149073	0.0192979
144.4	-0.0120536	0.0148186	0.0191018
144.6	-0.011863	0.0147033	0.0188923
144.8	-0.0116866	0.0145627	0.0186721
145	-0.0115273	0.0143983	0.0184443
145.2	-0.0113884	0.0142125	0.0182124
145.4	-0.0112724	0.0140079	0.0179802
145.6	-0.0111817	0.0137875	0.0177518
145.8	-0.011118	0.0135548	0.0175311
146	-0.0110826	0.0133135	0.0173226
146.2	-0.0110761	0.0130676	0.0171302
146.4	-0.0110989	0.0128212	0.0169579
146.6	-0.0111505	0.0125784	0.0168092
146.8	-0.01123	0.0123431	0.0166873
147	-0.0113359	0.0121192	0.0165945
147.2	-0.0114662	0.0119102	0.0165326
147.4	-0.0116187	0.0117192	0.0165025
147.6	-0.0117904	0.011549	0.0165043
147.8	-0.0119781	0.0114019	0.0165372
148	-0.0121785	0.0112796	0.0165996
148.2	-0.0123881	0.0111836	0.0166895
148.4	-0.0126033	0.0111144	0.016804
148.6	-0.0128207	0.0110722	0.01694
148.8	-0.0130368	0.0110566	0.0170941
149	-0.0132486	0.0110666	0.0172625
149.2	-0.013453	0.0111009	0.0174417
149.4	-0.0136473	0.0111579	0.0176281
149.6	-0.0138296	0.0112356	0.0178184
149.8	-0.0139978	0.0113318	0.0180097
150	-0.0141507	0.0114442	0.0181992
150.2	-0.0142872	0.0115703	0.0183846
150.4	-0.0144066	0.0117076	0.0185639
150.6	-0.0145088	0.0118538	0.0187355
150.8	-0.0145937	0.0120066	0.018898
151	-0.0146616	0.0121638	0.0190504
151.2	-0.0147131	0.0123234	0.0191922
151.4	-0.0147489	0.012484	0.019323
151.6	-0.0147699	0.0126439	0.0194427
151.8	-0.0147769	0.0128021	0.0195512
152	-0.0147709	0.0129576	0.0196489
152.2	-0.0147528	0.0131095	0.0197359
152.4	-0.0147234	0.0132574	0.0198125
152.6	-0.0146834	0.0134006	0.019879
152.8	-0.0146334	0.0135387	0.0199358
153	-0.0145741	0.0136714	0.0199828
153.2	-0.0145058	0.0137984	0.0200203
153.4	-0.0144289	0.0139191	0.0200483
153.6	-0.0143437	0.014033	0.0200666
153.8	-0.0142504	0.0141397	0.020075
154	-0.0141493	0.0142384	0.0200733
154.2	-0.0140407	0.0143284	0.0200611
154.4	-0.013925	0.0144089	0.020038
154.6	-0.0138027	0.0144789	0.0200038
154.8	-0.0136743	0.0145375	0.0199581
155	-0.0135405	0.0145836	0.0199005
155.2	-0.0134023	0.0146164	0.0198308
155.4	-0.0132608	0.0146347	0.019749
155.6	-0.0131172	0.0146376	0.0196551
155.8	-0.012973	0.0146245	0.0195493
156	-0.0128297	0.0145946	0.019432
156.2	-0.0126894	0.0145475	0.0193041
156.4	-0.0125538	0.0144831	0.0191666
156.6	-0.012425	0.0144015	0.0190206
156.8	-0.0123051	0.0143032	0.0188679
157	-0.0121961	0.0141889	0.0187102
157.2	-0.0121001	0.0140598	0.0185496
157.4	-0.0120188	0.0139171	0.0183885
157.6	-0.0119538	0.0137628	0.0182293
157.8	-0.0119067	0.0135987	0.0180747
158	-0.0118785	0.0134274	0.0179275
158.2	-0.0118701	0.0132512	0.0177903
158.4	-0.0118821	0.0130729	0.017666
158.6	-0.0119146	0.0128953	0.0175569
158.8	-0.0119674	0.0127211	0.0174655
159	-0.0120397	0.0125532	0.0173936
159.2	-0.0121308	0.0123942	0.0173428
159.4	-0.0122391	0.0122469	0.0173142
159.6	-0.0123632	0.0121134	0.0173084
159.8	-0.012501	0.0119957	0.0173255
160	-0.0126503	0.0118957	0.0173649
160.2	-0.0128086	0.0118148	0.0174256
160.4	-0.0129734	0.0117539	0.0175061
160.6	-0.0131419	0.0117137	0.0176045
160.8	-0.0133116	0.0116943	0.0177188
161	-0.0134797	0.0116957	0.0178463
161.2	-0.0136438	0.0117172	0.0179846
161.4	-0.0138015	0.011758	0.018131
161.6	-0.0139507	0.0118168	0.0182828
161.8	-0.0140896	0.0118922	0.0184375
162	-0.0142166	0.0119824	0.0185928
162.2	-0.0143305	0.0120855	0.0187462
162.4	-0.0144301	0.0121995	0.0188959
162.6	-0.014515	0.0123221	0.0190399
162.8	-0.0145847	0.0124514	0.0191769
163	-0.0146394	0.0125854	0.0193055
163.2	-0.0146791	0.0127221	0.0194249
163.4	-0.0147042	0.0128598	0.0195343
163.6	-0.0147155	0.0129967	0.0196331
163.8	-0.0147135	0.0131315	0.0197212
164	-0.0146993	0.0132628	0.0197983
164.2	-0.0146738	0.0133896	0.0198646
164.4	-0.0146379	0.013511	0.0199202
164.6	-0.0145926	0.0136262	0.0199654
164.8	-0.0145389	0.0137348	0.0200006
165	-0.0144778	0.0138361	0.0200261
165.2	-0.0144101	0.01393	0.0200424
165.4	-0.0143365	0.0140162	0.0200497
165.6	-0.0142579	0.0140945	0.0200485
165.8	-0.0141749	0.0141646	0.0200391
166	-0.0140879	0.0142266	0.0200216
166.2	-0.0139977	0.0142802	0.0199965
166.4	-0.0139047	0.0143251	0.0199638
166.6	-0.0138095	0.0143613	0.0199236
166.8	-0.0137125	0.0143885	0.0198762
167	-0.0136142	0.0144065	0.0198216
167.2	-0.0135153	0.0144149	0.0197599
167.4	-0.0134163	0.0144136	0.0196913
167.6	-0.013318	0.0144021	0.0196161
167.8	-0.0132212	0.0143804	0.0195344
168	-0.0131266	0.0143481	0.0194467
168.2	-0.0130354	0.0143051	0.0193535
168.4	-0.0129484	0.0142516	0.0192554
168.6	-0.0128669	0.0141875	0.0191531
168.8	-0.0127918	0.0141131	0.0190475
169	-0.0127243	0.014029	0.0189399
169.2	-0.0126655	0.0139357	0.0188313
169.4	-0.0126166	0.0138341	0.0187233
169.6	-0.0125786	0.0137253	0.0186173
169.8	-0.0125523	0.0136104	0.0185149
170	-0.0125385	0.0134908	0.0184178
170.2	-0.0125379	0.0133681	0.0183277
170.4	-0.0125509	0.0132439	0.0182463
170.6	-0.0125778	0.01312	0.0181751
170.8	-0.0126183	0.0129983	0.0181157
171	-0.0126724	0.0128806	0.0180693
171.2	-0.0127394	0.0127687	0.018037
171.4	-0.0128186	0.0126646	0.0180197
171.6	-0.012909	0.0125698	0.0180178
171.8	-0.0130093	0.0124859	0.0180317
172	-0.0131183	0.0124143	0.0180611
172.2	-0.0132342	0.012356	0.0181057
172.4	-0.0133554	0.012312	0.0181646
172.6	-0.0134799	0.012283	0.0182368
172.8	-0.0136059	0.0122692	0.0183208
173	-0.0137314	0.0122708	0.0184153
173.2	-0.0138545	0.0122875	0.0185184
173.4	-0.0139734	0.012319	0.0186283
173.6	-0.0140865	0.0123645	0.0187432
173.8	-0.0141922	0.0124229	0.0188613
174	-0.0142892	0.0124932	0.0189806
174.2	-0.0143764	0.012574	0.0190994
174.4	-0.0144528	0.0126638	0.019216
174.6	-0.0145178	0.0127609	0.0193289
174.8	-0.0145709	0.0128639	0.0194368
175	-0.0146118	0.012971	0.0195385
175.2	-0.0146407	0.0130806	0.0196329
175.4	-0.0146575	0.0131911	0.0197193
175.6	-0.0146628	0.0133012	0.019797
175.8	-0.014657	0.0134094	0.0198655
176	-0.0146409	0.0135145	0.0199248
176.2	-0.0146151	0.0136154	0.0199745
176.4	-0.0145806	0.0137112	0.0200148
176.6	-0.0145382	0.0138011	0.0200457
176.8	-0.014489	0.0138846	0.0200677
177	-0.0144338	0.013961	0.0200809
177.2	-0.0143735	0.0140302	0.0200859
177.4	-0.014309	0.0140918	0.020083
177.6	-0.0142412	0.0141457	0.0200726
177.8	-0.0141707	0.0141918	0.0200554
178	-0.0140984	0.0142303	0.0200316
178.2	-0.0140249	0.014261	0.0200019
178.4	-0.0139508	0.0142842	0.0199665
178.6	-0.0138765	0.0142999	0.019926
178.8	-0.0138027	0.0143082	0.0198806
179	-0.0137297	0.0143092	0.0198308
179.2	-0.0136581	0.0143031	0.0197768
179.4	-0.0135882	0.0142898	0.019719
179.6	-0.0135206	0.0142696	0.0196578
179.8	-0.0134556	0.0142425	0.0195935
180	-0.0133938	0.0142087	0.0195264
180.2	-0.0133357	0.0141682	0.019457
180.4	-0.0132817	0.0141212	0.0193858
180.6	-0.0132324	0.014068	0.0193134
180.8	-0.0131884	0.0140089	0.0192402
181	-0.0131503	0.0139443	0.019167
181.2	-0.0131186	0.0138746	0.0190946
181.4	-0.0130939	0.0138004	0.0190238
181.6	-0.0130768	0.0137224	0.0189554
181.8	-0.0130677	0.0136412	0.0188904
182	-0.0130669	0.0135578	0.0188298
182.2	-0.0130749	0.0134732	0.0187745
182.4	-0.0130919	0.0133883	0.0187255
182.6	-0.0131178	0.0133043	0.0186837
182.8	-0.0131528	0.0132223	0.01865
183	-0.0131965	0.0131434	0.0186252
183.2	-0.0132487	0.013069	0.0186099
183.4	-0.0133089	0.013	0.0186045
183.6	-0.0133763	0.0129377	0.0186094
183.8	-0.0134503	0.0128831	0.0186248
184	-0.0135298	0.012837	0.0186505
184.2	-0.0136139	0.0128002	0.0186864
184.4	-0.0137013	0.0127735	0.018732
184.6	-0.013791	0.0127572	0.0187866
184.8	-0.0138815	0.0127517	0.0188494
185	-0.0139716	0.0127571	0.0189195
185.2	-0.01406	0.0127732	0.0189958
185.4	-0.0141454	0.0128	0.019077
185.6	-0.0142266	0.0128368	0.0191619
185.8	-0.0143025	0.012883	0.0192492
186	-0.0143721	0.0129379	0.0193377
186.2	-0.0144346	0.0130005	0.019426
186.4	-0.0144891	0.0130698	0.0195129
186.6	-0.0145352	0.0131446	0.0195972
186.8	-0.0145724	0.0132238	0.0196779
187	-0.0146004	0.0133061	0.0197541
187.2	-0.0146192	0.0133902	0.0198247
187.4	-0.0146289	0.0134751	0.0198893
187.6	-0.0146297	0.0135595	0.0199471
187.8	-0.0146219	0.0136423	0.0199979
188	-0.0146061	0.0137226	0.0200411
188.2	-0.0145827	0.0137993	0.0200768
188.4	-0.0145525	0.0138718	0.0201048
188.6	-0.0145162	0.0139392	0.0201252
188.8	-0.0144745	0.0140012	0.0201382
189	-0.0144283	0.0140571	0.020144
189.2	-0.0143783	0.0141068	0.0201429
189.4	-0.0143253	0.0141499	0.0201354
189.6	-0.01427	0.0141864	0.0201218
189.8	-0.0142132	0.0142162	0.0201026
190	-0.0141555	0.0142393	0.0200782
190.2	-0.0140975	0.014256	0.0200493
190.4	-0.0140399	0.0142662	0.0200161
190.6	-0.0139831	0.0142702	0.0199792
190.8	-0.0139277	0.0142683	0.019939
191	-0.0138739	0.0142606	0.019896
191.2	-0.0138223	0.0142475	0.0198506
191.4	-0.0137731	0.0142291	0.0198032
191.6	-0.0137267	0.0142057	0.0197541
191.8	-0.0136834	0.0141777	0.0197038
192	-0.0136434	0.0141452	0.0196527
192.2	-0.0136071	0.0141085	0.0196011
192.4	-0.0135747	0.0140679	0.0195494
192.6	-0.0135466	0.0140237	0.019498
192.8	-0.0135228	0.0139762	0.0194474
193	-0.0135038	0.0139259	0.019398
193.2	-0.0134897	0.013873	0.0193503
193.4	-0.0134808	0.0138181	0.0193047
193.6	-0.0134773	0.0137615	0.0192618
193.8	-0.0134795	0.0137039	0.0192222
194	-0.0134873	0.0136457	0.0191863
194.2	-0.013501	0.0135876	0.0191547
194.4	-0.0135205	0.0135303	0.0191278
194.6	-0.0135459	0.0134744	0.0191063
194.8	-0.013577	0.0134206	0.0190905
195	-0.0136136	0.0133696	0.0190808
195.2	-0.0136555	0.0133222	0.0190776
195.4	-0.0137022	0.0132791	0.019081
195.6	-0.0137534	0.0132409	0.0190913
195.8	-0.0138085	0.0132082	0.0191084
196	-0.0138668	0.0131816	0.0191322
196.2	-0.0139276	0.0131616	0.0191627
196.4	-0.0139903	0.0131486	0.0191993
196.6	-0.014054	0.0131429	0.0192419
196.8	-0.0141178	0.0131445	0.0192897
197	-0.014181	0.0131537	0.0193422
197.2	-0.0142426	0.0131703	0.0193987
197.4	-0.0143018	0.0131941	0.0194583
197.6	-0.0143579	0.0132248	0.0195203
197.8	-0.01441	0.0132619	0.0195838
198	-0.0144575	0.013305	0.019648
198.2	-0.0144998	0.0133533	0.0197118
198.4	-0.0145364	0.0134062	0.0197745
198.6	-0.0145668	0.0134628	0.0198353
198.8	-0.0145908	0.0135223	0.0198933
199	-0.0146081	0.0135839	0.0199479
199.2	-0.0146188	0.0136466	0.0199985
199.4	-0.0146228	0.0137096	0.0200444
199.6	-0.0146203	0.0137721	0.0200854
199.8	-0.0146116	0.0138331	0.020121
200	-0.0145969	0.0138921	0.0201509
200.2	-0.0145767	0.0139482	0.0201751
200.4	-0.0145516	0.0140009	0.0201934
200.6	-0.0145219	0.0140495	0.0202058
200.8	-0.0144884	0.0140938	0.0202126
201	-0.0144515	0.0141332	0.0202137
201.2	-0.014412	0.0141676	0.0202096
201.4	-0.0143704	0.0141968	0.0202004
201.6	-0.0143274	0.0142206	0.0201866
201.8	-0.0142835	0.0142391	0.0201685
202	-0.0142392	0.0142522	0.0201465
202.2	-0.0141952	0.01426	0.020121
202.4	-0.014152	0.0142628	0.0200924
202.6	-0.0141098	0.0142607	0.0200613
202.8	-0.0140692	0.014254	0.0200279
203	-0.0140305	0.0142429	0.0199928
203.2	-0.0139939	0.0142276	0.0199563
203.4	-0.0139599	0.0142085	0.0199188
203.6	-0.0139286	0.0141858	0.0198807
203.8	-0.0139003	0.0141599	0.0198424
204	-0.0138751	0.014131	0.0198042
204.2	-0.0138532	0.0140996	0.0197664
204.4	-0.0138348	0.0140658	0.0197293
204.6	-0.0138199	0.01403	0.0196934
204.8	-0.0138087	0.0139925	0.0196588
205	-0.0138012	0.0139536	0.0196259
205.2	-0.0137976	0.0139138	0.019595
205.4	-0.0137979	0.0138732	0.0195665
205.6	-0.0138021	0.0138324	0.0195405
205.8	-0.0138102	0.0137916	0.0195174
206	-0.0138224	0.0137512	0.0194975
206.2	-0.0138384	0.0137117	0.0194811
206.4	-0.0138582	0.0136735	0.0194683
206.6	-0.0138818	0.013637	0.0194595
206.8	-0.013909	0.0136026	0.0194549
207	-0.0139395	0.0135708	0.0194545
207.2	-0.0139731	0.013542	0.0194585
207.4	-0.0140096	0.0135165	0.019467
207.6	-0.0140486	0.0134948	0.0194801
207.8	-0.0140896	0.0134772	0.0194975
208	-0.0141324	0.0134641	0.0195194
208.2	-0.0141763	0.0134556	0.0195453
208.4	-0.0142209	0.0134519	0.0195752
208.6	-0.0142657	0.0134532	0.0196087
208.8	-0.0143102	0.0134596	0.0196454
209	-0.0143537	0.0134711	0.019685
209.2	-0.0143957	0.0134875	0.0197268
209.4	-0.0144357	0.0135086	0.0197705
209.6	-0.0144732	0.0135343	0.0198154
209.8	-0.0145077	0.0135642	0.0198611
210	-0.0145388	0.0135979	0.0199068
210.2	-0.0145661	0.013635	0.0199521
210.4	-0.0145892	0.013675	0.0199963
210.6	-0.014608	0.0137173	0.0200389
210.8	-0.0146221	0.0137613	0.0200793
211	-0.0146316	0.0138064	0.0201172
211.2	-0.0146364	0.0138521	0.020152
211.4	-0.0146364	0.0138978	0.0201835
211.6	-0.0146319	0.0139427	0.0202112
211.8	-0.0146231	0.0139864	0.020235
212	-0.01461	0.0140283	0.0202546
212.2	-0.0145932	0.014068	0.0202699
212.4	-0.0145728	0.0141049	0.020281
212.6	-0.0145494	0.0141388	0.0202877
212.8	-0.0145233	0.0141692	0.0202902
213	-0.0144949	0.014196	0.0202886
213.2	-0.0144648	0.0142188	0.0202831
213.4	-0.0144333	0.0142377	0.0202739
213.6	-0.0144011	0.0142524	0.0202613
213.8	-0.0143684	0.014263	0.0202456
214	-0.0143357	0.0142696	0.020227
214.2	-0.0143034	0.0142722	0.020206
214.4	-0.014272	0.0142709	0.0201829
214.6	-0.0142417	0.0142659	0.020158
214.8	-0.0142129	0.0142575	0.0201317
215	-0.0141859	0.0142458	0.0201043
215.2	-0.0141608	0.0142311	0.0200762
215.4	-0.014138	0.0142136	0.0200477
215.6	-0.0141176	0.0141937	0.0200192
215.8	-0.0140997	0.0141716	0.0199909
216	-0.0140845	0.0141476	0.0199631
216.2	-0.0140721	0.0141219	0.0199362
216.4	-0.0140624	0.0140949	0.0199103
216.6	-0.0140557	0.0140669	0.0198857
216.8	-0.0140519	0.0140381	0.0198626
217	-0.0140511	0.0140088	0.0198413
217.2	-0.0140531	0.0139793	0.0198219
217.4	-0.014058	0.0139498	0.0198047
217.6	-0.0140658	0.0139207	0.0197898
217.8	-0.0140764	0.0138923	0.0197773
218	-0.0140897	0.0138647	0.0197674
218.2	-0.0141055	0.0138384	0.0197602
218.4	-0.0141239	0.0138134	0.0197559
218.6	-0.0141446	0.0137902	0.0197545
218.8	-0.0141675	0.0137689	0.0197561
219	-0.0141924	0.0137499	0.0197607
219.2	-0.014219	0.0137333	0.0197683
219.4	-0.0142472	0.0137194	0.0197789
219.6	-0.0142767	0.0137084	0.0197925
219.8	-0.0143071	0.0137004	0.019809
220	-0.0143382	0.0136956	0.0198282
220.2	-0.0143697	0.0136942	0.0198499
220.4	-0.0144013	0.0136961	0.0198741
220.6	-0.0144325	0.0137014	0.0199003
220.8	-0.014463	0.01371	0.0199285
221	-0.0144925	0.0137221	0.0199582
221.2	-0.0145206	0.0137373	0.0199891
221.4	-0.0145471	0.0137557	0.0200209
221.6	-0.0145715	0.0137769	0.0200532
221.8	-0.0145937	0.0138007	0.0200857
222	-0.0146132	0.0138269	0.0201179
222.2	-0.01463	0.0138551	0.0201495
222.4	-0.0146438	0.013885	0.0201801
222.6	-0.0146545	0.0139163	0.0202093
222.8	-0.014662	0.0139484	0.0202369
223	-0.0146662	0.013981	0.0202624
223.2	-0.0146672	0.0140136	0.0202857
223.4	-0.0146649	0.014046	0.0203064
223.6	-0.0146596	0.0140776	0.0203244
223.8	-0.0146512	0.0141081	0.0203395
224	-0.0146401	0.0141372	0.0203517
224.2	-0.0146263	0.0141644	0.0203607
224.4	-0.0146103	0.0141895	0.0203667
224.6	-0.0145922	0.0142122	0.0203696
224.8	-0.0145724	0.0142324	0.0203695
225	-0.0145512	0.0142498	0.0203665
225.2	-0.0145288	0.0142643	0.0203607
225.4	-0.0145058	0.0142758	0.0203523
225.6	-0.0144823	0.0142842	0.0203415
225.8	-0.0144587	0.0142897	0.0203285
226	-0.0144353	0.0142921	0.0203136
226.2	-0.0144125	0.0142917	0.0202971
226.4	-0.0143904	0.0142884	0.0202791
226.6	-0.0143694	0.0142825	0.02026
226.8	-0.0143497	0.014274	0.0202401
227	-0.0143315	0.0142633	0.0202196
227.2	-0.014315	0.0142504	0.0201988
227.4	-0.0143003	0.0142356	0.020178
227.6	-0.0142875	0.0142192	0.0201573
227.8	-0.0142769	0.0142013	0.0201372
228	-0.0142683	0.0141822	0.0201177
228.2	-0.014262	0.0141622	0.0200991
228.4	-0.0142579	0.0141415	0.0200816
228.6	-0.014256	0.0141203	0.0200653
228.8	-0.0142564	0.0140988	0.0200505
229	-0.0142589	0.0140774	0.0200372
229.2	-0.0142636	0.0140561	0.0200256
229.4	-0.0142704	0.0140352	0.0200158
229.6	-0.0142793	0.014015	0.020008
229.8	-0.01429	0.0139956	0.0200021
230	-0.0143026	0.0139773	0.0199982
230.2	-0.0143169	0.0139601	0.0199965
230.4	-0.0143328	0.0139443	0.0199968
230.6	-0.0143501	0.0139301	0.0199993
230.8	-0.0143687	0.0139175	0.0200039
231	-0.0143884	0.0139068	0.0200107
231.2	-0.0144091	0.013898	0.0200194
231.4	-0.0144305	0.0138914	0.0200302
231.6	-0.0144525	0.0138869	0.0200429
231.8	-0.0144748	0.0138846	0.0200575
232	-0.0144973	0.0138846	0.0200737
232.2	-0.0145196	0.013887	0.0200915
232.4	-0.0145416	0.0138916	0.0201106
232.6	-0.0145631	0.0138986	0.020131
232.8	-0.0145838	0.0139078	0.0201523
233	-0.0146035	0.0139192	0.0201744
233.2	-0.0146221	0.0139326	0.0201971
233.4	-0.0146392	0.013948	0.0202201
233.6	-0.0146547	0.0139651	0.0202432
233.8	-0.0146685	0.0139839	0.020266
234	-0.0146803	0.0140039	0.0202885
234.2	-0.0146901	0.0140252	0.0203102
234.4	-0.0146978	0.0140473	0.0203311
234.6	-0.0147034	0.01407	0.0203508
234.8	-0.0147066	0.0140932	0.0203692
235	-0.0147077	0.0141164	0.020386
235.2	-0.0147065	0.0141394	0.0204011
235.4	-0.0147032	0.0141619	0.0204143
235.6	-0.0146977	0.0141837	0.0204255
235.8	-0.0146904	0.0142046	0.0204347
236	-0.0146812	0.0142242	0.0204417
236.2	-0.0146703	0.0142424	0.0204466
236.4	-0.0146579	0.014259	0.0204493
236.6	-0.0146443	0.0142738	0.0204498
236.8	-0.0146296	0.0142866	0.0204483
237	-0.0146141	0.0142974	0.0204448
237.2	-0.0145979	0.0143061	0.0204393
237.4	-0.0145814	0.0143127	0.0204321
237.6	-0.0145648	0.014317	0.0204233
237.8	-0.0145483	0.0143192	0.020413
238	-0.0145321	0.0143192	0.0204015
238.2	-0.0145164	0.0143172	0.0203889
238.4	-0.0145014	0.0143132	0.0203754
238.6	-0.0144874	0.0143073	0.0203613
238.8	-0.0144744	0.0142997	0.0203468
239	-0.0144626	0.0142905	0.0203319
239.2	-0.0144522	0.0142799	0.0203171
239.4	-0.0144433	0.0142681	0.0203024
239.6	-0.0144358	0.0142551	0.020288
239.8	-0.01443	0.0142413	0.0202741
240	-0.0144258	0.0142268	0.0202609
240.2	-0.0144233	0.0142117	0.0202486
240.4	-0.0144225	0.0141963	0.0202372
240.6	-0.0144233	0.0141808	0.0202269
240.8	-0.0144258	0.0141654	0.0202178
241	-0.0144299	0.0141501	0.02021
241.2	-0.0144355	0.0141352	0.0202036
241.4	-0.0144426	0.0141209	0.0201987
241.6	-0.014451	0.0141072	0.0201952
241.8	-0.0144608	0.0140944	0.0201933
242	-0.0144718	0.0140825	0.0201929
242.2	-0.0144839	0.0140718	0.020194
242.4	-0.014497	0.0140622	0.0201967
242.6	-0.0145109	0.0140539	0.020201
242.8	-0.0145256	0.014047	0.0202067
243	-0.0145408	0.0140415	0.0202138
243.2	-0.0145565	0.0140376	0.0202224
243.4	-0.0145725	0.0140352	0.0202323
243.6	-0.0145886	0.0140345	0.0202433
243.8	-0.0146047	0.0140353	0.0202555
244	-0.0146207	0.0140378	0.0202688
244.2	-0.0146363	0.0140418	0.0202829
244.4	-0.0146515	0.0140475	0.0202978
244.6	-0.0146661	0.0140547	0.0203133
244.8	-0.01468	0.0140633	0.0203293
245	-0.014693	0.0140733	0.0203456
245.2	-0.0147049	0.0140846	0.020362
245.4	-0.0147158	0.0140971	0.0203785
245.6	-0.0147254	0.0141107	0.0203948
245.8	-0.0147337	0.0141251	0.0204108
246	-0.0147405	0.0141402	0.0204262
246.2	-0.014746	0.014156	0.020441
246.4	-0.0147499	0.0141722	0.020455
246.6	-0.0147523	0.0141885	0.0204681
246.8	-0.0147531	0.014205	0.0204801
247	-0.0147525	0.0142213	0.020491
247.2	-0.0147503	0.0142372	0.0205005
247.4	-0.0147467	0.0142527	0.0205087
247.6	-0.0147418	0.0142675	0.0205154
247.8	-0.0147356	0.0142815	0.0205207
248	-0.0147282	0.0142945	0.0205244
248.2	-0.0147199	0.0143063	0.0205267
248.4	-0.0147106	0.014317	0.0205274
248.6	-0.0147005	0.0143263	0.0205267
248.8	-0.0146898	0.0143341	0.0205246
249	-0.0146787	0.0143405	0.0205211
249.2	-0.0146674	0.0143454	0.0205164
249.4	-0.0146558	0.0143487	0.0205105
249.6	-0.0146444	0.0143505	0.0205036
249.8	-0.0146331	0.0143508	0.0204957
