# Time	U	V	U_magnitude
0	-8.60011e-17	-1.20689e-16	1.48196e-16
0.2	-0.00778806	-0.0116762	0.0140352
0.4	-0.0112611	-0.0160667	0.0196202
0.6	-0.0172596	-0.0182445	0.0251149
0.8	-0.0204043	-0.0192732	0.0280676
1	-0.0229585	-0.0209162	0.0310577
1.2	-0.0270657	-0.0212229	0.0343942
1.4	-0.0324087	-0.0231111	0.0398051
1.6	-0.0396912	-0.0251364	0.0469812
1.8	-0.0477844	-0.0218033	0.0525237
2	-0.0582515	-0.018857	0.0612276
2.2	-0.07034	-0.0166636	0.0722869
2.4	-0.0842434	-0.0129573	0.0852341
2.6	-0.0995047	-0.0071778	0.0997633
2.8	-0.116892	0.000778609	0.116894
3	-0.138615	0.0145555	0.139378
3.2	-0.16632	0.0380531	0.170618
3.4	-0.193213	0.0709845	0.20584
3.6	-0.205408	0.103011	0.229791
3.8	-0.191852	0.116071	0.224231
4	-0.157017	0.102239	0.187369
4.2	-0.117223	0.0772579	0.140392
4.4	-0.0764416	0.053554	0.0933346
4.6	-0.0314627	0.0285797	0.0425053
4.8	0.014408	0.000975806	0.014441
5	0.0539794	-0.026075	0.0599473
5.2	0.087163	-0.0504318	0.100701
5.4	0.114724	-0.0709208	0.134876
5.6	0.136615	-0.0873559	0.162156
5.8	0.152743	-0.100435	0.182805
6	0.163424	-0.110682	0.197378
6.2	0.169635	-0.118319	0.206822
6.4	0.172658	-0.123505	0.212284
6.6	0.173253	-0.12667	0.21462
6.8	0.171659	-0.12849	0.214421
7	0.168113	-0.129238	0.212048
7.2	0.163115	-0.12865	0.207744
7.4	0.157347	-0.126736	0.20204
7.6	0.151342	-0.124117	0.195728
7.8	0.1453	-0.121459	0.189379
8	0.139331	-0.118993	0.183228
8.2	0.133555	-0.116549	0.177259
8.4	0.127927	-0.113897	0.171283
8.6	0.122318	-0.11102	0.165188
8.8	0.116785	-0.108037	0.159093
9	0.111599	-0.105012	0.153238
9.2	0.106999	-0.102057	0.147867
9.4	0.102916	-0.0994067	0.143085
9.6	0.0990171	-0.0971812	0.138739
9.8	0.0951003	-0.0951773	0.134547
10	0.0912858	-0.0930407	0.130344
10.2	0.0877941	-0.090617	0.126171
10.4	0.0846829	-0.088112	0.122209
10.6	0.0818409	-0.0858834	0.118633
10.8	0.0791461	-0.0840838	0.115474
11	0.0765696	-0.0825571	0.112599
11.2	0.0741212	-0.0810463	0.109829
11.4	0.0717856	-0.0794095	0.107047
11.6	0.0695662	-0.0776614	0.104263
11.8	0.0675174	-0.0759117	0.101593
12	0.0656777	-0.0743008	0.0991674
12.2	0.064003	-0.0729395	0.0970389
12.4	0.0623916	-0.0718254	0.0951399
12.6	0.0607894	-0.070804	0.0933196
12.8	0.0592473	-0.0696704	0.091456
13	0.0578397	-0.0683486	0.0895374
13.2	0.0565646	-0.0669634	0.0876564
13.4	0.0553609	-0.0657287	0.0859366
13.6	0.0541882	-0.0647546	0.0844365
13.8	0.0530603	-0.0639614	0.0831051
14	0.0520072	-0.063173	0.0818265
14.2	0.0510229	-0.0622699	0.0805039
14.4	0.0500735	-0.0612565	0.0791184
14.6	0.0491468	-0.0602273	0.077735
14.8	0.0482639	-0.0592928	0.0764529
15	0.0474447	-0.0585139	0.0753318
15.2	0.0466809	-0.057869	0.07435
15.4	0.0459487	-0.0572648	0.0734203
15.6	0.0452363	-0.0565932	0.0724508
15.8	0.0445476	-0.0558113	0.07141
16	0.0438837	-0.0549795	0.0703458
16.2	0.0432406	-0.0542134	0.0693458
16.4	0.0426223	-0.0535875	0.068471
16.6	0.0420423	-0.0530772	0.0677107
16.8	0.0415058	-0.0525867	0.0669932
17	0.0409934	-0.0520306	0.0662393
17.2	0.0404749	-0.0513933	0.0654178
17.4	0.0399418	-0.050727	0.0645645
17.6	0.0394187	-0.050105	0.0637522
17.8	0.0389376	-0.049573	0.0630367
18	0.038505	-0.0491249	0.0624171
18.2	0.0380971	-0.0487091	0.0618382
18.4	0.037684	-0.0482619	0.0612314
18.6	0.0372553	-0.0477503	0.0605644
18.8	0.0368234	-0.047197	0.0598625
19	0.036409	-0.0466646	0.0591878
19.2	0.0360262	-0.0462072	0.0585918
19.4	0.0356755	-0.0458293	0.0580781
19.6	0.0353437	-0.0454841	0.0576019
19.8	0.0350106	-0.0451126	0.0571042
20	0.0346626	-0.0446884	0.0565557
20.2	0.0343046	-0.0442324	0.055976
20.4	0.0339587	-0.0437929	0.0554167
20.6	0.0336465	-0.0434098	0.0549227
20.8	0.0333689	-0.0430895	0.0544994
21	0.0331048	-0.0428032	0.0541114
21.2	0.0328301	-0.0425074	0.0537093
21.4	0.0325382	-0.0421742	0.0532672
21.6	0.0322441	-0.0418104	0.0527996
21.8	0.0319698	-0.041453	0.052349
22	0.0317259	-0.041142	0.0519538
22.2	0.0315061	-0.0408901	0.0516201
22.4	0.0312932	-0.0406738	0.0513188
22.6	0.0310729	-0.0404519	0.0510087
22.8	0.0308424	-0.0401982	0.050667
23	0.0306118	-0.0399192	0.0503054
23.2	0.0303973	-0.0396475	0.0499591
23.4	0.0302087	-0.0394157	0.0496605
23.6	0.030042	-0.0392337	0.0494147
23.8	0.0298819	-0.0390831	0.0491977
24	0.0297137	-0.0389317	0.0489753
24.2	0.0295358	-0.038757	0.0487285
24.4	0.0293603	-0.0385619	0.048467
24.6	0.0292025	-0.0383715	0.0482199
24.8	0.0290683	-0.0382147	0.0480139
25	0.0289505	-0.0381023	0.0478531
25.2	0.0288353	-0.038019	0.0477171
25.4	0.0287137	-0.0379357	0.0475773
25.6	0.0285869	-0.037832	0.047418
25.8	0.0284645	-0.0377111	0.0472478
26	0.028357	-0.0375961	0.0470912
26.2	0.028268	-0.0375115	0.0469701
26.4	0.0281923	-0.0374644	0.046887
26.6	0.0281194	-0.0374403	0.0468239
26.8	0.0280414	-0.0374148	0.0467567
27	0.0279589	-0.0373722	0.0466732
27.2	0.0278805	-0.0373161	0.0465813
27.4	0.0278153	-0.0372657	0.0465018
27.6	0.027766	-0.0372404	0.0464522
27.8	0.0277269	-0.0372456	0.0464329
28	0.0276885	-0.037268	0.046428
28.2	0.0276448	-0.0372869	0.0464171
28.4	0.0275978	-0.0372892	0.046391
28.6	0.0275548	-0.0372794	0.0463575
28.8	0.0275224	-0.0372748	0.0463346
29	0.0275018	-0.0372913	0.0463356
29.2	0.027488	-0.0373311	0.0463595
29.4	0.0274737	-0.0373813	0.0463915
29.6	0.0274546	-0.0374242	0.0464147
29.8	0.0274319	-0.0374512	0.046423
30	0.0274114	-0.0374679	0.0464244
30.2	0.027399	-0.0374892	0.0464343
30.4	0.0273955	-0.037527	0.0464627
30.6	0.0273965	-0.037581	0.046507
30.8	0.0273953	-0.0376396	0.0465536
31	0.0273884	-0.0376889	0.0465895
31.2	0.0273777	-0.0377233	0.046611
31.4	0.0273687	-0.0377492	0.0466267
31.6	0.0273658	-0.0377795	0.0466495
31.8	0.0273694	-0.037823	0.0466869
32	0.0273752	-0.0378779	0.0467347
32.2	0.027378	-0.0379335	0.0467814
32.4	0.0273754	-0.037979	0.0468169
32.6	0.0273695	-0.0380122	0.0468403
32.8	0.0273648	-0.0380401	0.0468603
33	0.0273653	-0.0380737	0.0468878
33.2	0.027371	-0.0381188	0.0469278
33.4	0.0273783	-0.0381723	0.0469755
33.6	0.0273827	-0.0382252	0.0470211
33.8	0.0273826	-0.0382703	0.0470576
34	0.0273803	-0.0383074	0.0470865
34.2	0.0273805	-0.0383439	0.0471163
34.4	0.0273862	-0.0383884	0.0471559
34.6	0.0273972	-0.0384447	0.0472081
34.8	0.02741	-0.0385092	0.047268
35	0.0274211	-0.0385746	0.0473278
35.2	0.02743	-0.0386364	0.0473832
35.4	0.0274392	-0.0386962	0.0474374
35.6	0.0274528	-0.0387611	0.0474982
35.8	0.0274734	-0.0388378	0.0475727
36	0.0275003	-0.0389283	0.0476621
36.2	0.0275304	-0.039029	0.0477617
36.4	0.0275611	-0.0391343	0.0478655
36.6	0.0275926	-0.039242	0.0479717
36.8	0.0276278	-0.039355	0.0480844
37	0.0276702	-0.0394795	0.0482106
37.2	0.0277217	-0.0396204	0.0483557
37.4	0.0277814	-0.0397786	0.0485195
37.6	0.0278465	-0.0399508	0.048698
37.8	0.0279153	-0.0401331	0.0488869
38	0.0279886	-0.0403249	0.0490862
38.2	0.0280692	-0.0405298	0.0493005
38.4	0.0281603	-0.0407529	0.0495359
38.6	0.0282631	-0.0409979	0.0497959
38.8	0.0283762	-0.0412646	0.0500798
39	0.0284976	-0.0415506	0.0503841
39.2	0.0286261	-0.0418533	0.0507065
39.4	0.0287631	-0.0421734	0.0510482
39.6	0.0289114	-0.0425146	0.0514136
39.8	0.0290735	-0.0428813	0.051808
40	0.0292498	-0.0432759	0.0522336
40.2	0.0294391	-0.0436981	0.0526895
40.4	0.0296396	-0.0441461	0.0531732
40.6	0.029851	-0.0446191	0.0536837
40.8	0.0300748	-0.0451185	0.0542234
41	0.0303137	-0.0456481	0.0547966
41.2	0.0305694	-0.0462118	0.0554077
41.4	0.0308419	-0.0468116	0.0560584
41.6	0.0311298	-0.0474476	0.056748
41.8	0.0314319	-0.0481192	0.0574754
42	0.0317484	-0.048827	0.0582412
42.2	0.0320809	-0.0495736	0.0590485
42.4	0.0324314	-0.0503633	0.0599021
42.6	0.032801	-0.0511999	0.0608057
42.8	0.033189	-0.0520858	0.0617611
43	0.033594	-0.0530222	0.0627687
43.2	0.034015	-0.0540101	0.0638288
43.4	0.0344522	-0.0550517	0.0649434
43.6	0.0349066	-0.056151	0.0661166
43.8	0.0353794	-0.0573127	0.0673531
44	0.0358703	-0.058541	0.0686566
44.2	0.036378	-0.059839	0.0700291
44.4	0.0369004	-0.0612088	0.0714714
44.6	0.037436	-0.0626524	0.0729848
44.8	0.0379842	-0.0641729	0.0745718
45	0.0385448	-0.0657741	0.0762361
45.2	0.0391172	-0.0674602	0.077981
45.4	0.0396997	-0.069234	0.0798085
45.6	0.0402892	-0.071097	0.0817191
45.8	0.0408828	-0.0730496	0.0837117
46	0.041478	-0.0750913	0.0857854
46.2	0.042073	-0.077222	0.0879396
46.4	0.0426665	-0.0794409	0.0901736
46.6	0.0432565	-0.0817461	0.0924854
46.8	0.0438402	-0.0841338	0.0948708
47	0.0444148	-0.0865977	0.0973234
47.2	0.0449776	-0.0891293	0.0998349
47.4	0.0455273	-0.0917185	0.102396
47.6	0.0460637	-0.0943539	0.104998
47.8	0.0465869	-0.0970227	0.107628
48	0.0470975	-0.0997097	0.110273
48.2	0.047596	-0.102397	0.112918
48.4	0.0480836	-0.105065	0.115545
48.6	0.0485626	-0.107692	0.118135
48.8	0.0490364	-0.110254	0.120667
49	0.0495092	-0.112731	0.123123
49.2	0.0499854	-0.115099	0.125485
49.4	0.0504684	-0.11734	0.127733
49.6	0.0509612	-0.119432	0.12985
49.8	0.0514657	-0.121361	0.131823
50	0.0519833	-0.123113	0.133638
50.2	0.0525143	-0.12468	0.135288
50.4	0.0530577	-0.126061	0.136772
50.6	0.0536108	-0.127259	0.13809
50.8	0.054169	-0.128281	0.139249
51	0.0547265	-0.129139	0.140256
51.2	0.0552771	-0.129846	0.141123
51.4	0.0558147	-0.130422	0.141863
51.6	0.0563336	-0.130882	0.142491
51.8	0.0568289	-0.131247	0.143022
52	0.0572962	-0.131534	0.143471
52.2	0.057732	-0.131758	0.143851
52.4	0.0581341	-0.131932	0.144172
52.6	0.0585014	-0.132067	0.144444
52.8	0.0588344	-0.132172	0.144675
53	0.0591343	-0.132252	0.14487
53.2	0.059403	-0.132312	0.145036
53.4	0.0596424	-0.132357	0.145174
53.6	0.0598546	-0.132387	0.145289
53.8	0.060042	-0.132402	0.14538
54	0.0602069	-0.132403	0.145449
54.2	0.0603516	-0.132389	0.145496
54.4	0.0604783	-0.132359	0.145522
54.6	0.0605888	-0.132313	0.145526
54.8	0.0606844	-0.13225	0.145509
55	0.060766	-0.132169	0.145469
55.2	0.0608345	-0.132068	0.145406
55.4	0.0608902	-0.131947	0.145319
55.6	0.0609338	-0.131803	0.145207
55.8	0.0609653	-0.131638	0.14507
56	0.0609846	-0.13145	0.144907
56.2	0.0609913	-0.131238	0.144718
56.4	0.0609848	-0.131002	0.144502
56.6	0.0609645	-0.130742	0.144257
56.8	0.0609298	-0.130455	0.143983
57	0.06088	-0.130143	0.143679
57.2	0.0608142	-0.129805	0.143345
57.4	0.0607316	-0.129441	0.14298
57.6	0.0606311	-0.129051	0.142585
57.8	0.0605117	-0.128635	0.142157
58	0.0603725	-0.128192	0.141697
58.2	0.0602126	-0.127723	0.141204
58.4	0.0600311	-0.127228	0.140679
58.6	0.0598272	-0.126708	0.140122
58.8	0.0596	-0.126163	0.139532
59	0.0593487	-0.125595	0.138911
59.2	0.0590723	-0.125003	0.138258
59.4	0.0587704	-0.124391	0.137575
59.6	0.0584424	-0.123757	0.136863
59.8	0.0580879	-0.123106	0.136122
60	0.0577065	-0.122438	0.135356
60.2	0.0572979	-0.121756	0.134565
60.4	0.0568619	-0.121062	0.133751
60.6	0.0563986	-0.12036	0.132918
60.8	0.0559082	-0.119651	0.132069
61	0.0553911	-0.11894	0.131206
61.2	0.0548478	-0.118231	0.130333
61.4	0.0542793	-0.117527	0.129456
61.6	0.0536866	-0.116833	0.128578
61.8	0.053071	-0.116155	0.127705
62	0.0524342	-0.115497	0.126842
62.2	0.0517783	-0.114864	0.125995
62.4	0.0511059	-0.114264	0.125172
62.6	0.0504199	-0.113702	0.12438
62.8	0.0497237	-0.113185	0.123626
63	0.0490212	-0.112719	0.122918
63.2	0.0483169	-0.112313	0.122265
63.4	0.0476159	-0.111971	0.121675
63.6	0.0469238	-0.111703	0.121158
63.8	0.046247	-0.111513	0.120723
64	0.0455921	-0.111411	0.120378
64.2	0.0449665	-0.1114	0.120133
64.4	0.0443775	-0.111487	0.119994
64.6	0.0438332	-0.111676	0.11997
64.8	0.0433414	-0.111971	0.120066
65	0.04291	-0.112374	0.120288
65.2	0.0425465	-0.112887	0.120639
65.4	0.042258	-0.11351	0.12112
65.6	0.0420505	-0.11424	0.121733
65.8	0.041929	-0.115074	0.122475
66	0.0418974	-0.116008	0.123342
66.2	0.0419579	-0.117034	0.124328
66.4	0.0421111	-0.118147	0.125427
66.6	0.0423558	-0.119335	0.126629
66.8	0.0426888	-0.12059	0.127923
67	0.0431054	-0.121901	0.129298
67.2	0.0435992	-0.123255	0.130739
67.4	0.0441623	-0.12464	0.132233
67.6	0.044786	-0.126045	0.133765
67.8	0.0454607	-0.127457	0.135321
68	0.0461764	-0.128863	0.136887
68.2	0.0469232	-0.130253	0.138447
68.4	0.0476918	-0.131614	0.139988
68.6	0.0484734	-0.132936	0.141498
68.8	0.04926	-0.13421	0.142964
69	0.0500452	-0.135427	0.144378
69.2	0.0508232	-0.13658	0.14573
69.4	0.0515897	-0.137664	0.147013
69.6	0.0523411	-0.138674	0.148223
69.8	0.0530749	-0.139609	0.149357
70	0.0537892	-0.140468	0.150415
70.2	0.0544824	-0.141253	0.151396
70.4	0.0551534	-0.141969	0.152306
70.6	0.0558009	-0.142621	0.153149
70.8	0.0564241	-0.143216	0.153931
71	0.0570219	-0.143764	0.154659
71.2	0.0575933	-0.144272	0.155343
71.4	0.0581379	-0.14475	0.155989
71.6	0.0586551	-0.145205	0.156604
71.8	0.0591451	-0.145645	0.157196
72	0.0596084	-0.146073	0.157768
72.2	0.060046	-0.146495	0.158324
72.4	0.0604591	-0.146912	0.158866
72.6	0.0608496	-0.147324	0.159396
72.8	0.0612194	-0.147731	0.159913
73	0.0615708	-0.148133	0.160419
73.2	0.0619059	-0.148529	0.160913
73.4	0.0622271	-0.148919	0.161397
73.6	0.0625365	-0.149305	0.161873
73.8	0.0628365	-0.149688	0.162342
74	0.0631293	-0.15007	0.162807
74.2	0.0634174	-0.150454	0.163273
74.4	0.0637031	-0.150843	0.163743
74.6	0.063989	-0.151239	0.164219
74.8	0.0642771	-0.151644	0.164704
75	0.0645696	-0.152059	0.165201
75.2	0.0648677	-0.152484	0.165709
75.4	0.0651726	-0.152919	0.166228
75.6	0.0654845	-0.153363	0.166758
75.8	0.0658029	-0.153814	0.167298
76	0.0661271	-0.154272	0.167847
76.2	0.0664557	-0.154735	0.168402
76.4	0.066787	-0.155202	0.168962
76.6	0.0671194	-0.155671	0.169524
76.8	0.0674511	-0.156142	0.170088
77	0.0677804	-0.156612	0.17065
77.2	0.0681057	-0.15708	0.171209
77.4	0.0684259	-0.157544	0.171762
77.6	0.0687397	-0.158001	0.172306
77.8	0.0690463	-0.158448	0.172839
78	0.0693449	-0.158883	0.173357
78.2	0.0696349	-0.159302	0.173857
78.4	0.0699157	-0.1597	0.174334
78.6	0.0701867	-0.160074	0.174785
78.8	0.0704474	-0.160417	0.175204
79	0.070697	-0.160725	0.175587
79.2	0.0709348	-0.160992	0.175927
79.4	0.0711596	-0.161212	0.176218
79.6	0.0713704	-0.161377	0.176455
79.8	0.0715657	-0.161481	0.176629
80	0.0717436	-0.161518	0.176735
80.2	0.071902	-0.16148	0.176764
80.4	0.0720384	-0.16136	0.17671
80.6	0.0721499	-0.161152	0.176566
80.8	0.0722329	-0.16085	0.176325
81	0.0722837	-0.16045	0.17598
81.2	0.0722978	-0.159946	0.175527
81.4	0.0722703	-0.159336	0.17496
81.6	0.0721959	-0.158619	0.174276
81.8	0.0720688	-0.157793	0.173472
82	0.0718831	-0.15686	0.172547
82.2	0.0716323	-0.155825	0.171501
82.4	0.07131	-0.154691	0.170337
82.6	0.0709097	-0.153468	0.169058
82.8	0.070425	-0.152166	0.167673
83	0.06985	-0.150797	0.166189
83.2	0.0691793	-0.149378	0.16462
83.4	0.0684084	-0.147929	0.16298
83.6	0.0675343	-0.146471	0.16129
83.8	0.0665556	-0.145029	0.159572
84	0.0654737	-0.143634	0.157853
84.2	0.064293	-0.142316	0.156165
84.4	0.0630221	-0.14111	0.154544
84.6	0.0616746	-0.140051	0.15303
84.8	0.0602703	-0.139176	0.151665
85	0.0588356	-0.138518	0.150495
85.2	0.0574044	-0.13811	0.149565
85.4	0.0560176	-0.137978	0.148916
85.6	0.0547223	-0.138141	0.148585
85.8	0.0535692	-0.138609	0.1486
86	0.0526095	-0.139378	0.148976
86.2	0.0518898	-0.140434	0.149714
86.4	0.0514472	-0.141751	0.150798
86.6	0.0513038	-0.143292	0.152199
86.8	0.0514629	-0.145012	0.153873
87	0.051907	-0.146862	0.155765
87.2	0.0525991	-0.148791	0.157815
87.4	0.0534876	-0.150749	0.159957
87.6	0.0545135	-0.152685	0.162125
87.8	0.0556188	-0.154551	0.164255
88	0.0567541	-0.156301	0.166286
88.2	0.0578826	-0.157892	0.168168
88.4	0.0589812	-0.159288	0.169857
88.6	0.0600367	-0.16046	0.171324
88.8	0.0610416	-0.161398	0.172556
89	0.0619896	-0.162105	0.173553
89.2	0.0628725	-0.162601	0.174333
89.4	0.063681	-0.162919	0.174923
89.6	0.0644057	-0.1631	0.175356
89.8	0.0650399	-0.163186	0.17567
90	0.0655815	-0.163214	0.175897
90.2	0.066034	-0.163213	0.176065
90.4	0.0664056	-0.163204	0.176197
90.6	0.0667079	-0.163197	0.176305
90.8	0.0669538	-0.163198	0.176399
91	0.0671562	-0.163207	0.176483
91.2	0.0673266	-0.163222	0.176562
91.4	0.0674748	-0.163241	0.176637
91.6	0.067608	-0.163265	0.176709
91.8	0.067732	-0.163293	0.176783
92	0.0678506	-0.163327	0.17686
92.2	0.0679667	-0.163372	0.176946
92.4	0.0680822	-0.163431	0.177045
92.6	0.0681991	-0.163508	0.177161
92.8	0.0683188	-0.163609	0.1773
93	0.0684429	-0.163734	0.177464
93.2	0.068573	-0.163888	0.177655
93.4	0.0687105	-0.164069	0.177876
93.6	0.0688568	-0.164278	0.178125
93.8	0.0690128	-0.164512	0.178401
94	0.0691789	-0.16477	0.178703
94.2	0.0693552	-0.165048	0.179028
94.4	0.0695415	-0.165345	0.179374
94.6	0.069737	-0.165657	0.179737
94.8	0.0699412	-0.165982	0.180116
95	0.0701533	-0.166319	0.180509
95.2	0.0703728	-0.166666	0.180914
95.4	0.0705994	-0.167023	0.181331
95.6	0.070833	-0.167388	0.181759
95.8	0.0710739	-0.167763	0.182197
96	0.0713226	-0.168145	0.182646
96.2	0.0715795	-0.168536	0.183107
96.4	0.0718455	-0.168936	0.183579
96.6	0.0721214	-0.169345	0.184063
96.8	0.0724077	-0.169765	0.184561
97	0.0727052	-0.170196	0.185075
97.2	0.0730141	-0.17064	0.185605
97.4	0.0733347	-0.171099	0.186152
97.6	0.0736667	-0.171573	0.186719
97.8	0.0740095	-0.172064	0.187305
98	0.0743619	-0.172572	0.187912
98.2	0.0747221	-0.173099	0.188538
98.4	0.0750878	-0.173643	0.189182
98.6	0.0754558	-0.174203	0.189843
98.8	0.0758224	-0.174776	0.190515
99	0.0761832	-0.175359	0.191193
99.2	0.0765333	-0.175945	0.19187
99.4	0.0768679	-0.176526	0.192536
99.6	0.0771818	-0.177091	0.193179
99.8	0.0774705	-0.177624	0.193784
100	0.0777299	-0.178109	0.194331
100.2	0.0779568	-0.178522	0.194801
100.4	0.0781489	-0.178838	0.195167
100.6	0.0783046	-0.179028	0.195404
100.8	0.0784229	-0.179063	0.195483
101	0.0785028	-0.17891	0.195375
101.2	0.0785426	-0.178542	0.195054
101.4	0.0785391	-0.177936	0.194498
101.6	0.078487	-0.177077	0.193692
101.8	0.0783789	-0.175961	0.192628
102	0.0782046	-0.174596	0.19131
102.2	0.0779525	-0.173001	0.189752
102.4	0.0776096	-0.171209	0.187978
102.6	0.077163	-0.169262	0.186021
102.8	0.0766011	-0.167208	0.183919
103	0.0759144	-0.1651	0.181717
103.2	0.075097	-0.162995	0.179463
103.4	0.0741468	-0.160948	0.177206
103.6	0.0730669	-0.159014	0.174998
103.8	0.0718661	-0.157246	0.17289
104	0.0705599	-0.155693	0.170936
104.2	0.0691714	-0.154401	0.169187
104.4	0.0677319	-0.15341	0.167697
104.6	0.0662823	-0.152756	0.166516
104.8	0.0648722	-0.152462	0.16569
105	0.0635595	-0.152543	0.165255
105.2	0.0624071	-0.152997	0.165235
105.4	0.0614775	-0.153808	0.16564
105.6	0.0608257	-0.154944	0.166456
105.8	0.0604905	-0.156358	0.167651
106	0.0604868	-0.157994	0.169176
106.2	0.0608007	-0.159789	0.170965
106.4	0.0613903	-0.161681	0.172943
106.6	0.0621923	-0.16361	0.175031
106.8	0.0631335	-0.165519	0.17715
107	0.0641441	-0.167353	0.179225
107.2	0.0651676	-0.169063	0.181188
107.4	0.0661647	-0.170602	0.182983
107.6	0.0671119	-0.171938	0.184571
107.8	0.0679954	-0.173051	0.185931
108	0.0688056	-0.173945	0.187059
108.2	0.0695344	-0.174638	0.187972
108.4	0.0701749	-0.175161	0.188695
108.6	0.0707238	-0.175545	0.189256
108.8	0.0711834	-0.175816	0.18968
109	0.0715627	-0.17599	0.189983
109.2	0.0718757	-0.176068	0.190173
109.4	0.0721394	-0.176047	0.190254
109.6	0.0723704	-0.175921	0.190225
109.8	0.0725814	-0.17569	0.190092
110	0.0727795	-0.175364	0.189866
110.2	0.0729657	-0.174963	0.189568
110.4	0.0731359	-0.174522	0.189227
110.6	0.0732846	-0.174079	0.188876
110.8	0.0734075	-0.173673	0.18855
111	0.0735042	-0.173339	0.18828
111.2	0.0735796	-0.173099	0.188088
111.4	0.0736422	-0.172963	0.187988
111.6	0.0737025	-0.172932	0.187983
111.8	0.0737701	-0.172997	0.188069
112	0.073852	-0.173143	0.188235
112.2	0.0739514	-0.173354	0.188469
112.4	0.074068	-0.173616	0.188756
112.6	0.0741984	-0.173915	0.189081
112.8	0.0743377	-0.174239	0.189434
113	0.0744803	-0.174579	0.189803
113.2	0.0746211	-0.174928	0.190179
113.4	0.0747563	-0.175281	0.190557
113.6	0.0748834	-0.175633	0.190931
113.8	0.0750019	-0.175979	0.191295
114	0.0751126	-0.176315	0.191648
114.2	0.0752178	-0.176639	0.191987
114.4	0.0753208	-0.176947	0.192311
114.6	0.0754255	-0.177237	0.192619
114.8	0.0755359	-0.177509	0.192913
115	0.075656	-0.177763	0.193193
115.2	0.075789	-0.178001	0.193464
115.4	0.0759376	-0.178225	0.193728
115.6	0.0761036	-0.17844	0.193991
115.8	0.076288	-0.178649	0.194256
116	0.0764907	-0.178859	0.194529
116.2	0.0767114	-0.179076	0.194814
116.4	0.0769488	-0.179304	0.195118
116.6	0.0772015	-0.179549	0.195443
116.8	0.0774679	-0.179817	0.195794
117	0.0777463	-0.180112	0.196175
117.2	0.0780348	-0.180437	0.196588
117.4	0.0783311	-0.180796	0.197035
117.6	0.0786326	-0.181191	0.197517
117.8	0.078936	-0.181623	0.198035
118	0.0792371	-0.182093	0.198586
118.2	0.0795305	-0.182599	0.199167
118.4	0.0798098	-0.183136	0.199771
118.6	0.0800675	-0.183696	0.200387
118.8	0.0802957	-0.184266	0.201001
119	0.0804867	-0.184826	0.20159
119.2	0.0806335	-0.18535	0.20213
119.4	0.0807311	-0.185804	0.202585
119.6	0.0807766	-0.186146	0.202917
119.8	0.0807697	-0.186329	0.203082
120	0.080712	-0.186302	0.203034
120.2	0.0806064	-0.186016	0.20273
120.4	0.0804548	-0.18543	0.202131
120.6	0.0802569	-0.184516	0.201214
120.8	0.0800085	-0.183267	0.199971
121	0.0797014	-0.181702	0.198414
121.2	0.0793238	-0.179862	0.196578
121.4	0.0788627	-0.177811	0.194515
121.6	0.0783064	-0.175627	0.192294
121.8	0.0776471	-0.173397	0.189988
122	0.0768833	-0.171203	0.187674
122.2	0.0760206	-0.169124	0.185424
122.4	0.0750721	-0.167223	0.183302
122.6	0.0740575	-0.165554	0.181363
122.8	0.0730021	-0.164155	0.179656
123	0.0719357	-0.163055	0.178218
123.2	0.0708916	-0.162271	0.177081
123.4	0.0699054	-0.161815	0.176269
123.6	0.069014	-0.161685	0.175798
123.8	0.0682542	-0.161875	0.175676
124	0.0676602	-0.162367	0.175901
124.2	0.067261	-0.163138	0.176459
124.4	0.0670769	-0.164151	0.177327
124.6	0.0671158	-0.165367	0.178468
124.8	0.0673708	-0.16674	0.179836
125	0.0678193	-0.168224	0.18138
125.2	0.0684257	-0.169771	0.183041
125.4	0.0691452	-0.171337	0.184764
125.6	0.0699306	-0.172884	0.186491
125.8	0.0707381	-0.174374	0.188176
126	0.0715309	-0.175781	0.189777
126.2	0.0722813	-0.177081	0.191265
126.4	0.0729702	-0.178264	0.192621
126.6	0.0735855	-0.179326	0.193837
126.8	0.0741211	-0.180271	0.194914
127	0.0745766	-0.181102	0.195856
127.2	0.0749564	-0.181822	0.196667
127.4	0.0752698	-0.18243	0.197348
127.6	0.0755299	-0.182915	0.197895
127.8	0.0757523	-0.183264	0.198303
128	0.0759524	-0.183463	0.198564
128.2	0.0761436	-0.183504	0.198674
128.4	0.0763349	-0.183385	0.198638
128.6	0.0765298	-0.183121	0.198469
128.8	0.0767263	-0.182735	0.19819
129	0.0769188	-0.182264	0.19783
129.2	0.0771	-0.181747	0.197424
129.4	0.0772634	-0.181223	0.197006
129.6	0.0774049	-0.180728	0.196606
129.8	0.0775238	-0.18029	0.196251
130	0.0776227	-0.179929	0.195958
130.2	0.0777061	-0.179658	0.195743
130.4	0.0777799	-0.179484	0.195613
130.6	0.0778501	-0.179409	0.195572
130.8	0.0779218	-0.17943	0.195619
131	0.0779985	-0.179541	0.195752
131.2	0.0780824	-0.179733	0.195961
131.4	0.0781735	-0.179995	0.196238
131.6	0.0782704	-0.180312	0.196568
131.8	0.0783701	-0.180672	0.196937
132	0.0784693	-0.181058	0.197331
132.2	0.0785643	-0.181457	0.197734
132.4	0.0786519	-0.181854	0.198134
132.6	0.0787301	-0.18224	0.198519
132.8	0.0787983	-0.182604	0.19888
133	0.078857	-0.18294	0.199212
133.2	0.0789081	-0.183244	0.199511
133.4	0.0789545	-0.183513	0.199777
133.6	0.0789997	-0.183748	0.200011
133.8	0.0790472	-0.183951	0.200216
134	0.0791008	-0.184123	0.200395
134.2	0.0791636	-0.184269	0.200554
134.4	0.0792385	-0.184393	0.200698
134.6	0.0793279	-0.1845	0.200831
134.8	0.0794335	-0.184594	0.200959
135	0.0795563	-0.184682	0.201089
135.2	0.0796969	-0.184769	0.201225
135.4	0.0798549	-0.184863	0.201373
135.6	0.0800291	-0.184968	0.201539
135.8	0.0802177	-0.185092	0.201728
136	0.0804177	-0.185242	0.201944
136.2	0.0806254	-0.185422	0.202192
136.4	0.0808359	-0.185637	0.202474
136.6	0.0810435	-0.18589	0.202789
136.8	0.0812415	-0.186182	0.203135
137	0.0814224	-0.186508	0.203507
137.2	0.0815781	-0.186864	0.203894
137.4	0.0817	-0.187235	0.204284
137.6	0.08178	-0.187605	0.204655
137.8	0.0818107	-0.187949	0.204982
138	0.0817863	-0.188232	0.205232
138.2	0.0817034	-0.188416	0.205368
138.4	0.0815609	-0.188453	0.205345
138.6	0.0813602	-0.188294	0.20512
138.8	0.0811044	-0.187892	0.204649
139	0.0807966	-0.187208	0.203899
139.2	0.0804386	-0.186221	0.202851
139.4	0.08003	-0.184934	0.201508
139.6	0.0795676	-0.183376	0.199894
139.8	0.079047	-0.181606	0.198064
140	0.078465	-0.179705	0.196088
140.2	0.0778215	-0.177764	0.194052
140.4	0.0771224	-0.175877	0.192043
140.6	0.0763801	-0.174128	0.190143
140.8	0.0756132	-0.172583	0.18842
141	0.0748449	-0.171289	0.186927
141.2	0.0741011	-0.170276	0.185701
141.4	0.0734084	-0.169555	0.184764
141.6	0.0727925	-0.169125	0.184125
141.8	0.0722762	-0.168974	0.183783
142	0.0718791	-0.169085	0.183729
142.2	0.0716159	-0.169432	0.183946
142.4	0.0714962	-0.169989	0.184413
142.6	0.0715228	-0.170725	0.185102
142.8	0.0716922	-0.171607	0.185981
143	0.0719933	-0.172602	0.187015
143.2	0.0724088	-0.173678	0.188168
143.4	0.0729159	-0.174806	0.189404
143.6	0.0734884	-0.175957	0.190687
143.8	0.0740987	-0.17711	0.191986
144	0.0747205	-0.178245	0.193273
144.2	0.0753303	-0.179347	0.194525
144.4	0.0759088	-0.180407	0.195726
144.6	0.076442	-0.181417	0.196864
144.8	0.076921	-0.182372	0.19793
145	0.0773417	-0.183269	0.19892
145.2	0.0777046	-0.184103	0.199829
145.4	0.0780136	-0.184868	0.200655
145.6	0.0782753	-0.185557	0.201391
145.8	0.0784982	-0.186159	0.202033
146	0.0786913	-0.186664	0.202573
146.2	0.0788637	-0.187062	0.203007
146.4	0.0790234	-0.187345	0.203329
146.6	0.079177	-0.187507	0.203539
146.8	0.0793288	-0.187549	0.203636
147	0.0794811	-0.187473	0.203626
147.2	0.0796333	-0.18729	0.203517
147.4	0.0797829	-0.187012	0.203319
147.6	0.0799255	-0.186657	0.203049
147.8	0.0800563	-0.186246	0.202723
148	0.0801705	-0.185804	0.202362
148.2	0.080265	-0.185356	0.201989
148.4	0.0803386	-0.18493	0.201627
148.6	0.0803932	-0.184548	0.201299
148.8	0.0804328	-0.184231	0.201024
149	0.0804631	-0.183994	0.200818
149.2	0.0804905	-0.183843	0.200692
149.4	0.0805208	-0.183783	0.200648
149.6	0.0805585	-0.183809	0.200687
149.8	0.0806059	-0.183914	0.200802
150	0.0806633	-0.184087	0.200984
150.2	0.0807292	-0.184316	0.20122
150.4	0.0808008	-0.184589	0.201499
150.6	0.0808745	-0.184891	0.201805
150.8	0.0809469	-0.185212	0.202128
151	0.0810149	-0.18554	0.202456
151.2	0.0810763	-0.185866	0.202779
151.4	0.0811296	-0.186182	0.20309
151.6	0.0811746	-0.186482	0.203383
151.8	0.0812116	-0.186761	0.203654
152	0.0812418	-0.187015	0.203899
152.2	0.0812666	-0.187243	0.204118
152.4	0.0812882	-0.187441	0.204309
152.6	0.0813087	-0.187611	0.204472
152.8	0.0813307	-0.187751	0.20461
153	0.0813565	-0.187864	0.204724
153.2	0.0813885	-0.187952	0.204817
153.4	0.0814284	-0.188017	0.204892
153.6	0.0814778	-0.188062	0.204954
153.8	0.0815371	-0.188094	0.205006
154	0.0816063	-0.188115	0.205054
154.2	0.0816841	-0.188133	0.205101
154.4	0.0817679	-0.188152	0.205152
154.6	0.0818542	-0.188178	0.20521
154.8	0.0819384	-0.188214	0.205277
155	0.0820146	-0.188264	0.205352
155.2	0.0820764	-0.188326	0.205434
155.4	0.0821169	-0.188397	0.205516
155.6	0.082129	-0.188471	0.205588
155.8	0.0821061	-0.188537	0.205639
156	0.0820423	-0.188577	0.205651
156.2	0.081933	-0.188573	0.205603
156.4	0.0817754	-0.188499	0.205472
156.6	0.0815684	-0.188328	0.205234
156.8	0.0813128	-0.188034	0.204862
157	0.0810107	-0.187591	0.204336
157.2	0.0806656	-0.186984	0.203642
157.4	0.0802817	-0.186204	0.202774
157.6	0.0798634	-0.18526	0.201741
157.8	0.0794154	-0.184173	0.200565
158	0.0789429	-0.182982	0.199285
158.2	0.0784523	-0.181736	0.197947
158.4	0.0779517	-0.180493	0.196607
158.6	0.0774509	-0.17931	0.195322
158.8	0.0769622	-0.17824	0.194146
159	0.0764993	-0.177327	0.193124
159.2	0.0760771	-0.176602	0.192291
159.4	0.0757102	-0.176082	0.191669
159.6	0.0754124	-0.175774	0.191268
159.8	0.0751952	-0.175672	0.191089
160	0.0750669	-0.175763	0.191122
160.2	0.0750324	-0.176027	0.191352
160.4	0.0750924	-0.17644	0.191755
160.6	0.0752434	-0.176977	0.192308
160.8	0.0754783	-0.17761	0.192982
161	0.0757862	-0.178315	0.193752
161.2	0.0761539	-0.179069	0.19459
161.4	0.0765663	-0.179853	0.195473
161.6	0.0770075	-0.180651	0.19638
161.8	0.077462	-0.181451	0.197294
162	0.0779151	-0.182244	0.198201
162.2	0.0783542	-0.183023	0.19909
162.4	0.078769	-0.183784	0.199953
162.6	0.0791523	-0.184523	0.200783
162.8	0.0794997	-0.185235	0.201575
163	0.0798096	-0.185917	0.202323
163.2	0.0800829	-0.186562	0.203024
163.4	0.0803225	-0.187165	0.203673
163.6	0.0805326	-0.18772	0.204265
163.8	0.080718	-0.188219	0.204797
164	0.0808838	-0.188658	0.205265
164.2	0.0810349	-0.189029	0.205667
164.4	0.0811752	-0.18933	0.205998
164.6	0.081308	-0.189557	0.206259
164.8	0.0814354	-0.189707	0.206447
165	0.0815582	-0.189779	0.206562
165.2	0.081676	-0.189774	0.206604
165.4	0.0817872	-0.189696	0.206576
165.6	0.0818894	-0.189548	0.206481
165.8	0.0819798	-0.189339	0.206324
166	0.0820558	-0.189078	0.206116
166.2	0.0821156	-0.18878	0.205866
166.4	0.0821586	-0.18846	0.20559
166.6	0.0821858	-0.188134	0.205302
166.8	0.0821996	-0.18782	0.20502
167	0.0822035	-0.187534	0.204759
167.2	0.0822017	-0.187289	0.204535
167.4	0.0821985	-0.187097	0.204357
167.6	0.0821977	-0.186963	0.204234
167.8	0.0822023	-0.18689	0.204169
168	0.0822141	-0.186879	0.204164
168.2	0.0822338	-0.186924	0.204213
168.4	0.0822612	-0.187021	0.204313
168.6	0.0822951	-0.18716	0.204454
168.8	0.082334	-0.187335	0.204629
169	0.0823761	-0.187535	0.204829
169.2	0.0824192	-0.187752	0.205046
169.4	0.0824616	-0.187979	0.205271
169.6	0.0825014	-0.188211	0.205499
169.8	0.0825372	-0.18844	0.205723
170	0.0825678	-0.188662	0.205939
170.2	0.0825924	-0.188875	0.206143
170.4	0.0826103	-0.189073	0.206332
170.6	0.0826217	-0.189254	0.206503
170.8	0.0826267	-0.189415	0.206652
171	0.082626	-0.189553	0.206779
171.2	0.0826206	-0.189667	0.206881
171.4	0.0826113	-0.189755	0.206958
171.6	0.0825991	-0.189816	0.207009
171.8	0.0825848	-0.18985	0.207035
172	0.0825686	-0.189858	0.207035
172.2	0.0825503	-0.189839	0.207011
172.4	0.0825291	-0.189798	0.206965
172.6	0.0825036	-0.189735	0.206897
172.8	0.0824718	-0.189653	0.206809
173	0.0824309	-0.189553	0.206701
173.2	0.0823781	-0.189437	0.206573
173.4	0.08231	-0.189304	0.206425
173.6	0.0822236	-0.189153	0.206252
173.8	0.0821159	-0.188981	0.206051
174	0.0819847	-0.188782	0.205816
174.2	0.0818286	-0.188552	0.205543
174.4	0.0816471	-0.188283	0.205223
174.6	0.0814408	-0.187969	0.204853
174.8	0.0812115	-0.187605	0.204428
175	0.0809618	-0.187188	0.203947
175.2	0.0806954	-0.186719	0.20341
175.4	0.0804167	-0.186203	0.202826
175.6	0.0801307	-0.185647	0.202203
175.8	0.079843	-0.185067	0.201555
176	0.0795594	-0.184477	0.200901
176.2	0.0792862	-0.183898	0.200261
176.4	0.0790296	-0.183349	0.199656
176.6	0.0787961	-0.182853	0.199108
176.8	0.0785918	-0.182426	0.198635
177	0.0784228	-0.182084	0.198254
177.2	0.0782941	-0.181837	0.197976
177.4	0.0782101	-0.181692	0.19781
177.6	0.0781739	-0.181651	0.197758
177.8	0.078187	-0.18171	0.197818
178	0.0782495	-0.181864	0.197984
178.2	0.0783597	-0.182103	0.198247
178.4	0.0785144	-0.182416	0.198595
178.6	0.0787088	-0.18279	0.199016
178.8	0.0789373	-0.183214	0.199495
179	0.0791931	-0.183675	0.20002
179.2	0.0794691	-0.184163	0.200578
179.4	0.0797582	-0.184669	0.201157
179.6	0.0800532	-0.185185	0.201747
179.8	0.0803478	-0.185703	0.20234
180	0.0806362	-0.186219	0.202928
180.2	0.0809137	-0.186728	0.203505
180.4	0.0811768	-0.187225	0.204066
180.6	0.0814231	-0.187708	0.204607
180.8	0.081651	-0.188171	0.205123
181	0.0818602	-0.188613	0.205611
181.2	0.082051	-0.189029	0.206069
181.4	0.0822246	-0.189416	0.206493
181.6	0.0823821	-0.189772	0.206882
181.8	0.0825252	-0.190093	0.207233
182	0.0826555	-0.190376	0.207545
182.2	0.0827743	-0.19062	0.207816
182.4	0.0828827	-0.19082	0.208043
182.6	0.0829814	-0.190976	0.208225
182.8	0.0830708	-0.191085	0.20836
183	0.0831507	-0.191145	0.208447
183.2	0.0832208	-0.191155	0.208485
183.4	0.0832804	-0.191118	0.208474
183.6	0.0833289	-0.191034	0.208417
183.8	0.0833659	-0.190908	0.208316
184	0.0833911	-0.190745	0.208178
184.2	0.0834051	-0.190554	0.208008
184.4	0.0834086	-0.190344	0.207817
184.6	0.0834031	-0.190124	0.207613
184.8	0.0833906	-0.189905	0.207407
185	0.0833733	-0.189697	0.20721
185.2	0.0833537	-0.189508	0.207029
185.4	0.083334	-0.189347	0.206874
185.6	0.0833164	-0.189218	0.206749
185.8	0.0833026	-0.189125	0.206658
186	0.0832938	-0.189069	0.206603
186.2	0.0832905	-0.18905	0.206585
186.4	0.083293	-0.189065	0.2066
186.6	0.0833008	-0.189112	0.206645
186.8	0.0833132	-0.189186	0.206718
187	0.083329	-0.189283	0.206813
187.2	0.0833468	-0.189398	0.206925
187.4	0.083365	-0.189526	0.207051
187.6	0.0833818	-0.189665	0.207184
187.8	0.0833958	-0.189808	0.207321
188	0.0834052	-0.189952	0.207457
188.2	0.0834088	-0.190094	0.207588
188.4	0.0834056	-0.19023	0.207711
188.6	0.0833947	-0.190355	0.207821
188.8	0.0833757	-0.190466	0.207915
189	0.0833484	-0.19056	0.207991
189.2	0.083313	-0.190634	0.208044
189.4	0.0832697	-0.190685	0.208074
189.6	0.0832187	-0.190711	0.208077
189.8	0.0831605	-0.190709	0.208052
190	0.0830954	-0.19068	0.207999
190.2	0.0830235	-0.190621	0.207917
190.4	0.082945	-0.190535	0.207806
190.6	0.0828597	-0.19042	0.207667
190.8	0.0827677	-0.190279	0.2075
191	0.0826685	-0.190112	0.207308
191.2	0.0825622	-0.189922	0.207091
191.4	0.0824484	-0.18971	0.206852
191.6	0.0823273	-0.18948	0.206592
191.8	0.0821991	-0.189232	0.206314
192	0.0820645	-0.188971	0.206021
192.2	0.0819244	-0.188699	0.205715
192.4	0.0817801	-0.188418	0.2054
192.6	0.0816337	-0.188133	0.20508
192.8	0.081487	-0.187847	0.20476
193	0.0813428	-0.187564	0.204443
193.2	0.0812038	-0.18729	0.204136
193.4	0.0810727	-0.187029	0.203844
193.6	0.0809526	-0.186785	0.203573
193.8	0.0808462	-0.186565	0.203329
194	0.0807562	-0.186373	0.203117
194.2	0.0806849	-0.186214	0.202942
194.4	0.0806343	-0.18609	0.202809
194.6	0.080606	-0.186005	0.20272
194.8	0.0806009	-0.185961	0.202677
195	0.0806195	-0.185959	0.202682
195.2	0.0806617	-0.185998	0.202735
195.4	0.0807268	-0.186077	0.202834
195.6	0.0808135	-0.186196	0.202977
195.8	0.0809202	-0.18635	0.203161
196	0.0810448	-0.186537	0.203382
196.2	0.081185	-0.186754	0.203637
196.4	0.0813382	-0.186996	0.20392
196.6	0.0815018	-0.187259	0.204227
196.8	0.0816732	-0.18754	0.204552
197	0.0818498	-0.187834	0.204892
197.2	0.0820292	-0.188137	0.205242
197.4	0.0822092	-0.188447	0.205598
197.6	0.0823879	-0.188759	0.205955
197.8	0.0825636	-0.18907	0.206311
198	0.0827348	-0.189377	0.206661
198.2	0.0829002	-0.189678	0.207003
198.4	0.0830589	-0.189971	0.207335
198.6	0.0832099	-0.190252	0.207653
198.8	0.0833525	-0.190521	0.207956
199	0.0834862	-0.190775	0.208243
199.2	0.0836106	-0.191012	0.20851
199.4	0.0837253	-0.19123	0.208756
199.6	0.0838299	-0.191429	0.208979
199.8	0.0839243	-0.191605	0.209178
200	0.0840081	-0.191756	0.209351
200.2	0.0840813	-0.191882	0.209495
200.4	0.0841437	-0.191979	0.20961
200.6	0.0841953	-0.192048	0.209693
200.8	0.0842361	-0.192086	0.209744
201	0.0842664	-0.192093	0.209763
201.2	0.0842865	-0.192069	0.20975
201.4	0.0842968	-0.192017	0.209706
201.6	0.0842982	-0.191938	0.209634
201.8	0.0842914	-0.191836	0.209538
202	0.0842776	-0.191715	0.209422
202.2	0.0842579	-0.19158	0.20929
202.4	0.0842337	-0.191437	0.20915
202.6	0.0842064	-0.191292	0.209006
202.8	0.0841772	-0.19115	0.208863
203	0.0841477	-0.191015	0.208729
203.2	0.0841189	-0.190894	0.208606
203.4	0.0840919	-0.190789	0.208499
203.6	0.0840675	-0.190702	0.20841
203.8	0.0840462	-0.190636	0.208341
204	0.0840283	-0.190591	0.208292
204.2	0.0840137	-0.190566	0.208264
204.4	0.0840023	-0.190561	0.208255
204.6	0.0839934	-0.190575	0.208263
204.8	0.0839862	-0.190604	0.208287
205	0.0839798	-0.190648	0.208324
205.2	0.0839732	-0.190702	0.208372
205.4	0.0839651	-0.190765	0.208426
205.6	0.0839544	-0.190834	0.208485
205.8	0.0839401	-0.190906	0.208545
206	0.0839212	-0.190977	0.208602
206.2	0.083897	-0.191045	0.208655
206.4	0.0838667	-0.191106	0.208699
206.6	0.0838301	-0.191158	0.208732
206.8	0.0837868	-0.191198	0.208751
207	0.0837371	-0.191224	0.208755
207.2	0.083681	-0.191233	0.20874
207.4	0.083619	-0.191223	0.208707
207.6	0.0835516	-0.191194	0.208653
207.8	0.0834793	-0.191145	0.208579
208	0.0834029	-0.191074	0.208484
208.2	0.0833231	-0.190983	0.208368
208.4	0.0832408	-0.190873	0.208234
208.6	0.0831566	-0.190745	0.208084
208.8	0.0830716	-0.190602	0.207918
209	0.0829865	-0.190446	0.207741
209.2	0.0829023	-0.19028	0.207556
209.4	0.0828198	-0.190108	0.207365
209.6	0.0827402	-0.189934	0.207174
209.8	0.0826644	-0.189761	0.206985
210	0.0825935	-0.189593	0.206802
210.2	0.0825286	-0.189432	0.206629
210.4	0.0824707	-0.189283	0.206469
210.6	0.082421	-0.189149	0.206326
210.8	0.0823804	-0.189031	0.206202
211	0.0823498	-0.188931	0.206098
211.2	0.08233	-0.188851	0.206017
211.4	0.0823216	-0.188793	0.20596
211.6	0.082325	-0.188756	0.205928
211.8	0.0823403	-0.188741	0.20592
212	0.0823675	-0.188747	0.205937
212.2	0.0824065	-0.188775	0.205977
212.4	0.0824566	-0.188822	0.206041
212.6	0.0825173	-0.188889	0.206126
212.8	0.0825877	-0.188973	0.206232
213	0.082667	-0.189075	0.206357
213.2	0.0827541	-0.189191	0.206498
213.4	0.082848	-0.189321	0.206654
213.6	0.0829475	-0.189462	0.206824
213.8	0.0830516	-0.189615	0.207006
214	0.0831592	-0.189776	0.207197
214.2	0.0832694	-0.189945	0.207396
214.4	0.0833813	-0.19012	0.207601
214.6	0.0834939	-0.190299	0.20781
214.8	0.0836066	-0.190482	0.208023
215	0.0837187	-0.190666	0.208236
215.2	0.0838295	-0.190851	0.20845
215.4	0.0839384	-0.191034	0.208661
215.6	0.0840448	-0.191215	0.20887
215.8	0.0841482	-0.191392	0.209074
216	0.0842479	-0.191565	0.209272
216.2	0.0843433	-0.191731	0.209463
216.4	0.0844338	-0.19189	0.209644
216.6	0.0845188	-0.19204	0.209816
216.8	0.0845976	-0.19218	0.209976
217	0.0846697	-0.192309	0.210123
217.2	0.0847345	-0.192425	0.210255
217.4	0.0847914	-0.192527	0.210372
217.6	0.0848401	-0.192614	0.210471
217.8	0.0848803	-0.192684	0.210552
218	0.0849118	-0.192737	0.210613
218.2	0.0849347	-0.192772	0.210654
218.4	0.0849491	-0.192788	0.210674
218.6	0.0849554	-0.192786	0.210674
218.8	0.084954	-0.192765	0.210655
219	0.0849457	-0.192727	0.210617
219.2	0.0849311	-0.192673	0.210562
219.4	0.0849112	-0.192606	0.210492
219.6	0.0848868	-0.192527	0.21041
219.8	0.084859	-0.19244	0.210319
220	0.0848285	-0.192346	0.210221
220.2	0.0847965	-0.19225	0.21012
220.4	0.0847636	-0.192154	0.210019
220.6	0.0847306	-0.192061	0.209921
220.8	0.0846981	-0.191973	0.209827
221	0.0846668	-0.191893	0.209741
221.2	0.0846368	-0.191822	0.209664
221.4	0.0846084	-0.191761	0.209597
221.6	0.0845817	-0.191711	0.20954
221.8	0.0845565	-0.191672	0.209495
222	0.0845327	-0.191645	0.20946
222.2	0.08451	-0.191628	0.209436
222.4	0.0844879	-0.191622	0.209421
222.6	0.084466	-0.191624	0.209414
222.8	0.0844438	-0.191634	0.209414
223	0.0844207	-0.191649	0.209419
223.2	0.0843962	-0.191669	0.209427
223.4	0.08437	-0.191691	0.209437
223.6	0.0843416	-0.191714	0.209447
223.8	0.0843107	-0.191736	0.209454
224	0.0842771	-0.191755	0.209458
224.2	0.0842408	-0.191769	0.209456
224.4	0.0842019	-0.191777	0.209447
224.6	0.0841604	-0.191777	0.209431
224.8	0.0841167	-0.191769	0.209406
225	0.0840711	-0.191751	0.209371
225.2	0.0840242	-0.191724	0.209328
225.4	0.0839766	-0.191686	0.209274
225.6	0.0839287	-0.191639	0.209212
225.8	0.0838815	-0.191583	0.209142
226	0.0838354	-0.19152	0.209065
226.2	0.0837913	-0.191449	0.208983
226.4	0.0837499	-0.191373	0.208897
226.6	0.0837118	-0.191295	0.208809
226.8	0.0836776	-0.191214	0.208722
227	0.083648	-0.191135	0.208637
227.2	0.0836235	-0.191058	0.208557
227.4	0.0836046	-0.190986	0.208483
227.6	0.0835916	-0.19092	0.208418
227.8	0.0835848	-0.190862	0.208362
228	0.0835844	-0.190814	0.208317
228.2	0.0835906	-0.190776	0.208285
228.4	0.0836035	-0.190749	0.208266
228.6	0.0836229	-0.190734	0.20826
228.8	0.0836488	-0.190732	0.208268
229	0.083681	-0.190741	0.20829
229.2	0.0837191	-0.190763	0.208325
229.4	0.0837629	-0.190796	0.208373
229.6	0.0838119	-0.19084	0.208433
229.8	0.0838657	-0.190894	0.208504
230	0.0839238	-0.190958	0.208586
230.2	0.0839857	-0.19103	0.208677
230.4	0.0840509	-0.19111	0.208777
230.6	0.0841188	-0.191197	0.208884
230.8	0.084189	-0.191291	0.208997
231	0.0842609	-0.191389	0.209116
231.2	0.0843339	-0.191491	0.20924
231.4	0.0844077	-0.191598	0.209366
231.6	0.0844818	-0.191706	0.209496
231.8	0.0845557	-0.191817	0.209627
232	0.084629	-0.191929	0.209759
232.2	0.0847015	-0.192042	0.209892
232.4	0.0847726	-0.192155	0.210023
232.6	0.0848421	-0.192267	0.210154
232.8	0.0849095	-0.192377	0.210282
233	0.0849746	-0.192485	0.210407
233.2	0.0850369	-0.192591	0.210529
233.4	0.0850961	-0.192693	0.210646
233.6	0.0851518	-0.19279	0.210758
233.8	0.0852036	-0.192883	0.210863
234	0.0852512	-0.192969	0.210962
234.2	0.085294	-0.193049	0.211052
234.4	0.0853318	-0.193121	0.211134
234.6	0.0853644	-0.193185	0.211205
234.8	0.0853913	-0.19324	0.211266
235	0.0854126	-0.193285	0.211316
235.2	0.0854281	-0.193319	0.211354
235.4	0.0854378	-0.193343	0.211379
235.6	0.0854418	-0.193355	0.211392
235.8	0.0854403	-0.193356	0.211392
236	0.0854337	-0.193346	0.21138
236.2	0.0854223	-0.193326	0.211357
236.4	0.0854066	-0.193295	0.211323
236.6	0.0853871	-0.193256	0.211279
236.8	0.0853643	-0.193208	0.211226
237	0.0853389	-0.193154	0.211166
237.2	0.0853113	-0.193095	0.211101
237.4	0.0852822	-0.193032	0.211032
237.6	0.0852521	-0.192967	0.210961
237.8	0.0852215	-0.192902	0.210889
238	0.0851907	-0.192838	0.210817
238.2	0.0851602	-0.192776	0.210748
238.4	0.0851302	-0.192717	0.210683
238.6	0.0851009	-0.192663	0.210621
238.8	0.0850724	-0.192614	0.210565
239	0.0850449	-0.192571	0.210514
239.2	0.0850183	-0.192534	0.21047
239.4	0.0849926	-0.192503	0.210431
239.6	0.0849676	-0.192478	0.210398
239.8	0.0849433	-0.192459	0.210371
240	0.0849195	-0.192446	0.210349
240.2	0.0848961	-0.192437	0.210332
240.4	0.0848729	-0.192433	0.210318
240.6	0.08485	-0.192432	0.210308
240.8	0.0848271	-0.192433	0.2103
241	0.0848042	-0.192436	0.210294
241.2	0.0847813	-0.19244	0.210288
241.4	0.0847585	-0.192444	0.210283
241.6	0.0847359	-0.192447	0.210276
241.8	0.0847136	-0.192449	0.210269
242	0.0846917	-0.192449	0.21026
242.2	0.0846705	-0.192445	0.210248
242.4	0.0846502	-0.19244	0.210235
242.6	0.0846311	-0.192431	0.210219
242.8	0.0846134	-0.192419	0.210201
243	0.0845975	-0.192404	0.210181
243.2	0.0845836	-0.192386	0.210159
243.4	0.084572	-0.192367	0.210137
243.6	0.084563	-0.192346	0.210114
243.8	0.0845568	-0.192324	0.210092
244	0.0845536	-0.192303	0.21007
244.2	0.0845537	-0.192281	0.210051
244.4	0.0845571	-0.192262	0.210035
244.6	0.0845639	-0.192244	0.210021
244.8	0.0845743	-0.19223	0.210012
245	0.0845882	-0.192219	0.210008
245.2	0.0846057	-0.192212	0.210009
245.4	0.0846266	-0.19221	0.210015
245.6	0.0846509	-0.192213	0.210028
245.8	0.0846784	-0.192222	0.210047
246	0.084709	-0.192236	0.210072
246.2	0.0847425	-0.192255	0.210103
246.4	0.0847787	-0.19228	0.21014
246.6	0.0848174	-0.19231	0.210184
246.8	0.0848582	-0.192346	0.210233
247	0.084901	-0.192386	0.210287
247.2	0.0849455	-0.192432	0.210347
247.4	0.0849914	-0.192481	0.21041
247.6	0.0850384	-0.192534	0.210478
247.8	0.0850863	-0.192591	0.21055
248	0.0851348	-0.192651	0.210624
248.2	0.0851836	-0.192714	0.210701
248.4	0.0852324	-0.192779	0.21078
248.6	0.085281	-0.192845	0.21086
248.8	0.0853291	-0.192913	0.210942
249	0.0853765	-0.192981	0.211023
249.2	0.0854228	-0.19305	0.211105
249.4	0.0854677	-0.193119	0.211186
249.6	0.0855112	-0.193187	0.211266
249.8	0.0855528	-0.193255	0.211345
