# Time	U	V	U_magnitude
0	-1.15466e-28	1.8576e-28	2.18721e-28
0.2	-0.000831931	7.18949e-05	0.000835032
0.4	-0.0116448	4.92922e-05	0.0116449
0.6	-0.0114009	0.000418972	0.0114086
0.8	-0.00734375	0.000955353	0.00740563
1	-0.00768357	0.000414917	0.00769477
1.2	-0.0127369	0.00100328	0.0127763
1.4	-0.0138194	0.00219604	0.0139928
1.6	-0.011132	0.00230372	0.0113679
1.8	-0.0107437	0.0019285	0.0109155
2	-0.014005	0.00274862	0.0142721
2.2	-0.0154396	0.00420794	0.0160028
2.4	-0.0140239	0.00469991	0.0147905
2.6	-0.0139421	0.00448284	0.0146451
2.8	-0.0160755	0.00539888	0.0169579
3	-0.0175555	0.00718383	0.0189685
3.2	-0.0173377	0.00800128	0.0190949
3.4	-0.0174434	0.00811628	0.0192392
3.6	-0.0190202	0.00918003	0.0211196
3.8	-0.0205512	0.0110637	0.02334
4	-0.0209846	0.0122747	0.0243109
4.2	-0.0214277	0.0128044	0.0249619
4.4	-0.0227349	0.0140108	0.0267053
4.6	-0.0242006	0.0160024	0.0290128
4.8	-0.0251026	0.017571	0.0306412
5	-0.0258208	0.0185592	0.0317987
5.2	-0.0269899	0.0200055	0.0335957
5.4	-0.0284244	0.0221219	0.0360184
5.6	-0.0295723	0.0240495	0.0381169
5.8	-0.0304871	0.0255395	0.0397709
6	-0.0316102	0.0273019	0.0417684
6.2	-0.0329706	0.0296203	0.0443218
6.4	-0.0342137	0.0319266	0.0467962
6.6	-0.0352341	0.0339341	0.0489179
6.8	-0.0363007	0.0360961	0.0511925
7	-0.037547	0.0387016	0.0539221
7.2	-0.0387528	0.0414085	0.0567137
7.4	-0.0397586	0.0439443	0.0592608
7.6	-0.0407197	0.0465643	0.0618574
7.8	-0.0417831	0.0495272	0.0647979
8	-0.0428248	0.0526538	0.0678704
8.2	-0.0436917	0.0557084	0.0707982
8.4	-0.0444577	0.0588122	0.0737249
8.6	-0.0452521	0.0621796	0.0769029
8.8	-0.0460175	0.0657487	0.0802527
9	-0.0466321	0.0693653	0.0835829
9.2	-0.0471312	0.0731316	0.0870033
9.4	-0.0476253	0.0773159	0.0908071
9.6	-0.0480997	0.0820646	0.0951219
9.8	-0.0484561	0.0874299	0.0999599
10	-0.0486719	0.0935781	0.105479
10.2	-0.0487728	0.100732	0.111918
10.4	-0.0486945	0.10892	0.119309
10.6	-0.0483	0.117937	0.127445
10.8	-0.047511	0.127529	0.136092
11	-0.0463258	0.137467	0.145063
11.2	-0.0447281	0.147455	0.154089
11.4	-0.042674	0.157103	0.162796
11.6	-0.0401725	0.166074	0.170863
11.8	-0.0372997	0.174158	0.178107
12	-0.0341286	0.181194	0.18438
12.2	-0.0307007	0.187012	0.189516
12.4	-0.0270753	0.191504	0.193408
12.6	-0.0233481	0.19468	0.196075
12.8	-0.0196021	0.19661	0.197585
13	-0.0158808	0.197362	0.198
13.2	-0.0122206	0.197044	0.197422
13.4	-0.00867218	0.195834	0.196026
13.6	-0.00527117	0.193938	0.19401
13.8	-0.00201644	0.191532	0.191543
14	0.00110449	0.188777	0.18878
14.2	0.00409213	0.185841	0.185886
14.4	0.00695474	0.182873	0.183005
14.6	0.00972049	0.179963	0.180225
14.8	0.012419	0.17716	0.177595
15	0.0150622	0.174502	0.175151
15.2	0.0176554	0.172005	0.172909
15.4	0.0202121	0.16965	0.17085
15.6	0.0227418	0.167398	0.168936
15.8	0.0252395	0.165218	0.167135
16	0.0276924	0.16308	0.165414
16.2	0.0300962	0.160947	0.163736
16.4	0.0324453	0.158779	0.16206
16.6	0.0347264	0.156554	0.160359
16.8	0.0369241	0.154258	0.158616
17	0.03903	0.151877	0.156812
17.2	0.0410407	0.149398	0.154933
17.4	0.0429451	0.146819	0.152971
17.6	0.0447335	0.144145	0.150926
17.8	0.0464042	0.141378	0.148799
18	0.0479554	0.138521	0.146587
18.2	0.0493825	0.13558	0.144294
18.4	0.0506825	0.132568	0.141926
18.6	0.0518565	0.129492	0.13949
18.8	0.0529063	0.126357	0.136986
19	0.0538303	0.123172	0.134421
19.2	0.054628	0.119946	0.1318
19.4	0.0553023	0.116687	0.129128
19.6	0.055856	0.113398	0.126408
19.8	0.0562893	0.110088	0.123644
20	0.0566026	0.106763	0.120839
20.2	0.0567981	0.103426	0.117996
20.4	0.0568783	0.100082	0.115116
20.6	0.0568436	0.0967363	0.112201
20.8	0.0566945	0.0933925	0.109254
21	0.056433	0.0900541	0.106275
21.2	0.0560608	0.086724	0.103266
21.4	0.0555781	0.0834062	0.100227
21.6	0.0549857	0.0801044	0.0971604
21.8	0.0542851	0.0768213	0.0940658
22	0.0534779	0.0735599	0.0909447
22.2	0.0525642	0.0703242	0.087798
22.4	0.0515448	0.0671178	0.0846266
22.6	0.0504216	0.0639432	0.0814314
22.8	0.0491961	0.0608039	0.0782136
23	0.0478693	0.0577039	0.0749747
23.2	0.0464423	0.0546471	0.0717161
23.4	0.0449174	0.0516373	0.0684396
23.6	0.0432967	0.0486781	0.0651473
23.8	0.0415822	0.0457742	0.0618414
24	0.0397759	0.0429294	0.058524
24.2	0.0378812	0.0401481	0.0551983
24.4	0.0359008	0.0374344	0.0518672
24.6	0.0338378	0.0347932	0.0485341
24.8	0.0316958	0.0322285	0.0452029
25	0.0294789	0.0297449	0.041878
25.2	0.027191	0.0273467	0.0385641
25.4	0.0248365	0.0250385	0.0352673
25.6	0.0224202	0.0228244	0.0319941
25.8	0.0199473	0.0207086	0.0287531
26	0.0174227	0.0186952	0.0255551
26.2	0.0148523	0.0167881	0.022415
26.4	0.0122417	0.014991	0.0193543
26.6	0.00959724	0.0133076	0.0164073
26.8	0.00692526	0.0117408	0.0136311
27	0.00423241	0.0102938	0.01113
27.2	0.0015261	0.00896934	0.00909824
27.4	-0.00118657	0.00776974	0.00785982
27.6	-0.00389702	0.0066963	0.00774772
27.8	-0.0065999	0.00575097	0.00875399
28	-0.00928841	0.00493465	0.0105179
28.2	-0.0119569	0.00424798	0.012689
28.4	-0.014599	0.00369096	0.0150584
28.6	-0.0172094	0.00326323	0.017516
28.8	-0.019782	0.00296394	0.0200028
29	-0.0223114	0.00279184	0.0224854
29.2	-0.0247922	0.00274561	0.0249437
29.4	-0.0272188	0.00282312	0.0273649
29.6	-0.0295865	0.00302241	0.0297404
29.8	-0.0318896	0.00334082	0.0320642
30	-0.0341239	0.00377556	0.0343321
30.2	-0.0362841	0.0043236	0.0365408
30.4	-0.0383659	0.00498134	0.038688
30.6	-0.0403649	0.0057453	0.0407717
30.8	-0.0422771	0.00661131	0.0427909
31	-0.0440979	0.00757575	0.0447439
31.2	-0.0458234	0.00863315	0.0466295
31.4	-0.0474502	0.00977976	0.0484476
31.6	-0.0489755	0.0110108	0.050198
31.8	-0.050395	0.0123215	0.0518794
32	-0.051706	0.0137063	0.0534918
32.2	-0.0529062	0.0151603	0.0550355
32.4	-0.0539923	0.0166786	0.0565097
32.6	-0.0549623	0.0182548	0.0579146
32.8	-0.0558142	0.0198843	0.0592504
33	-0.0565455	0.0215608	0.0605166
33.2	-0.057155	0.0232788	0.0617139
33.4	-0.0576408	0.0250325	0.0628418
33.6	-0.058002	0.0268153	0.0639006
33.8	-0.0582371	0.0286214	0.0648902
34	-0.0583456	0.0304441	0.0658107
34.2	-0.0583267	0.0322771	0.066662
34.4	-0.0581805	0.0341136	0.0674441
34.6	-0.0579067	0.0359468	0.0681569
34.8	-0.0575059	0.0377698	0.0688003
35	-0.0569785	0.0395755	0.0693742
35.2	-0.0563258	0.0413567	0.0698783
35.4	-0.0555489	0.0431061	0.0703123
35.6	-0.0546497	0.0448164	0.070676
35.8	-0.05363	0.0464803	0.070969
36	-0.0524924	0.0480904	0.0711909
36.2	-0.0512398	0.0496395	0.0713414
36.4	-0.0498754	0.05112	0.0714199
36.6	-0.0484029	0.0525248	0.0714262
36.8	-0.0468265	0.0538466	0.0713595
37	-0.0451507	0.0550785	0.0712196
37.2	-0.0433805	0.0562133	0.0710057
37.4	-0.0415214	0.0572443	0.0707173
37.6	-0.0395792	0.0581649	0.0703539
37.8	-0.0375604	0.0589689	0.0699151
38	-0.0354719	0.0596501	0.0694002
38.2	-0.0333212	0.0602027	0.0688089
38.4	-0.0311161	0.0606213	0.0681407
38.6	-0.0288653	0.0609012	0.0673955
38.8	-0.0265778	0.0610376	0.066573
39	-0.024263	0.0610268	0.0656732
39.2	-0.021931	0.0608654	0.064696
39.4	-0.0195923	0.0605508	0.0636416
39.6	-0.0172576	0.060081	0.0625104
39.8	-0.0149383	0.059455	0.0613029
40	-0.0126458	0.0586723	0.0600196
40.2	-0.0103919	0.0577335	0.0586613
40.4	-0.00818853	0.05664	0.0572288
40.6	-0.00604744	0.055394	0.0557231
40.8	-0.00398081	0.0539988	0.0541454
41	-0.0020005	0.0524583	0.0524965
41.2	-0.000118198	0.0507779	0.050778
41.4	0.00165402	0.0489629	0.0489909
41.6	0.00330544	0.0470207	0.0471367
41.8	0.00482583	0.0449583	0.0452166
42	0.00620481	0.0427846	0.0432322
42.2	0.00743341	0.0405084	0.0411848
42.4	0.00850278	0.0381398	0.0390761
42.6	0.00940448	0.0356894	0.0369077
42.8	0.010131	0.0331684	0.0346812
43	0.0106759	0.030589	0.0323985
43.2	0.0110332	0.0279637	0.0300616
43.4	0.0111977	0.0253057	0.0276725
43.6	0.0111652	0.0226288	0.0252334
43.8	0.0109322	0.0199473	0.0227466
44	0.0104966	0.0172762	0.020215
44.2	0.00985728	0.014631	0.0176418
44.4	0.00901446	0.0120275	0.0150307
44.6	0.00796984	0.00948283	0.0123872
44.8	0.00672583	0.00701384	0.00971755
45	0.00528733	0.00463795	0.00703324
45.2	0.0036611	0.00237325	0.00436302
45.4	0.00185499	0.000237484	0.00187013
45.6	-0.000120142	-0.00175192	0.00175603
45.8	-0.00225157	-0.00357859	0.00422799
46	-0.00452497	-0.00522879	0.00691488
46.2	-0.0069252	-0.00668815	0.00962755
46.4	-0.00943499	-0.0079442	0.0123341
46.6	-0.0120361	-0.00898602	0.0150206
46.8	-0.01471	-0.00980364	0.0176775
47	-0.0174358	-0.0103885	0.020296
47.2	-0.0201927	-0.0107344	0.0228686
47.4	-0.022959	-0.0108368	0.025388
47.6	-0.0257128	-0.010693	0.0278476
47.8	-0.0284319	-0.0103022	0.0302408
48	-0.031094	-0.00966596	0.0325617
48.2	-0.0336769	-0.00878812	0.0348046
48.4	-0.0361577	-0.0076745	0.0369632
48.6	-0.038516	-0.00633225	0.039033
48.8	-0.0407313	-0.00477251	0.0410099
49	-0.0427828	-0.00300722	0.0428883
49.2	-0.0446529	-0.00105144	0.0446653
49.4	-0.0463237	0.00107794	0.0463363
49.6	-0.0477799	0.00336131	0.047898
49.8	-0.0490075	0.00577751	0.0493469
50	-0.0499947	0.00830395	0.0506796
50.2	-0.0507318	0.0109166	0.0518931
50.4	-0.0512118	0.0135904	0.0529844
50.6	-0.0514302	0.0162994	0.0539513
50.8	-0.0513856	0.0190174	0.0547918
51	-0.0510792	0.0217178	0.0555045
51.2	-0.0505156	0.0243744	0.0560887
51.4	-0.0497023	0.0269617	0.0565443
51.6	-0.0486499	0.0294555	0.0568721
51.8	-0.0473716	0.0318326	0.0570735
52	-0.0458836	0.0340723	0.0571509
52.2	-0.0442042	0.0361559	0.0571074
52.4	-0.0423534	0.0380674	0.0569468
52.6	-0.0403531	0.0397936	0.0566736
52.8	-0.0382257	0.0413244	0.056293
53	-0.035994	0.0426526	0.0558106
53.2	-0.033681	0.0437742	0.0552321
53.4	-0.0313086	0.0446876	0.0545638
53.6	-0.0288979	0.045394	0.0538118
53.8	-0.0264686	0.0458964	0.0529818
54	-0.0240387	0.0461997	0.0520795
54.2	-0.0216245	0.04631	0.05111
54.4	-0.0192403	0.0462341	0.0500778
54.6	-0.0168988	0.0459796	0.0489867
54.8	-0.0146113	0.045554	0.0478399
55	-0.0123873	0.0449646	0.0466397
55.2	-0.0102355	0.0442186	0.0453878
55.4	-0.00816357	0.0433229	0.0440853
55.6	-0.00617874	0.0422834	0.0427324
55.8	-0.00428775	0.0411058	0.0413288
56	-0.00249739	0.0397957	0.039874
56.2	-0.000814929	0.0383579	0.0383666
56.4	0.000752551	0.0367976	0.0368053
56.6	0.00219721	0.0351195	0.0351882
56.8	0.00351185	0.0333295	0.033514
57	0.00468813	0.0314329	0.0317806
57.2	0.00571637	0.0294364	0.0299864
57.4	0.00658817	0.0273485	0.0281309
57.6	0.00729418	0.0251773	0.0262126
57.8	0.0078228	0.0229327	0.0242302
58	0.00816531	0.020628	0.0221853
58.2	0.00831285	0.0182771	0.0200787
58.4	0.00825703	0.0158954	0.0179121
58.6	0.00799065	0.0135006	0.0156881
58.8	0.00750808	0.0111121	0.0134108
59	0.00680585	0.00875102	0.011086
59.2	0.00588284	0.00644121	0.00872336
59.4	0.00474002	0.00420664	0.00633748
59.6	0.00338279	0.00207234	0.0039671
59.8	0.00181884	6.42396e-05	0.00181997
60	6.0543e-05	-0.0017927	0.00179373
60.2	-0.00187724	-0.0034741	0.00394885
60.4	-0.00397429	-0.00495921	0.00635521
60.6	-0.0062086	-0.00622675	0.00879313
60.8	-0.00855481	-0.00725988	0.0112201
61	-0.0109873	-0.00804315	0.0136166
61.2	-0.0134759	-0.00856346	0.0159666
61.4	-0.01599	-0.00881325	0.018258
61.6	-0.0184987	-0.00878816	0.0204801
61.8	-0.0209707	-0.0084876	0.0226232
62	-0.023375	-0.00791525	0.0246788
62.2	-0.0256811	-0.00707914	0.0266389
62.4	-0.0278595	-0.0059916	0.0284965
62.6	-0.0298832	-0.00466779	0.0302455
62.8	-0.0317278	-0.00312822	0.0318816
63	-0.0333709	-0.00139586	0.0334001
63.2	-0.0347943	0.00050253	0.0347979
63.4	-0.0359826	0.00253759	0.0360719
63.6	-0.0369246	0.00467831	0.0372197
63.8	-0.0376131	0.00689264	0.0382395
64	-0.0380454	0.00914822	0.0391299
64.2	-0.0382228	0.011413	0.0398903
64.4	-0.0381507	0.013656	0.0405212
64.6	-0.0378388	0.0158478	0.0410235
64.8	-0.0373001	0.017961	0.0413992
65	-0.036551	0.0199711	0.0416512
65.2	-0.0356108	0.0218565	0.0417832
65.4	-0.0345008	0.0235992	0.0417998
65.6	-0.0332442	0.0251847	0.0417067
65.8	-0.031865	0.0266026	0.04151
66	-0.0303876	0.0278462	0.0412167
66.2	-0.0288361	0.0289124	0.0408344
66.4	-0.0272336	0.0298019	0.0403711
66.6	-0.0256017	0.0305183	0.0398349
66.8	-0.0239603	0.0310679	0.0392341
67	-0.0223266	0.0314591	0.0385766
67.2	-0.0207153	0.0317019	0.03787
67.4	-0.0191386	0.0318071	0.0371212
67.6	-0.0176059	0.0317861	0.0363362
67.8	-0.016124	0.0316498	0.0355203
68	-0.0146975	0.0314087	0.0346774
68.2	-0.0133293	0.0310721	0.0338104
68.4	-0.0120205	0.0306482	0.0329212
68.6	-0.0107715	0.0301434	0.0320102
68.8	-0.00958183	0.0295631	0.0310771
69	-0.00845117	0.0289106	0.0301205
69.2	-0.0073792	0.0281885	0.0291384
69.4	-0.0063666	0.0273978	0.0281278
69.6	-0.00541475	0.026539	0.0270858
69.8	-0.00452627	0.025612	0.0260089
70	-0.00370504	0.0246167	0.024894
70.2	-0.0029559	0.0235527	0.0237375
70.4	-0.00228495	0.0224214	0.0225375
70.6	-0.00169947	0.0212242	0.0212922
70.8	-0.00120801	0.0199644	0.0200009
71	-0.000817955	0.0186438	0.0186618
71.2	-0.000538327	0.0172713	0.0172797
71.4	-0.000378123	0.0158539	0.0158585
71.6	-0.00034561	0.0144012	0.0144054
71.8	-0.000448259	0.0129246	0.0129324
72	-0.000692614	0.0114376	0.0114586
72.2	-0.0010838	0.00995537	0.0100142
72.4	-0.00162437	0.00849576	0.00864966
72.6	-0.0023154	0.00707586	0.00744506
72.8	-0.00315555	0.00571541	0.00652866
73	-0.00413996	0.0044334	0.00606583
73.2	-0.00526184	0.00325092	0.0061851
73.4	-0.00650995	0.00218552	0.00686702
73.6	-0.00787077	0.00125736	0.00797056
73.8	-0.00932984	0.000480942	0.00934223
74	-0.010866	-0.000127919	0.0108667
74.2	-0.0124584	-0.000557237	0.0124709
74.4	-0.014085	-0.000797974	0.0141076
74.6	-0.0157222	-0.000844002	0.0157449
74.8	-0.0173455	-0.000692659	0.0173594
75	-0.0189299	-0.000345349	0.0189331
75.2	-0.020451	0.000192918	0.0204519
75.4	-0.0218856	0.000913139	0.0219046
75.6	-0.0232107	0.00180275	0.0232806
75.8	-0.0244075	0.00284641	0.0245729
76	-0.0254589	0.0040257	0.0257752
76.2	-0.0263501	0.0053193	0.0268816
76.4	-0.02707	0.00670437	0.0278879
76.6	-0.0276106	0.00815642	0.0287902
76.8	-0.0279676	0.00965016	0.0295857
77	-0.0281404	0.0111603	0.0302726
77.2	-0.0281317	0.0126617	0.0308498
77.4	-0.027948	0.0141304	0.0313171
77.6	-0.0275989	0.0155442	0.0316753
77.8	-0.0270969	0.0168828	0.031926
78	-0.026457	0.0181285	0.032072
78.2	-0.0256962	0.0192664	0.0321168
78.4	-0.024833	0.0202851	0.032065
78.6	-0.0238866	0.0211761	0.0319217
78.8	-0.0228768	0.0219344	0.0316933
79	-0.0218231	0.0225582	0.0313866
79.2	-0.0207442	0.0230487	0.0310091
79.4	-0.0196574	0.0234098	0.0305685
79.6	-0.0185788	0.0236477	0.030073
79.8	-0.0175222	0.0237705	0.0295308
80	-0.0164991	0.023788	0.0289498
80.2	-0.0155189	0.0237105	0.0283377
80.4	-0.0145885	0.023549	0.0277016
80.6	-0.0137125	0.0233143	0.0270478
80.8	-0.0128933	0.0230168	0.0263819
81	-0.0121316	0.0226658	0.0257083
81.2	-0.0114265	0.02227	0.0250303
81.4	-0.010776	0.0218359	0.0243501
81.6	-0.0101774	0.0213691	0.023669
81.8	-0.00962763	0.0208738	0.0229871
82	-0.00912365	0.0203523	0.0223037
82.2	-0.00866317	0.0198057	0.0216175
82.4	-0.00824446	0.0192344	0.0209268
82.6	-0.0078667	0.0186379	0.0202301
82.8	-0.00753024	0.0180153	0.0195258
83	-0.00723657	0.0173657	0.0188132
83.2	-0.00698832	0.0166885	0.0180926
83.4	-0.00678902	0.0159835	0.0173656
83.6	-0.00664309	0.0152516	0.0166356
83.8	-0.00655536	0.0144948	0.0159082
84	-0.00653103	0.0137161	0.0151916
84.2	-0.00657524	0.0129201	0.014497
84.4	-0.00669275	0.0121127	0.0138387
84.6	-0.00688789	0.0113011	0.0132348
84.8	-0.00716403	0.0104941	0.0127063
85	-0.00752346	0.00970125	0.0122767
85.2	-0.00796692	0.00893337	0.0119698
85.4	-0.00849398	0.00820201	0.0118077
85.6	-0.00910249	0.00751881	0.0118063
85.8	-0.00978799	0.00689568	0.0119731
86	-0.0105443	0.00634495	0.0123061
86.2	-0.0113644	0.00587805	0.0127946
86.4	-0.0122386	0.00550437	0.0134195
86.6	-0.0131549	0.0052336	0.0141577
86.8	-0.0141004	0.00507344	0.0149854
87	-0.0150611	0.00502961	0.0158787
87.2	-0.0160219	0.00510581	0.0168158
87.4	-0.0169672	0.00530325	0.0177767
87.6	-0.0178805	0.00562067	0.0187432
87.8	-0.0187463	0.00605351	0.0196995
88	-0.0195504	0.00659592	0.0206331
88.2	-0.0202786	0.00723965	0.0215322
88.4	-0.0209179	0.00797357	0.0223861
88.6	-0.0214576	0.00878411	0.023186
88.8	-0.021889	0.009657	0.0239246
89	-0.0222053	0.0105763	0.0245954
89.2	-0.0224026	0.011525	0.0251933
89.4	-0.0224793	0.012486	0.0257142
89.6	-0.0224363	0.0134419	0.0261548
89.8	-0.0222772	0.0143759	0.026513
90	-0.0220079	0.0152722	0.0267878
90.2	-0.0216364	0.0161159	0.0269788
90.4	-0.0211729	0.0168942	0.027087
90.6	-0.0206289	0.017596	0.027114
90.8	-0.0200174	0.0182122	0.0270625
91	-0.0193522	0.0187364	0.0269362
91.2	-0.0186476	0.0191644	0.0267396
91.4	-0.0179178	0.0194946	0.026478
91.6	-0.0171767	0.0197274	0.0261574
91.8	-0.0164375	0.0198657	0.0257844
92	-0.0157121	0.0199141	0.0253661
92.2	-0.0150114	0.0198786	0.0249099
92.4	-0.0143445	0.019767	0.0244233
92.6	-0.0137187	0.0195875	0.0239139
92.8	-0.0131398	0.0193492	0.023389
93	-0.0126114	0.0190612	0.0228556
93.2	-0.0121359	0.0187325	0.0223201
93.4	-0.0117138	0.0183718	0.0217884
93.6	-0.0113443	0.0179869	0.0212655
93.8	-0.0110252	0.0175848	0.0207553
94	-0.010754	0.0171713	0.0202608
94.2	-0.0105272	0.0167511	0.0197844
94.4	-0.0103414	0.016328	0.0193274
94.6	-0.010193	0.0159042	0.0188903
94.8	-0.0100788	0.0154812	0.018473
95	-0.00999595	0.0150595	0.018075
95.2	-0.00994228	0.0146389	0.0176959
95.4	-0.00991652	0.014219	0.0173354
95.6	-0.0099182	0.013799	0.0169936
95.8	-0.0099476	0.0133782	0.0166713
96	-0.0100058	0.0129565	0.0163703
96.2	-0.0100943	0.012534	0.0160933
96.4	-0.0102152	0.0121116	0.0158443
96.6	-0.0103708	0.0116913	0.0156282
96.8	-0.0105631	0.0112756	0.0154506
97	-0.0107942	0.0108683	0.0153178
97.2	-0.0110657	0.0104737	0.0152364
97.4	-0.0113784	0.0100968	0.0152123
97.6	-0.0117321	0.00974367	0.0152506
97.8	-0.012126	0.00942055	0.0153554
98	-0.0125583	0.00913404	0.0155287
98.2	-0.0130259	0.00889063	0.0157707
98.4	-0.0135245	0.00869663	0.0160793
98.6	-0.0140487	0.00855805	0.0164501
98.8	-0.0145925	0.0084802	0.0168776
99	-0.0151485	0.00846742	0.0173543
99.2	-0.0157086	0.00852296	0.0178718
99.4	-0.0162642	0.00864889	0.0184208
99.6	-0.0168058	0.00884602	0.0189918
99.8	-0.0173243	0.00911368	0.0195753
100	-0.0178102	0.00944961	0.0201618
100.2	-0.0182543	0.00984991	0.0207422
100.4	-0.0186476	0.0103087	0.0213074
100.6	-0.0189829	0.010819	0.0218495
100.8	-0.0192533	0.0113729	0.0223615
101	-0.0194535	0.0119613	0.0228366
101.2	-0.0195792	0.0125736	0.0232689
101.4	-0.0196279	0.013199	0.0236531
101.6	-0.0195989	0.0138263	0.0239851
101.8	-0.0194928	0.0144443	0.0242612
102	-0.019312	0.0150417	0.0244787
102.2	-0.0190606	0.015608	0.0246357
102.4	-0.0187441	0.0161334	0.0247311
102.6	-0.0183693	0.0166092	0.0247648
102.8	-0.0179441	0.0170279	0.0247374
103	-0.0174776	0.0173834	0.0246505
103.2	-0.0169792	0.0176711	0.0245064
103.4	-0.0164589	0.0178883	0.0243082
103.6	-0.0159269	0.0180335	0.0240598
103.8	-0.015393	0.0181073	0.0237659
104	-0.0148669	0.0181117	0.023432
104.2	-0.0143572	0.0180499	0.0230636
104.4	-0.0138721	0.0179267	0.0226672
104.6	-0.0134185	0.0177476	0.0222493
104.8	-0.0130021	0.0175193	0.021817
105	-0.0126273	0.0172487	0.0213768
105.2	-0.0122975	0.016943	0.0209355
105.4	-0.0120147	0.0166097	0.0204996
105.6	-0.0117794	0.016256	0.0200752
105.8	-0.0115911	0.0158889	0.0196675
106	-0.0114483	0.0155148	0.0192814
106.2	-0.0113487	0.0151391	0.0189206
106.4	-0.0112897	0.014767	0.0185882
106.6	-0.0112679	0.0144023	0.0182863
106.8	-0.01128	0.0140481	0.0180163
107	-0.0113226	0.0137067	0.0177785
107.2	-0.011392	0.0133796	0.0175724
107.4	-0.0114851	0.0130677	0.0173975
107.6	-0.0115994	0.0127714	0.0172526
107.8	-0.0117324	0.0124905	0.0171366
108	-0.0118827	0.0122246	0.0170482
108.2	-0.0120489	0.0119733	0.0169864
108.4	-0.0122303	0.0117363	0.0169505
108.6	-0.0124265	0.0115135	0.0169405
108.8	-0.0126377	0.0113051	0.0169563
109	-0.012864	0.0111118	0.0169986
109.2	-0.0131055	0.0109345	0.0170681
109.4	-0.0133625	0.0107749	0.0171656
109.6	-0.0136348	0.0106349	0.0172919
109.8	-0.0139219	0.010517	0.0174478
110	-0.0142229	0.0104237	0.0176337
110.2	-0.0145365	0.010358	0.0178494
110.4	-0.0148606	0.0103228	0.0180941
110.6	-0.0151926	0.0103207	0.0183666
110.8	-0.0155291	0.0103544	0.0186646
111	-0.0158663	0.0104259	0.0189852
111.2	-0.0161998	0.010537	0.0193251
111.4	-0.0165249	0.0106885	0.0196804
111.6	-0.0168367	0.0108808	0.0200466
111.8	-0.01713	0.0111134	0.0204192
112	-0.0173994	0.0113847	0.0207931
112.2	-0.0176398	0.0116926	0.0211631
112.4	-0.0178461	0.0120336	0.0215242
112.6	-0.0180135	0.0124036	0.0218709
112.8	-0.0181381	0.0127972	0.0221982
113	-0.0182167	0.0132087	0.0225015
113.2	-0.0182469	0.0136317	0.0227766
113.4	-0.018227	0.0140596	0.0230195
113.6	-0.0181564	0.0144852	0.0232266
113.8	-0.0180355	0.0149011	0.0233949
114	-0.0178658	0.0153	0.0235218
114.2	-0.01765	0.0156748	0.0236056
114.4	-0.0173915	0.0160192	0.0236449
114.6	-0.017095	0.016327	0.0236391
114.8	-0.0167655	0.016593	0.0235884
115	-0.0164092	0.016813	0.0234933
115.2	-0.0160324	0.0169835	0.0233554
115.4	-0.0156421	0.0171023	0.0231768
115.6	-0.0152452	0.0171683	0.0229601
115.8	-0.0148487	0.0171813	0.0227086
116	-0.0144596	0.0171423	0.0224263
116.2	-0.0140844	0.0170534	0.0221176
116.4	-0.0137293	0.0169176	0.0217876
116.6	-0.0133995	0.016739	0.0214416
116.8	-0.0130996	0.0165221	0.021085
117	-0.0128335	0.0162719	0.0207237
117.2	-0.0126041	0.015994	0.0203635
117.4	-0.0124136	0.0156942	0.0200101
117.6	-0.0122629	0.0153784	0.0196691
117.8	-0.0121525	0.0150524	0.0193457
118	-0.0120817	0.0147216	0.0190445
118.2	-0.0120494	0.0143911	0.0187694
118.4	-0.0120535	0.0140655	0.0185236
118.6	-0.0120914	0.013749	0.0183095
118.8	-0.0121603	0.0134452	0.0181286
119	-0.0122571	0.0131571	0.0179818
119.2	-0.0123786	0.0128869	0.017869
119.4	-0.0125216	0.0126363	0.0177895
119.6	-0.0126831	0.0124066	0.0177422
119.8	-0.0128604	0.0121981	0.0177253
120	-0.0130506	0.0120112	0.0177366
120.2	-0.0132513	0.0118458	0.0177742
120.4	-0.0134605	0.0117017	0.0178358
120.6	-0.0136765	0.0115785	0.0179195
120.8	-0.0138977	0.0114757	0.0180233
121	-0.0141231	0.0113928	0.0181454
121.2	-0.0143514	0.0113297	0.0182845
121.4	-0.0145819	0.0112862	0.0184394
121.6	-0.0148138	0.0112625	0.0186089
121.8	-0.0150463	0.0112587	0.0187923
122	-0.0152784	0.0112753	0.0189885
122.2	-0.0155092	0.0113127	0.0191966
122.4	-0.0157373	0.0113714	0.0194157
122.6	-0.0159612	0.011452	0.0196446
122.8	-0.0161792	0.0115552	0.0198819
123	-0.0163893	0.0116811	0.0201261
123.2	-0.0165893	0.0118301	0.0203754
123.4	-0.0167769	0.012002	0.0206279
123.6	-0.0169493	0.0121963	0.0208813
123.8	-0.017104	0.0124121	0.0211331
124	-0.0172382	0.0126478	0.0213804
124.2	-0.0173491	0.0129015	0.0216204
124.4	-0.0174344	0.0131707	0.0218501
124.6	-0.0174921	0.0134525	0.0220668
124.8	-0.0175201	0.0137438	0.0222676
125	-0.0175169	0.014041	0.0224498
125.2	-0.0174816	0.0143399	0.0226106
125.4	-0.0174135	0.0146363	0.0227475
125.6	-0.0173126	0.0149257	0.0228583
125.8	-0.0171797	0.0152033	0.0229409
126	-0.0170162	0.0154646	0.0229936
126.2	-0.0168241	0.0157053	0.0230153
126.4	-0.0166059	0.0159214	0.0230053
126.6	-0.0163649	0.016109	0.0229632
126.8	-0.0161046	0.0162651	0.0228891
127	-0.0158292	0.016387	0.0227837
127.2	-0.015543	0.0164725	0.0226479
127.4	-0.0152506	0.0165203	0.0224834
127.6	-0.014957	0.0165297	0.0222923
127.8	-0.0146669	0.0165008	0.0220771
128	-0.0143852	0.0164345	0.0218409
128.2	-0.0141162	0.0163321	0.0215872
128.4	-0.0138643	0.0161962	0.0213198
128.6	-0.0136332	0.0160293	0.0210429
128.8	-0.0134262	0.0158348	0.0207606
129	-0.0132462	0.0156165	0.0204777
129.2	-0.0130954	0.0153784	0.0201986
129.4	-0.0129755	0.0151247	0.0199279
129.6	-0.0128875	0.0148599	0.0196699
129.8	-0.0128317	0.0145882	0.0194286
130	-0.0128077	0.0143142	0.0192076
130.2	-0.0128146	0.0140419	0.0190103
130.4	-0.012851	0.0137754	0.0188391
130.6	-0.0129152	0.0135181	0.018696
130.8	-0.013005	0.0132732	0.0185825
131	-0.013118	0.0130435	0.018499
131.2	-0.0132516	0.0128312	0.0184457
131.4	-0.0134032	0.012638	0.0184219
131.6	-0.01357	0.0124652	0.0184263
131.8	-0.0137492	0.0123138	0.0184573
132	-0.013938	0.0121843	0.0185128
132.2	-0.0141339	0.0120768	0.0185907
132.4	-0.0143345	0.0119913	0.0186887
132.6	-0.0145376	0.0119274	0.0188044
132.8	-0.0147413	0.0118847	0.0189355
133	-0.0149439	0.0118627	0.0190799
133.2	-0.015144	0.0118605	0.0192357
133.4	-0.0153401	0.0118774	0.0194008
133.6	-0.0155311	0.0119126	0.0195736
133.8	-0.015716	0.0119655	0.0197526
134	-0.0158937	0.0120352	0.0199363
134.2	-0.0160632	0.0121211	0.0201233
134.4	-0.0162237	0.0122226	0.0203125
134.6	-0.016374	0.012339	0.0205026
134.8	-0.0165133	0.0124697	0.0206926
135	-0.0166406	0.012614	0.0208812
135.2	-0.0167547	0.0127712	0.0210671
135.4	-0.0168545	0.0129404	0.0212491
135.6	-0.0169388	0.0131202	0.0214258
135.8	-0.0170068	0.0133096	0.0215958
136	-0.0170573	0.0135071	0.0217577
136.2	-0.0170895	0.0137112	0.02191
136.4	-0.0171023	0.01392	0.0220512
136.6	-0.0170951	0.0141316	0.0221798
136.8	-0.0170674	0.0143437	0.0222943
137	-0.0170187	0.014554	0.0223932
137.2	-0.016949	0.0147599	0.0224749
137.4	-0.0168586	0.0149587	0.0225383
137.6	-0.016748	0.0151477	0.022582
137.8	-0.0166181	0.0153242	0.0226051
138	-0.0164702	0.0154854	0.0226068
138.2	-0.016306	0.0156289	0.0225865
138.4	-0.0161276	0.0157525	0.0225441
138.6	-0.015937	0.0158539	0.0224797
138.8	-0.0157371	0.0159316	0.0223936
139	-0.0155304	0.0159841	0.0222864
139.2	-0.0153201	0.0160103	0.0221593
139.4	-0.0151093	0.0160098	0.0220137
139.6	-0.0149011	0.0159824	0.0218513
139.8	-0.0146987	0.0159285	0.0216741
140	-0.0145052	0.0158489	0.0214846
140.2	-0.0143237	0.0157449	0.0212854
140.4	-0.0141567	0.0156183	0.0210794
140.6	-0.0140069	0.0154711	0.0208698
140.8	-0.0138764	0.0153058	0.0206596
141	-0.013767	0.0151249	0.0204522
141.2	-0.0136802	0.0149314	0.0202508
141.4	-0.0136169	0.0147285	0.0200586
141.6	-0.0135775	0.0145194	0.0198787
141.8	-0.0135624	0.0143073	0.0197139
142	-0.0135711	0.0140956	0.0195668
142.2	-0.013603	0.0138872	0.0194396
142.4	-0.0136571	0.0136852	0.0193339
142.6	-0.013732	0.0134921	0.0192511
142.8	-0.0138261	0.0133106	0.019192
143	-0.0139374	0.0131427	0.0191568
143.2	-0.0140641	0.0129902	0.0191454
143.4	-0.0142039	0.0128545	0.019157
143.6	-0.0143545	0.0127367	0.0191905
143.8	-0.0145134	0.0126376	0.0192445
144	-0.0146784	0.0125579	0.0193172
144.2	-0.0148471	0.0124976	0.0194068
144.4	-0.0150175	0.0124567	0.0195114
144.6	-0.0151877	0.012435	0.0196289
144.8	-0.0153558	0.0124318	0.0197573
145	-0.0155202	0.0124464	0.0198944
145.2	-0.0156793	0.0124781	0.0200386
145.4	-0.015832	0.0125257	0.0201878
145.6	-0.015977	0.0125883	0.0203404
145.8	-0.0161133	0.0126648	0.0204948
146	-0.01624	0.012754	0.0206495
146.2	-0.0163564	0.0128549	0.0208033
146.4	-0.0164616	0.0129663	0.020955
146.6	-0.0165552	0.0130872	0.0211033
146.8	-0.0166365	0.0132164	0.0212473
147	-0.0167053	0.0133527	0.0213861
147.2	-0.0167612	0.0134951	0.0215187
147.4	-0.0168039	0.0136424	0.0216445
147.6	-0.0168331	0.0137935	0.0217627
147.8	-0.0168486	0.0139472	0.0218723
148	-0.0168503	0.0141022	0.0219728
148.2	-0.016838	0.0142573	0.0220632
148.4	-0.0168117	0.014411	0.0221429
148.6	-0.0167715	0.014562	0.0222111
148.8	-0.0167176	0.0147087	0.0222671
149	-0.0166503	0.0148498	0.0223103
149.2	-0.0165701	0.0149835	0.02234
149.4	-0.0164776	0.0151084	0.0223557
149.6	-0.0163736	0.015223	0.0223569
149.8	-0.016259	0.0153256	0.0223435
150	-0.0161351	0.015415	0.0223151
150.2	-0.0160031	0.0154898	0.0222718
150.4	-0.0158646	0.0155489	0.0222138
150.6	-0.0157212	0.0155913	0.0221415
150.8	-0.0155748	0.0156162	0.0220554
151	-0.0154273	0.0156232	0.0219565
151.2	-0.0152807	0.015612	0.0218457
151.4	-0.0151369	0.0155825	0.0217242
151.6	-0.014998	0.015535	0.0215935
151.8	-0.014866	0.0154702	0.0214552
152	-0.0147429	0.0153887	0.0213112
152.2	-0.0146304	0.0152918	0.0211633
152.4	-0.0145301	0.0151807	0.0210137
152.6	-0.0144435	0.0150571	0.0208646
152.8	-0.0143719	0.0149229	0.0207182
153	-0.0143162	0.0147799	0.0205766
153.2	-0.0142772	0.0146304	0.0204423
153.4	-0.0142554	0.0144765	0.0203171
153.6	-0.0142511	0.0143206	0.0202033
153.8	-0.014264	0.0141649	0.0201024
154	-0.0142939	0.0140116	0.0200161
154.2	-0.0143402	0.013863	0.0199455
154.4	-0.0144018	0.0137211	0.0198918
154.6	-0.0144777	0.0135878	0.0198553
154.8	-0.0145667	0.0134648	0.0198366
155	-0.0146671	0.0133536	0.0198354
155.2	-0.0147775	0.0132555	0.0198515
155.4	-0.0148961	0.0131714	0.0198841
155.6	-0.0150212	0.013102	0.0199323
155.8	-0.0151508	0.013048	0.0199949
156	-0.0152831	0.0130096	0.0200704
156.2	-0.0154165	0.0129867	0.0201575
156.4	-0.0155492	0.0129793	0.0202543
156.6	-0.0156796	0.0129868	0.0203595
156.8	-0.0158064	0.0130088	0.0204712
157	-0.0159281	0.0130444	0.0205879
157.2	-0.0160436	0.0130928	0.0207079
157.4	-0.0161518	0.0131529	0.0208298
157.6	-0.0162519	0.0132238	0.0209521
157.8	-0.016343	0.0133043	0.0210736
158	-0.0164246	0.0133933	0.0211931
158.2	-0.0164961	0.0134895	0.0213094
158.4	-0.0165573	0.0135919	0.0214216
158.6	-0.0166079	0.0136994	0.021529
158.8	-0.0166477	0.0138108	0.0216306
159	-0.0166766	0.0139251	0.021726
159.2	-0.0166948	0.0140412	0.0218145
159.4	-0.0167022	0.014158	0.0218955
159.6	-0.016699	0.0142746	0.0219686
159.8	-0.0166854	0.0143899	0.0220334
160	-0.0166618	0.0145029	0.0220895
160.2	-0.0166283	0.0146126	0.0221366
160.4	-0.0165854	0.0147182	0.0221743
160.6	-0.0165336	0.0148186	0.0222025
160.8	-0.0164732	0.014913	0.0222208
161	-0.016405	0.0150004	0.0222292
161.2	-0.0163295	0.01508	0.0222275
161.4	-0.0162475	0.015151	0.0222156
161.6	-0.0161598	0.0152125	0.0221937
161.8	-0.0160672	0.0152639	0.0221618
162	-0.0159708	0.0153046	0.02212
162.2	-0.0158715	0.015334	0.0220688
162.4	-0.0157704	0.0153516	0.0220086
162.6	-0.0156688	0.0153572	0.0219398
162.8	-0.0155679	0.0153505	0.0218632
163	-0.0154688	0.0153317	0.0217795
163.2	-0.0153729	0.0153007	0.0216896
163.4	-0.0152815	0.0152579	0.0215946
163.6	-0.0151956	0.0152037	0.0214956
163.8	-0.0151165	0.0151389	0.0213938
164	-0.0150454	0.0150641	0.0212906
164.2	-0.0149832	0.0149804	0.0211874
164.4	-0.0149308	0.0148888	0.0210856
164.6	-0.014889	0.0147905	0.0209867
164.8	-0.0148585	0.014687	0.0208922
165	-0.0148397	0.0145797	0.0208034
165.2	-0.0148329	0.01447	0.0207218
165.4	-0.0148381	0.0143595	0.0206486
165.6	-0.0148554	0.0142497	0.0205849
165.8	-0.0148844	0.0141423	0.0205317
166	-0.0149247	0.0140387	0.0204898
166.2	-0.0149757	0.0139404	0.0204599
166.4	-0.0150366	0.0138486	0.0204422
166.6	-0.0151064	0.0137647	0.0204369
166.8	-0.0151841	0.0136896	0.0204441
167	-0.0152686	0.0136244	0.0204635
167.2	-0.0153587	0.0135697	0.0204945
167.4	-0.015453	0.0135261	0.0205365
167.6	-0.0155502	0.0134939	0.0205887
167.8	-0.0156491	0.0134735	0.0206501
168	-0.0157481	0.0134647	0.0207196
168.2	-0.0158462	0.0134674	0.020796
168.4	-0.015942	0.0134814	0.0208781
168.6	-0.0160344	0.0135061	0.0209647
168.8	-0.0161225	0.0135408	0.0210544
169	-0.0162052	0.013585	0.0211462
169.2	-0.0162818	0.0136378	0.0212388
169.4	-0.0163516	0.0136983	0.0213311
169.6	-0.0164139	0.0137656	0.0214222
169.8	-0.0164685	0.0138387	0.0215109
170	-0.0165148	0.0139166	0.0215966
170.2	-0.0165528	0.0139985	0.0216784
170.4	-0.0165822	0.0140832	0.0217556
170.6	-0.0166031	0.0141698	0.0218276
170.8	-0.0166155	0.0142574	0.021894
171	-0.0166195	0.0143452	0.0219543
171.2	-0.0166155	0.0144322	0.0220082
171.4	-0.0166035	0.0145176	0.0220553
171.6	-0.0165841	0.0146006	0.0220955
171.8	-0.0165575	0.0146806	0.0221285
172	-0.0165242	0.0147568	0.0221543
172.2	-0.0164846	0.0148286	0.0221727
172.4	-0.0164392	0.0148954	0.0221838
172.6	-0.0163887	0.0149566	0.0221876
172.8	-0.0163334	0.0150117	0.022184
173	-0.016274	0.0150603	0.0221733
173.2	-0.0162112	0.0151018	0.0221555
173.4	-0.0161455	0.0151361	0.0221309
173.6	-0.0160777	0.0151626	0.0220997
173.8	-0.0160085	0.0151812	0.0220623
174	-0.0159386	0.0151918	0.0220189
174.2	-0.0158688	0.0151941	0.02197
174.4	-0.0157998	0.0151882	0.021916
174.6	-0.0157324	0.015174	0.0218577
174.8	-0.0156674	0.0151518	0.0217955
175	-0.0156055	0.0151217	0.0217301
175.2	-0.0155476	0.015084	0.0216623
175.4	-0.0154944	0.0150393	0.021593
175.6	-0.0154465	0.0149879	0.0215228
175.8	-0.0154046	0.0149305	0.0214528
176	-0.0153694	0.0148678	0.0213839
176.2	-0.0153412	0.0148006	0.0213169
176.4	-0.0153205	0.0147297	0.0212528
176.6	-0.0153077	0.0146561	0.0211926
176.8	-0.0153029	0.0145807	0.0211371
177	-0.0153063	0.0145045	0.0210871
177.2	-0.0153179	0.0144286	0.0210434
177.4	-0.0153376	0.0143539	0.0210066
177.6	-0.0153651	0.0142816	0.0209774
177.8	-0.0154	0.0142126	0.0209561
178	-0.015442	0.0141479	0.0209432
178.2	-0.0154903	0.0140883	0.0209387
178.4	-0.0155445	0.0140346	0.0209428
178.6	-0.0156036	0.0139875	0.0209553
178.8	-0.015667	0.0139477	0.020976
179	-0.0157337	0.0139155	0.0210045
179.2	-0.0158028	0.0138914	0.0210404
179.4	-0.0158734	0.0138756	0.0210831
179.6	-0.0159445	0.0138682	0.0211319
179.8	-0.0160153	0.0138691	0.0211859
180	-0.0160848	0.0138782	0.0212444
180.2	-0.0161522	0.0138951	0.0213066
180.4	-0.0162167	0.0139196	0.0213714
180.6	-0.0162775	0.0139512	0.0214381
180.8	-0.0163339	0.0139893	0.0215058
181	-0.0163855	0.0140332	0.0215735
181.2	-0.0164317	0.0140823	0.0216406
181.4	-0.0164722	0.014136	0.0217062
181.6	-0.0165066	0.0141933	0.0217696
181.8	-0.0165347	0.0142536	0.0218303
182	-0.0165565	0.014316	0.0218876
182.2	-0.0165718	0.0143799	0.021941
182.4	-0.0165808	0.0144445	0.0219901
182.6	-0.0165834	0.014509	0.0220346
182.8	-0.01658	0.0145728	0.0220741
183	-0.0165707	0.0146353	0.0221084
183.2	-0.0165559	0.0146957	0.0221373
183.4	-0.0165358	0.0147535	0.0221608
183.6	-0.0165109	0.0148083	0.0221787
183.8	-0.0164815	0.0148595	0.0221911
184	-0.0164481	0.0149068	0.022198
184.2	-0.0164111	0.0149497	0.0221994
184.4	-0.0163709	0.0149879	0.0221956
184.6	-0.0163281	0.0150211	0.0221865
184.8	-0.0162832	0.015049	0.0221724
185	-0.0162366	0.0150716	0.0221536
185.2	-0.0161889	0.0150886	0.0221303
185.4	-0.0161406	0.0151	0.0221027
185.6	-0.0160922	0.0151056	0.0220712
185.8	-0.0160441	0.0151055	0.0220361
186	-0.0159971	0.0150997	0.0219979
186.2	-0.0159514	0.0150884	0.0219569
186.4	-0.0159077	0.0150716	0.0219136
186.6	-0.0158664	0.0150495	0.0218685
186.8	-0.0158281	0.0150225	0.0218221
187	-0.0157931	0.0149909	0.0217749
187.2	-0.0157618	0.0149549	0.0217275
187.4	-0.0157348	0.014915	0.0216804
187.6	-0.0157123	0.0148717	0.0216343
187.8	-0.0156946	0.0148255	0.0215898
188	-0.015682	0.014777	0.0215473
188.2	-0.0156747	0.0147268	0.0215076
188.4	-0.0156728	0.0146754	0.0214711
188.6	-0.0156764	0.0146237	0.0214383
188.8	-0.0156855	0.0145721	0.0214098
189	-0.0157	0.0145214	0.021386
189.2	-0.0157197	0.0144723	0.0213672
189.4	-0.0157445	0.0144254	0.0213537
189.6	-0.015774	0.0143814	0.0213458
189.8	-0.0158078	0.0143408	0.0213435
190	-0.0158456	0.0143042	0.021347
190.2	-0.0158869	0.0142721	0.0213562
190.4	-0.0159311	0.0142448	0.0213709
190.6	-0.0159777	0.0142228	0.021391
190.8	-0.016026	0.0142063	0.0214162
191	-0.0160755	0.0141955	0.0214461
191.2	-0.0161254	0.0141905	0.0214802
191.4	-0.0161752	0.0141913	0.0215181
191.6	-0.0162243	0.0141978	0.0215593
191.8	-0.016272	0.0142098	0.0216031
192	-0.0163177	0.0142272	0.0216491
192.2	-0.016361	0.0142497	0.0216964
192.4	-0.0164013	0.0142768	0.0217446
192.6	-0.0164382	0.0143082	0.0217931
192.8	-0.0164714	0.0143433	0.0218412
193	-0.0165005	0.0143818	0.0218884
193.2	-0.0165253	0.0144229	0.0219341
193.4	-0.0165456	0.0144663	0.021978
193.6	-0.0165614	0.0145112	0.0220194
193.8	-0.0165725	0.0145572	0.0220581
194	-0.016579	0.0146037	0.0220937
194.2	-0.0165809	0.0146502	0.0221259
194.4	-0.0165784	0.0146961	0.0221544
194.6	-0.0165717	0.0147409	0.0221792
194.8	-0.016561	0.0147842	0.0221999
195	-0.0165464	0.0148255	0.0222167
195.2	-0.0165284	0.0148645	0.0222293
195.4	-0.0165072	0.0149007	0.0222378
195.6	-0.0164832	0.014934	0.0222423
195.8	-0.0164567	0.0149639	0.0222427
196	-0.016428	0.0149903	0.0222394
196.2	-0.0163976	0.0150131	0.0222323
196.4	-0.0163658	0.0150319	0.0222216
196.6	-0.0163331	0.0150469	0.0222076
196.8	-0.0162997	0.0150577	0.0221905
197	-0.0162662	0.0150645	0.0221704
197.2	-0.0162327	0.0150673	0.0221478
197.4	-0.0161998	0.015066	0.0221228
197.6	-0.0161678	0.0150608	0.0220958
197.8	-0.016137	0.0150517	0.0220671
198	-0.0161078	0.0150389	0.022037
198.2	-0.0160805	0.0150227	0.022006
198.4	-0.0160553	0.0150031	0.0219742
198.6	-0.0160327	0.0149804	0.0219422
198.8	-0.0160127	0.014955	0.0219103
199	-0.0159957	0.0149271	0.0218788
199.2	-0.0159819	0.0148971	0.0218482
199.4	-0.0159715	0.0148652	0.0218189
199.6	-0.0159645	0.014832	0.0217911
199.8	-0.0159611	0.0147978	0.0217654
200	-0.0159614	0.014763	0.0217419
200.2	-0.0159654	0.014728	0.0217211
200.4	-0.015973	0.0146933	0.0217032
200.6	-0.0159842	0.0146594	0.0216885
200.8	-0.0159989	0.0146266	0.0216772
201	-0.0160169	0.0145954	0.0216695
201.2	-0.0160381	0.0145662	0.0216655
201.4	-0.0160621	0.0145393	0.0216652
201.6	-0.0160887	0.0145152	0.0216688
201.8	-0.0161176	0.0144941	0.0216762
202	-0.0161484	0.0144764	0.0216873
202.2	-0.0161809	0.0144621	0.0217019
202.4	-0.0162144	0.0144517	0.02172
202.6	-0.0162487	0.014445	0.0217412
202.8	-0.0162834	0.0144423	0.0217653
203	-0.0163179	0.0144435	0.021792
203.2	-0.0163519	0.0144487	0.0218208
203.4	-0.016385	0.0144576	0.0218516
203.6	-0.0164168	0.0144702	0.0218838
203.8	-0.0164469	0.0144863	0.021917
204	-0.016475	0.0145057	0.0219509
204.2	-0.0165008	0.0145279	0.0219849
204.4	-0.016524	0.0145528	0.0220188
204.6	-0.0165444	0.01458	0.0220521
204.8	-0.0165618	0.0146091	0.0220844
205	-0.0165762	0.0146398	0.0221154
205.2	-0.0165873	0.0146716	0.0221448
205.4	-0.0165952	0.0147041	0.0221723
205.6	-0.0165998	0.014737	0.0221976
205.8	-0.0166012	0.0147699	0.0222205
206	-0.0165995	0.0148023	0.0222408
206.2	-0.0165948	0.0148339	0.0222583
206.4	-0.0165873	0.0148644	0.0222731
206.6	-0.0165771	0.0148935	0.0222849
206.8	-0.0165644	0.0149209	0.0222938
207	-0.0165495	0.0149463	0.0222997
207.2	-0.0165326	0.0149695	0.0223028
207.4	-0.016514	0.0149902	0.0223029
207.6	-0.016494	0.0150085	0.0223003
207.8	-0.0164728	0.015024	0.0222951
208	-0.0164507	0.0150367	0.0222874
208.2	-0.0164279	0.0150466	0.0222773
208.4	-0.0164049	0.0150536	0.022265
208.6	-0.0163818	0.0150577	0.0222508
208.8	-0.016359	0.0150589	0.0222348
209	-0.0163366	0.0150572	0.0222173
209.2	-0.016315	0.0150529	0.0221984
209.4	-0.0162944	0.0150459	0.0221785
209.6	-0.016275	0.0150363	0.0221578
209.8	-0.0162571	0.0150244	0.0221365
210	-0.0162408	0.0150103	0.022115
210.2	-0.0162263	0.0149942	0.0220934
210.4	-0.0162137	0.0149763	0.022072
210.6	-0.0162033	0.0149568	0.0220511
210.8	-0.0161951	0.0149359	0.022031
211	-0.0161893	0.014914	0.0220118
211.2	-0.0161859	0.0148913	0.0219939
211.4	-0.0161849	0.014868	0.0219775
211.6	-0.0161864	0.0148445	0.0219627
211.8	-0.0161904	0.014821	0.0219498
212	-0.0161969	0.0147979	0.0219389
212.2	-0.0162057	0.0147753	0.0219302
212.4	-0.0162168	0.0147537	0.0219239
212.6	-0.0162301	0.0147332	0.0219199
212.8	-0.0162454	0.0147142	0.0219185
213	-0.0162626	0.0146968	0.0219196
213.2	-0.0162815	0.0146813	0.0219232
213.4	-0.0163019	0.0146678	0.0219294
213.6	-0.0163234	0.0146567	0.021938
213.8	-0.016346	0.014648	0.0219489
214	-0.0163693	0.0146417	0.0219621
214.2	-0.016393	0.0146381	0.0219774
214.4	-0.0164169	0.0146371	0.0219945
214.6	-0.0164406	0.0146388	0.0220134
214.8	-0.016464	0.0146431	0.0220337
215	-0.0164868	0.0146499	0.0220552
215.2	-0.0165086	0.0146592	0.0220777
215.4	-0.0165293	0.0146709	0.0221009
215.6	-0.0165485	0.0146847	0.0221245
215.8	-0.0165663	0.0147005	0.0221483
216	-0.0165822	0.0147181	0.0221719
216.2	-0.0165962	0.0147372	0.0221951
216.4	-0.0166082	0.0147577	0.0222176
216.6	-0.0166181	0.0147792	0.0222393
216.8	-0.0166258	0.0148014	0.0222598
217	-0.0166313	0.0148241	0.022279
217.2	-0.0166345	0.0148471	0.0222967
217.4	-0.0166355	0.01487	0.0223127
217.6	-0.0166344	0.0148926	0.0223269
217.8	-0.0166312	0.0149146	0.0223392
218	-0.016626	0.0149359	0.0223496
218.2	-0.016619	0.0149561	0.0223579
218.4	-0.0166103	0.0149751	0.0223641
218.6	-0.0166	0.0149926	0.0223683
218.8	-0.0165884	0.0150087	0.0223704
219	-0.0165756	0.0150229	0.0223705
219.2	-0.0165618	0.0150354	0.0223687
219.4	-0.0165473	0.015046	0.022365
219.6	-0.0165322	0.0150545	0.0223596
219.8	-0.0165167	0.0150611	0.0223526
220	-0.016501	0.0150656	0.022344
220.2	-0.0164854	0.0150681	0.0223341
220.4	-0.01647	0.0150685	0.0223231
220.6	-0.016455	0.015067	0.022311
220.8	-0.0164405	0.0150636	0.0222981
221	-0.0164269	0.0150584	0.0222845
221.2	-0.0164142	0.0150514	0.0222704
221.4	-0.0164025	0.0150429	0.022256
221.6	-0.0163921	0.0150328	0.0222415
221.8	-0.0163829	0.0150215	0.0222271
222	-0.0163752	0.015009	0.022213
222.2	-0.016369	0.0149954	0.0221992
222.4	-0.0163643	0.0149811	0.0221861
222.6	-0.0163613	0.0149661	0.0221738
222.8	-0.0163599	0.0149506	0.0221623
223	-0.0163603	0.0149349	0.022152
223.2	-0.0163623	0.0149191	0.0221428
223.4	-0.016366	0.0149034	0.022135
223.6	-0.0163714	0.0148881	0.0221286
223.8	-0.0163783	0.0148732	0.0221238
224	-0.0163867	0.0148591	0.0221205
224.2	-0.0163966	0.0148458	0.0221189
224.4	-0.0164078	0.0148335	0.0221189
224.6	-0.0164202	0.0148224	0.0221207
224.8	-0.0164336	0.0148127	0.0221242
225	-0.016448	0.0148043	0.0221293
225.2	-0.0164631	0.0147976	0.022136
225.4	-0.0164788	0.0147925	0.0221443
225.6	-0.016495	0.014789	0.022154
225.8	-0.0165114	0.0147874	0.0221651
226	-0.0165278	0.0147875	0.0221774
226.2	-0.0165441	0.0147893	0.0221908
226.4	-0.0165602	0.014793	0.0222052
226.6	-0.0165757	0.0147983	0.0222203
226.8	-0.0165906	0.0148052	0.0222361
227	-0.0166047	0.0148137	0.0222522
227.2	-0.0166178	0.0148237	0.0222686
227.4	-0.0166298	0.0148349	0.0222851
227.6	-0.0166407	0.0148474	0.0223015
227.8	-0.0166502	0.0148608	0.0223176
228	-0.0166584	0.0148751	0.0223332
228.2	-0.0166651	0.0148901	0.0223481
228.4	-0.0166703	0.0149055	0.0223624
228.6	-0.0166741	0.0149213	0.0223756
228.8	-0.0166763	0.0149372	0.0223879
229	-0.016677	0.014953	0.022399
229.2	-0.0166762	0.0149686	0.0224089
229.4	-0.0166741	0.0149838	0.0224174
229.6	-0.0166706	0.0149985	0.0224246
229.8	-0.0166659	0.0150124	0.0224304
230	-0.01666	0.0150254	0.0224347
230.2	-0.016653	0.0150375	0.0224377
230.4	-0.0166452	0.0150484	0.0224392
230.6	-0.0166365	0.0150582	0.0224393
230.8	-0.0166273	0.0150666	0.0224381
231	-0.0166175	0.0150738	0.0224357
231.2	-0.0166073	0.0150795	0.022432
231.4	-0.0165969	0.0150839	0.0224272
231.6	-0.0165864	0.0150868	0.0224214
231.8	-0.016576	0.0150883	0.0224147
232	-0.0165657	0.0150884	0.0224072
232.2	-0.0165558	0.0150872	0.0223991
232.4	-0.0165464	0.0150847	0.0223904
232.6	-0.0165375	0.0150809	0.0223813
232.8	-0.0165292	0.015076	0.0223719
233	-0.0165218	0.0150699	0.0223623
233.2	-0.0165152	0.0150629	0.0223527
233.4	-0.0165095	0.0150551	0.0223432
233.6	-0.0165049	0.0150464	0.022334
233.8	-0.0165013	0.0150372	0.0223251
234	-0.0164988	0.0150274	0.0223166
234.2	-0.0164975	0.0150172	0.0223088
234.4	-0.0164973	0.0150068	0.0223016
234.6	-0.0164982	0.0149962	0.0222952
234.8	-0.0165003	0.0149857	0.0222897
235	-0.0165035	0.0149753	0.0222851
235.2	-0.0165079	0.0149652	0.0222816
235.4	-0.0165132	0.0149555	0.022279
235.6	-0.0165196	0.0149464	0.0222776
235.8	-0.0165269	0.0149378	0.0222773
236	-0.0165351	0.01493	0.0222781
236.2	-0.016544	0.0149231	0.0222801
236.4	-0.0165536	0.014917	0.0222832
236.6	-0.0165638	0.014912	0.0222874
236.8	-0.0165744	0.0149081	0.0222926
237	-0.0165854	0.0149052	0.0222989
237.2	-0.0165966	0.0149035	0.0223061
237.4	-0.016608	0.014903	0.0223142
237.6	-0.0166193	0.0149037	0.0223231
237.8	-0.0166305	0.0149056	0.0223327
238	-0.0166415	0.0149086	0.0223429
238.2	-0.0166521	0.0149127	0.0223536
238.4	-0.0166622	0.0149179	0.0223646
238.6	-0.0166718	0.0149242	0.0223759
238.8	-0.0166807	0.0149314	0.0223873
239	-0.0166889	0.0149394	0.0223988
239.2	-0.0166962	0.0149482	0.0224101
239.4	-0.0167027	0.0149576	0.0224212
239.6	-0.0167082	0.0149676	0.022432
239.8	-0.0167128	0.014978	0.0224423
240	-0.0167163	0.0149888	0.0224521
240.2	-0.0167188	0.0149997	0.0224613
240.4	-0.0167203	0.0150106	0.0224697
240.6	-0.0167208	0.0150215	0.0224774
240.8	-0.0167204	0.0150322	0.0224842
241	-0.0167189	0.0150427	0.0224901
241.2	-0.0167166	0.0150527	0.0224951
241.4	-0.0167135	0.0150622	0.0224991
241.6	-0.0167096	0.0150711	0.0225021
241.8	-0.0167049	0.0150793	0.0225042
242	-0.0166997	0.0150867	0.0225053
242.2	-0.016694	0.0150933	0.0225055
242.4	-0.0166878	0.0150991	0.0225048
242.6	-0.0166813	0.0151039	0.0225032
242.8	-0.0166746	0.0151077	0.0225008
243	-0.0166677	0.0151106	0.0224977
243.2	-0.0166608	0.0151125	0.0224938
243.4	-0.016654	0.0151135	0.0224894
243.6	-0.0166473	0.0151135	0.0224845
243.8	-0.0166409	0.0151126	0.0224791
244	-0.0166348	0.0151107	0.0224733
244.2	-0.0166291	0.0151081	0.0224673
244.4	-0.0166239	0.0151047	0.0224612
244.6	-0.0166192	0.0151005	0.0224549
244.8	-0.0166151	0.0150957	0.0224487
245	-0.0166117	0.0150903	0.0224426
245.2	-0.0166091	0.0150845	0.0224366
245.4	-0.0166071	0.0150782	0.022431
245.6	-0.0166059	0.0150716	0.0224256
245.8	-0.0166055	0.0150648	0.0224208
246	-0.0166059	0.0150578	0.0224164
246.2	-0.016607	0.0150509	0.0224125
246.4	-0.016609	0.0150439	0.0224093
246.6	-0.0166117	0.0150371	0.0224068
246.8	-0.0166151	0.0150305	0.0224049
247	-0.0166193	0.0150243	0.0224038
247.2	-0.016624	0.0150184	0.0224034
247.4	-0.0166294	0.015013	0.0224037
247.6	-0.0166354	0.0150081	0.0224049
247.8	-0.0166418	0.0150038	0.0224068
248	-0.0166487	0.0150002	0.0224095
248.2	-0.0166559	0.0149972	0.0224128
248.4	-0.0166634	0.014995	0.0224169
248.6	-0.0166711	0.0149936	0.0224217
248.8	-0.0166789	0.0149929	0.0224271
249	-0.0166868	0.014993	0.022433
249.2	-0.0166946	0.0149939	0.0224394
249.4	-0.0167023	0.0149957	0.0224463
249.6	-0.0167098	0.0149981	0.0224536
249.8	-0.0167171	0.0150013	0.0224611
