# Time	U	V	U_magnitude
0	-8.64373e-10	1.0175e-09	1.33509e-09
0.2	-0.0164214	2.49436e-05	0.0164214
0.4	-0.011843	0.000825262	0.0118717
0.6	-0.019142	0.000585584	0.0191509
0.8	-0.0186319	0.00175633	0.0187145
1	-0.0217739	0.00193306	0.0218595
1.2	-0.0225817	0.0032114	0.0228089
1.4	-0.0242411	0.00365377	0.0245149
1.6	-0.0254992	0.00508136	0.0260005
1.8	-0.0267694	0.00589019	0.0274097
2	-0.0282494	0.00747628	0.0292219
2.2	-0.0295912	0.00870628	0.0308454
2.4	-0.0312516	0.010505	0.0329699
2.6	-0.0328248	0.0121556	0.0350032
2.8	-0.0346807	0.0142161	0.0374813
3	-0.0365297	0.0162741	0.0399908
3.2	-0.0386043	0.0186406	0.0428691
3.4	-0.0407337	0.0211001	0.0458743
3.6	-0.0430439	0.0238149	0.0491927
3.8	-0.0454454	0.0266847	0.0527007
4	-0.0479976	0.0297902	0.0564909
4.2	-0.0506573	0.0330931	0.0605088
4.4	-0.0534472	0.0366328	0.0647963
4.6	-0.0563472	0.0404012	0.0693344
4.8	-0.0593615	0.0444188	0.0741406
5	-0.0624805	0.0486918	0.0792131
5.2	-0.0657028	0.0532372	0.0845639
5.4	-0.0690285	0.0580809	0.0902127
5.6	-0.0724671	0.0632741	0.0962034
5.8	-0.0760407	0.0689151	0.102623
6	-0.0797774	0.0751591	0.109605
6.2	-0.083697	0.0822111	0.117319
6.4	-0.0877785	0.0902684	0.12591
6.6	-0.0919363	0.099441	0.135428
6.8	-0.0960105	0.109669	0.145758
7	-0.09979	0.120697	0.156607
7.2	-0.103052	0.132101	0.167542
7.4	-0.105606	0.143372	0.178067
7.6	-0.10732	0.153998	0.187704
7.8	-0.108133	0.163537	0.196054
8	-0.108052	0.171654	0.202831
8.2	-0.107136	0.178135	0.207871
8.4	-0.105483	0.182882	0.211122
8.6	-0.103215	0.185895	0.212627
8.8	-0.100464	0.187258	0.212506
9	-0.0973598	0.187115	0.210929
9.2	-0.0940272	0.185648	0.208102
9.4	-0.0905761	0.183065	0.204247
9.6	-0.0871005	0.179581	0.19959
9.8	-0.0836762	0.175407	0.194344
10	-0.0803619	0.170739	0.188706
10.2	-0.0771985	0.16575	0.182846
10.4	-0.074213	0.160588	0.176907
10.6	-0.0714204	0.155372	0.171001
10.8	-0.0688251	0.150195	0.165213
11	-0.0664246	0.145123	0.159602
11.2	-0.0642119	0.140201	0.154206
11.4	-0.0621771	0.135455	0.149044
11.6	-0.0603089	0.130898	0.144123
11.8	-0.0585953	0.126532	0.139441
12	-0.0570246	0.122354	0.13499
12.2	-0.0555864	0.118353	0.130756
12.4	-0.0542712	0.114519	0.126728
12.6	-0.053071	0.11084	0.12289
12.8	-0.0519782	0.107305	0.119232
13	-0.050986	0.103905	0.11574
13.2	-0.0500888	0.100631	0.112408
13.4	-0.0492811	0.0974756	0.109225
13.6	-0.0485576	0.0944327	0.106186
13.8	-0.0479133	0.0914984	0.103284
14	-0.0473441	0.0886692	0.100517
14.2	-0.0468452	0.0859417	0.0978798
14.4	-0.0464118	0.0833142	0.0953693
14.6	-0.0460393	0.080786	0.0929838
14.8	-0.0457239	0.0783558	0.0907211
15	-0.0454612	0.0760218	0.0885779
15.2	-0.0452461	0.0737833	0.0865517
15.4	-0.0450737	0.0716401	0.0846401
15.6	-0.0449396	0.0695918	0.0828407
15.8	-0.0448402	0.0676371	0.0811506
16	-0.0447713	0.0657738	0.0795654
16.2	-0.0447277	0.0640007	0.0780811
16.4	-0.0447047	0.0623169	0.0766936
16.6	-0.044698	0.060721	0.0753986
16.8	-0.0447036	0.0592113	0.0741916
17	-0.0447183	0.0577856	0.0730678
17.2	-0.0447392	0.0564411	0.0720221
17.4	-0.0447629	0.0551745	0.0710488
17.6	-0.044785	0.0539832	0.0701419
17.8	-0.0448018	0.0528647	0.0692956
18	-0.0448102	0.0518161	0.0685045
18.2	-0.0448078	0.0508341	0.0677632
18.4	-0.0447923	0.0499154	0.0670663
18.6	-0.0447614	0.0490563	0.0664086
18.8	-0.0447135	0.0482534	0.0657851
19	-0.0446468	0.0475028	0.0651909
19.2	-0.0445602	0.046801	0.0646216
19.4	-0.0444529	0.0461442	0.064073
19.6	-0.0443241	0.0455286	0.0635411
19.8	-0.0441733	0.0449502	0.0630223
20	-0.0440002	0.0444052	0.0625127
20.2	-0.0438044	0.0438898	0.0620092
20.4	-0.0435862	0.0434003	0.0615089
20.6	-0.0433459	0.0429331	0.0610091
20.8	-0.0430844	0.0424845	0.0605079
21	-0.0428029	0.0420513	0.0600033
21.2	-0.0425026	0.0416303	0.0594941
21.4	-0.0421852	0.0412183	0.0589791
21.6	-0.0418525	0.0408125	0.0584576
21.8	-0.0415065	0.0404102	0.0579291
22	-0.0411495	0.0400092	0.0573936
22.2	-0.0407838	0.0396073	0.0568512
22.4	-0.0404118	0.0392026	0.0563024
22.6	-0.040036	0.0387937	0.0557479
22.8	-0.0396591	0.0383792	0.0551888
23	-0.0392836	0.0379583	0.0546263
23.2	-0.0389122	0.0375304	0.0540619
23.4	-0.0385474	0.0370953	0.0534973
23.6	-0.0381917	0.0366529	0.0529343
23.8	-0.0378475	0.0362036	0.0523749
24	-0.0375169	0.0357481	0.0518213
24.2	-0.037202	0.0352874	0.0512756
24.4	-0.0369046	0.0348225	0.0507401
24.6	-0.0366265	0.034355	0.0502171
24.8	-0.0363689	0.0338864	0.049709
25	-0.036133	0.0334186	0.0492178
25.2	-0.0359197	0.0329535	0.0487459
25.4	-0.0357298	0.0324931	0.0482951
25.6	-0.0355634	0.0320393	0.0478672
25.8	-0.0354205	0.031594	0.0474636
26	-0.0353003	0.0311593	0.0470852
26.2	-0.035202	0.0307372	0.0467328
26.4	-0.0351244	0.0303297	0.046407
26.6	-0.0350663	0.0299386	0.0461082
26.8	-0.0350264	0.0295659	0.0458365
27	-0.0350029	0.0292129	0.0455916
27.2	-0.0349943	0.028881	0.045373
27.4	-0.0349984	0.0285714	0.0451798
27.6	-0.0350135	0.0282849	0.0450109
27.8	-0.0350372	0.0280222	0.0448648
28	-0.0350675	0.0277835	0.0447398
28.2	-0.0351021	0.027569	0.0446342
28.4	-0.035139	0.0273785	0.0445458
28.6	-0.0351759	0.0272115	0.0444726
28.8	-0.0352108	0.0270675	0.0444123
29	-0.0352418	0.0269453	0.0443625
29.2	-0.0352672	0.0268439	0.0443212
29.4	-0.0352852	0.0267618	0.0442859
29.6	-0.0352944	0.0266976	0.0442545
29.8	-0.0352937	0.0266495	0.0442249
30	-0.035282	0.0266156	0.0441951
30.2	-0.0352585	0.026594	0.0441633
30.4	-0.0352227	0.0265827	0.0441279
30.6	-0.0351742	0.0265796	0.0440874
30.8	-0.0351132	0.0265827	0.0440406
31	-0.0350396	0.0265898	0.0439862
31.2	-0.0349539	0.0265991	0.0439236
31.4	-0.0348567	0.0266085	0.0438521
31.6	-0.0347488	0.0266163	0.0437711
31.8	-0.0346313	0.0266208	0.0436806
32	-0.0345051	0.0266205	0.0435804
32.2	-0.0343717	0.026614	0.0434709
32.4	-0.0342323	0.0266002	0.0433523
32.6	-0.0340885	0.0265781	0.0432252
32.8	-0.0339417	0.026547	0.0430903
33	-0.0337934	0.0265063	0.0429485
33.2	-0.0336452	0.0264557	0.0428007
33.4	-0.0334986	0.0263951	0.0426481
33.6	-0.0333551	0.0263246	0.0424917
33.8	-0.033216	0.0262445	0.0423329
34	-0.0330826	0.0261553	0.0421729
34.2	-0.0329561	0.0260576	0.0420131
34.4	-0.0328376	0.0259522	0.0418548
34.6	-0.032728	0.02584	0.0416993
34.8	-0.032628	0.0257222	0.0415478
35	-0.0325383	0.0255998	0.0414016
35.2	-0.0324593	0.0254741	0.0412618
35.4	-0.0323912	0.0253464	0.0411294
35.6	-0.0323341	0.0252178	0.0410053
35.8	-0.0322881	0.0250898	0.0408903
36	-0.0322528	0.0249636	0.0407851
36.2	-0.0322279	0.0248404	0.0406901
36.4	-0.0322129	0.0247215	0.0406057
36.6	-0.0322071	0.0246078	0.0405319
36.8	-0.0322097	0.0245004	0.0404689
37	-0.0322199	0.0244002	0.0404165
37.2	-0.0322368	0.0243079	0.0403743
37.4	-0.0322593	0.0242241	0.0403419
37.6	-0.0322864	0.0241493	0.0403187
37.8	-0.0323169	0.0240839	0.0403041
38	-0.0323499	0.024028	0.0402971
38.2	-0.0323841	0.0239816	0.040297
38.4	-0.0324186	0.0239446	0.0403028
38.6	-0.0324524	0.0239168	0.0403134
38.8	-0.0324845	0.0238977	0.0403279
39	-0.0325141	0.0238868	0.0403453
39.2	-0.0325403	0.0238834	0.0403645
39.4	-0.0325626	0.023887	0.0403846
39.6	-0.0325804	0.0238967	0.0404046
39.8	-0.0325933	0.0239115	0.0404238
40	-0.0326008	0.0239307	0.0404412
40.2	-0.0326029	0.0239532	0.0404562
40.4	-0.0325995	0.0239782	0.0404683
40.6	-0.0325906	0.0240047	0.0404768
40.8	-0.0325763	0.0240318	0.0404813
41	-0.0325568	0.0240586	0.0404817
41.2	-0.0325326	0.0240844	0.0404775
41.4	-0.0325041	0.0241083	0.0404688
41.6	-0.0324717	0.0241298	0.0404556
41.8	-0.032436	0.0241481	0.0404379
42	-0.0323976	0.0241629	0.0404159
42.2	-0.0323571	0.0241736	0.0403899
42.4	-0.0323152	0.02418	0.0403602
42.6	-0.0322726	0.0241819	0.0403272
42.8	-0.0322299	0.0241791	0.0402914
43	-0.0321878	0.0241717	0.0402532
43.2	-0.0321468	0.0241596	0.0402133
43.4	-0.0321077	0.0241432	0.0401721
43.6	-0.0320708	0.0241226	0.0401302
43.8	-0.0320368	0.024098	0.0400883
44	-0.032006	0.0240701	0.0400468
44.2	-0.0319787	0.024039	0.0400064
44.4	-0.0319554	0.0240054	0.0399675
44.6	-0.0319362	0.0239697	0.0399308
44.8	-0.0319212	0.0239325	0.0398965
45	-0.0319106	0.0238944	0.0398651
45.2	-0.0319043	0.0238559	0.039837
45.4	-0.0319024	0.0238175	0.0398125
45.6	-0.0319046	0.0237799	0.0397918
45.8	-0.0319107	0.0237435	0.039775
46	-0.0319206	0.0237088	0.0397622
46.2	-0.031934	0.0236763	0.0397535
46.4	-0.0319503	0.0236463	0.0397488
46.6	-0.0319694	0.0236192	0.0397481
46.8	-0.0319908	0.0235953	0.0397511
47	-0.032014	0.0235749	0.0397577
47.2	-0.0320386	0.023558	0.0397675
47.4	-0.0320642	0.0235448	0.0397803
47.6	-0.0320903	0.0235353	0.0397956
47.8	-0.0321164	0.0235294	0.0398133
48	-0.0321422	0.0235272	0.0398328
48.2	-0.0321673	0.0235283	0.0398537
48.4	-0.0321913	0.0235327	0.0398756
48.6	-0.0322138	0.0235401	0.0398982
48.8	-0.0322347	0.0235502	0.039921
49	-0.0322537	0.0235627	0.0399437
49.2	-0.0322705	0.0235772	0.0399659
49.4	-0.0322851	0.0235934	0.0399872
49.6	-0.0322974	0.0236108	0.0400074
49.8	-0.0323073	0.0236292	0.0400262
50	-0.0323148	0.023648	0.0400434
50.2	-0.03232	0.0236671	0.0400589
50.4	-0.032323	0.0236859	0.0400724
50.6	-0.032324	0.0237042	0.040084
50.8	-0.032323	0.0237216	0.0400935
51	-0.0323203	0.0237379	0.040101
51.2	-0.0323161	0.0237528	0.0401065
51.4	-0.0323107	0.0237662	0.04011
51.6	-0.0323043	0.0237778	0.0401117
51.8	-0.0322972	0.0237876	0.0401118
52	-0.0322896	0.0237954	0.0401103
52.2	-0.0322818	0.0238012	0.0401075
52.4	-0.0322741	0.023805	0.0401036
52.6	-0.0322668	0.0238069	0.0400988
52.8	-0.03226	0.0238068	0.0400933
53	-0.032254	0.023805	0.0400874
53.2	-0.032249	0.0238015	0.0400812
53.4	-0.0322451	0.0237964	0.0400752
53.6	-0.0322426	0.0237901	0.0400693
53.8	-0.0322414	0.0237826	0.040064
54	-0.0322418	0.0237742	0.0400593
54.2	-0.0322437	0.0237651	0.0400554
54.4	-0.0322472	0.0237556	0.0400526
54.6	-0.0322523	0.0237458	0.0400509
54.8	-0.032259	0.0237359	0.0400505
55	-0.0322673	0.0237263	0.0400514
55.2	-0.0322769	0.0237171	0.0400537
55.4	-0.0322879	0.0237085	0.0400575
55.6	-0.0323002	0.0237006	0.0400627
55.8	-0.0323135	0.0236937	0.0400694
56	-0.0323278	0.0236879	0.0400775
56.2	-0.0323428	0.0236832	0.0400868
56.4	-0.0323585	0.0236799	0.0400975
56.6	-0.0323746	0.0236778	0.0401093
56.8	-0.032391	0.0236771	0.0401221
57	-0.0324074	0.0236778	0.0401358
57.2	-0.0324238	0.0236799	0.0401502
57.4	-0.03244	0.0236832	0.0401653
57.6	-0.0324557	0.0236879	0.0401807
57.8	-0.032471	0.0236937	0.0401965
58	-0.0324856	0.0237007	0.0402124
58.2	-0.0324994	0.0237086	0.0402282
58.4	-0.0325124	0.0237174	0.0402439
58.6	-0.0325246	0.0237269	0.0402593
58.8	-0.0325357	0.0237369	0.0402742
59	-0.0325459	0.0237474	0.0402886
59.2	-0.032555	0.0237582	0.0403024
59.4	-0.0325632	0.0237691	0.0403154
59.6	-0.0325704	0.0237799	0.0403276
59.8	-0.0325767	0.0237907	0.040339
60	-0.0325821	0.0238011	0.0403496
60.2	-0.0325867	0.0238112	0.0403592
60.4	-0.0325906	0.0238207	0.040368
60.6	-0.0325939	0.0238297	0.0403759
60.8	-0.0325966	0.0238379	0.040383
61	-0.0325988	0.0238455	0.0403892
61.2	-0.0326008	0.0238522	0.0403948
61.4	-0.0326025	0.0238582	0.0403997
61.6	-0.032604	0.0238633	0.040404
61.8	-0.0326056	0.0238676	0.0404078
62	-0.0326072	0.0238711	0.0404112
62.2	-0.032609	0.0238739	0.0404142
62.4	-0.032611	0.0238758	0.040417
62.6	-0.0326134	0.0238771	0.0404197
62.8	-0.0326162	0.0238778	0.0404224
63	-0.0326194	0.023878	0.040425
63.2	-0.0326231	0.0238776	0.0404278
63.4	-0.0326273	0.0238769	0.0404308
63.6	-0.0326321	0.0238759	0.0404341
63.8	-0.0326375	0.0238747	0.0404377
64	-0.0326434	0.0238734	0.0404417
64.2	-0.0326498	0.023872	0.0404461
64.4	-0.0326568	0.0238707	0.040451
64.6	-0.0326643	0.0238696	0.0404563
64.8	-0.0326722	0.0238686	0.0404621
65	-0.0326806	0.0238679	0.0404685
65.2	-0.0326893	0.0238675	0.0404753
65.4	-0.0326983	0.0238676	0.0404826
65.6	-0.0327076	0.023868	0.0404903
65.8	-0.032717	0.023869	0.0404985
66	-0.0327265	0.0238704	0.040507
66.2	-0.0327361	0.0238723	0.0405159
66.4	-0.0327457	0.0238747	0.040525
66.6	-0.0327551	0.0238776	0.0405344
66.8	-0.0327645	0.0238809	0.0405439
67	-0.0327736	0.0238847	0.0405535
67.2	-0.0327825	0.023889	0.0405632
67.4	-0.0327911	0.0238936	0.0405729
67.6	-0.0327993	0.0238985	0.0405825
67.8	-0.0328072	0.0239038	0.0405919
68	-0.0328147	0.0239093	0.0406012
68.2	-0.0328218	0.0239149	0.0406103
68.4	-0.0328285	0.0239207	0.0406191
68.6	-0.0328348	0.0239266	0.0406276
68.8	-0.0328406	0.0239325	0.0406358
69	-0.0328461	0.0239383	0.0406437
69.2	-0.0328511	0.0239441	0.0406512
69.4	-0.0328558	0.0239497	0.0406583
69.6	-0.0328602	0.0239551	0.040665
69.8	-0.0328643	0.0239604	0.0406713
70	-0.032868	0.0239653	0.0406773
70.2	-0.0328716	0.02397	0.0406829
70.4	-0.0328749	0.0239743	0.0406882
70.6	-0.0328782	0.0239784	0.0406932
70.8	-0.0328812	0.0239821	0.0406979
71	-0.0328843	0.0239855	0.0407023
71.2	-0.0328872	0.0239885	0.0407065
71.4	-0.0328902	0.0239912	0.0407105
71.6	-0.0328933	0.0239937	0.0407144
71.8	-0.0328964	0.0239958	0.0407181
72	-0.0328995	0.0239976	0.0407218
72.2	-0.0329029	0.0239992	0.0407254
72.4	-0.0329063	0.0240005	0.040729
72.6	-0.03291	0.0240017	0.0407326
72.8	-0.0329138	0.0240027	0.0407363
73	-0.0329177	0.0240036	0.04074
73.2	-0.0329219	0.0240044	0.0407439
73.4	-0.0329263	0.0240052	0.0407478
73.6	-0.0329308	0.0240059	0.0407519
73.8	-0.0329355	0.0240066	0.0407562
74	-0.0329404	0.0240074	0.0407606
74.2	-0.0329454	0.0240082	0.0407651
74.4	-0.0329505	0.0240092	0.0407698
74.6	-0.0329558	0.0240102	0.0407747
74.8	-0.0329611	0.0240114	0.0407797
75	-0.0329665	0.0240127	0.0407848
75.2	-0.032972	0.0240142	0.0407901
75.4	-0.0329774	0.0240159	0.0407955
75.6	-0.0329828	0.0240177	0.040801
75.8	-0.0329882	0.0240198	0.0408065
76	-0.0329936	0.024022	0.0408121
76.2	-0.0329988	0.0240243	0.0408178
76.4	-0.033004	0.0240268	0.0408234
76.6	-0.033009	0.0240295	0.0408291
76.8	-0.0330139	0.0240322	0.0408347
77	-0.0330187	0.0240351	0.0408402
77.2	-0.0330233	0.0240381	0.0408457
77.4	-0.0330277	0.0240412	0.0408511
77.6	-0.033032	0.0240443	0.0408563
77.8	-0.0330361	0.0240474	0.0408615
78	-0.03304	0.0240506	0.0408665
78.2	-0.0330437	0.0240537	0.0408713
78.4	-0.0330473	0.0240568	0.0408761
78.6	-0.0330506	0.0240599	0.0408806
78.8	-0.0330539	0.0240629	0.040885
79	-0.033057	0.0240658	0.0408892
79.2	-0.0330599	0.0240686	0.0408932
79.4	-0.0330628	0.0240713	0.0408971
79.6	-0.0330655	0.0240739	0.0409009
79.8	-0.0330682	0.0240763	0.0409045
80	-0.0330708	0.0240787	0.0409079
80.2	-0.0330733	0.0240809	0.0409113
80.4	-0.0330758	0.0240829	0.0409145
80.6	-0.0330783	0.0240848	0.0409176
80.8	-0.0330807	0.0240866	0.0409206
81	-0.0330832	0.0240883	0.0409236
81.2	-0.0330856	0.0240898	0.0409265
81.4	-0.0330881	0.0240912	0.0409293
81.6	-0.0330906	0.0240925	0.0409322
81.8	-0.0330932	0.0240938	0.0409349
82	-0.0330958	0.0240949	0.0409377
82.2	-0.0330985	0.024096	0.0409405
82.4	-0.0331012	0.0240971	0.0409433
82.6	-0.033104	0.0240981	0.0409462
82.8	-0.0331068	0.024099	0.040949
83	-0.0331097	0.0241	0.0409519
83.2	-0.0331126	0.0241009	0.0409548
83.4	-0.0331156	0.0241019	0.0409578
83.6	-0.0331186	0.0241029	0.0409608
83.8	-0.0331216	0.0241039	0.0409639
84	-0.0331247	0.0241049	0.040967
84.2	-0.0331278	0.024106	0.0409701
84.4	-0.0331309	0.0241072	0.0409733
84.6	-0.033134	0.0241084	0.0409765
84.8	-0.0331371	0.0241096	0.0409798
85	-0.0331402	0.0241109	0.040983
85.2	-0.0331432	0.0241123	0.0409863
85.4	-0.0331462	0.0241137	0.0409896
85.6	-0.0331492	0.0241152	0.0409928
85.8	-0.0331521	0.0241167	0.0409961
86	-0.033155	0.0241183	0.0409993
86.2	-0.0331578	0.0241199	0.0410025
86.4	-0.0331605	0.0241216	0.0410057
86.6	-0.0331632	0.0241233	0.0410089
86.8	-0.0331657	0.024125	0.0410119
87	-0.0331682	0.0241267	0.041015
87.2	-0.0331707	0.0241284	0.0410179
87.4	-0.033173	0.0241301	0.0410208
87.6	-0.0331753	0.0241318	0.0410237
87.8	-0.0331775	0.0241335	0.0410264
88	-0.0331796	0.0241351	0.0410291
88.2	-0.0331817	0.0241367	0.0410318
88.4	-0.0331837	0.0241383	0.0410343
88.6	-0.0331856	0.0241398	0.0410368
88.8	-0.0331875	0.0241413	0.0410392
89	-0.0331893	0.0241428	0.0410415
89.2	-0.0331911	0.0241442	0.0410438
89.4	-0.0331929	0.0241455	0.041046
89.6	-0.0331946	0.0241468	0.0410481
89.8	-0.0331964	0.024148	0.0410502
90	-0.033198	0.0241491	0.0410523
90.2	-0.0331997	0.0241502	0.0410543
90.4	-0.0332014	0.0241513	0.0410563
90.6	-0.0332031	0.0241523	0.0410582
90.8	-0.0332047	0.0241532	0.0410601
91	-0.0332064	0.0241542	0.041062
91.2	-0.0332081	0.024155	0.0410639
91.4	-0.0332098	0.0241559	0.0410658
91.6	-0.0332115	0.0241567	0.0410676
91.8	-0.0332132	0.0241575	0.0410695
92	-0.033215	0.0241582	0.0410713
92.2	-0.0332167	0.024159	0.0410732
92.4	-0.0332185	0.0241597	0.041075
92.6	-0.0332202	0.0241605	0.0410769
92.8	-0.033222	0.0241612	0.0410788
93	-0.0332238	0.024162	0.0410807
93.2	-0.0332256	0.0241627	0.0410826
93.4	-0.0332274	0.0241635	0.0410845
93.6	-0.0332292	0.0241643	0.0410864
93.8	-0.0332309	0.0241651	0.0410883
94	-0.0332327	0.0241659	0.0410902
94.2	-0.0332345	0.0241667	0.0410921
94.4	-0.0332362	0.0241676	0.041094
94.6	-0.033238	0.0241684	0.0410959
94.8	-0.0332397	0.0241693	0.0410978
95	-0.0332414	0.0241702	0.0410997
95.2	-0.033243	0.0241711	0.0411016
95.4	-0.0332447	0.024172	0.0411035
95.6	-0.0332463	0.024173	0.0411053
95.8	-0.0332478	0.0241739	0.0411071
96	-0.0332494	0.0241749	0.0411089
96.2	-0.0332509	0.0241758	0.0411107
96.4	-0.0332523	0.0241768	0.0411124
96.6	-0.0332538	0.0241777	0.0411142
96.8	-0.0332552	0.0241786	0.0411158
97	-0.0332565	0.0241796	0.0411175
97.2	-0.0332579	0.0241805	0.0411191
97.4	-0.0332592	0.0241814	0.0411207
97.6	-0.0332604	0.0241823	0.0411223
97.8	-0.0332617	0.0241832	0.0411238
98	-0.0332629	0.024184	0.0411253
98.2	-0.0332641	0.0241849	0.0411267
98.4	-0.0332652	0.0241857	0.0411281
98.6	-0.0332664	0.0241865	0.0411295
98.8	-0.0332675	0.0241872	0.0411309
99	-0.0332686	0.024188	0.0411322
99.2	-0.0332697	0.0241887	0.0411335
99.4	-0.0332708	0.0241894	0.0411348
99.6	-0.0332719	0.02419	0.0411361
99.8	-0.0332729	0.0241907	0.0411373
100	-0.033274	0.0241913	0.0411385
100.2	-0.033275	0.0241919	0.0411397
100.4	-0.0332761	0.0241925	0.0411409
100.6	-0.0332772	0.0241931	0.0411421
100.8	-0.0332782	0.0241936	0.0411433
101	-0.0332793	0.0241942	0.0411445
101.2	-0.0332803	0.0241947	0.0411456
101.4	-0.0332814	0.0241952	0.0411468
101.6	-0.0332824	0.0241957	0.0411479
101.8	-0.0332835	0.0241962	0.0411491
102	-0.0332845	0.0241967	0.0411502
102.2	-0.0332856	0.0241972	0.0411514
102.4	-0.0332866	0.0241977	0.0411525
102.6	-0.0332877	0.0241982	0.0411537
102.8	-0.0332887	0.0241988	0.0411548
103	-0.0332897	0.0241993	0.0411559
103.2	-0.0332908	0.0241998	0.0411571
103.4	-0.0332918	0.0242003	0.0411582
103.6	-0.0332928	0.0242008	0.0411593
103.8	-0.0332938	0.0242013	0.0411605
104	-0.0332948	0.0242018	0.0411616
104.2	-0.0332958	0.0242024	0.0411627
104.4	-0.0332968	0.0242029	0.0411638
104.6	-0.0332977	0.0242034	0.0411649
104.8	-0.0332987	0.024204	0.0411659
105	-0.0332996	0.0242045	0.041167
105.2	-0.0333005	0.0242051	0.0411681
105.4	-0.0333014	0.0242056	0.0411691
105.6	-0.0333023	0.0242061	0.0411701
105.8	-0.0333031	0.0242067	0.0411711
106	-0.033304	0.0242072	0.0411721
106.2	-0.0333048	0.0242077	0.0411731
106.4	-0.0333056	0.0242083	0.0411741
106.6	-0.0333064	0.0242088	0.041175
106.8	-0.0333072	0.0242093	0.041176
107	-0.033308	0.0242098	0.0411769
107.2	-0.0333087	0.0242103	0.0411778
107.4	-0.0333095	0.0242108	0.0411787
107.6	-0.0333102	0.0242113	0.0411795
107.8	-0.0333109	0.0242117	0.0411804
108	-0.0333116	0.0242122	0.0411812
108.2	-0.0333123	0.0242126	0.041182
108.4	-0.033313	0.024213	0.0411828
108.6	-0.0333137	0.0242135	0.0411836
108.8	-0.0333143	0.0242139	0.0411844
109	-0.033315	0.0242143	0.0411852
109.2	-0.0333157	0.0242147	0.041186
109.4	-0.0333163	0.024215	0.0411867
109.6	-0.033317	0.0242154	0.0411875
109.8	-0.0333176	0.0242158	0.0411882
110	-0.0333183	0.0242161	0.0411889
110.2	-0.0333189	0.0242165	0.0411896
110.4	-0.0333195	0.0242168	0.0411904
110.6	-0.0333202	0.0242172	0.0411911
110.8	-0.0333208	0.0242175	0.0411918
111	-0.0333214	0.0242178	0.0411925
111.2	-0.0333221	0.0242181	0.0411932
111.4	-0.0333227	0.0242185	0.0411939
111.6	-0.0333233	0.0242188	0.0411946
111.8	-0.0333239	0.0242191	0.0411952
112	-0.0333245	0.0242194	0.0411959
112.2	-0.0333251	0.0242197	0.0411966
112.4	-0.0333257	0.02422	0.0411973
112.6	-0.0333263	0.0242204	0.0411979
112.8	-0.0333269	0.0242207	0.0411986
113	-0.0333275	0.024221	0.0411993
113.2	-0.0333281	0.0242213	0.0411999
113.4	-0.0333287	0.0242216	0.0412006
113.6	-0.0333293	0.0242219	0.0412012
113.8	-0.0333298	0.0242223	0.0412019
114	-0.0333304	0.0242226	0.0412025
114.2	-0.0333309	0.0242229	0.0412031
114.4	-0.0333315	0.0242232	0.0412038
114.6	-0.033332	0.0242235	0.0412044
114.8	-0.0333325	0.0242238	0.041205
115	-0.033333	0.0242241	0.0412056
115.2	-0.0333335	0.0242244	0.0412062
115.4	-0.033334	0.0242247	0.0412067
115.6	-0.0333345	0.024225	0.0412073
115.8	-0.033335	0.0242253	0.0412079
116	-0.0333355	0.0242256	0.0412084
116.2	-0.0333359	0.0242259	0.041209
116.4	-0.0333364	0.0242262	0.0412095
116.6	-0.0333369	0.0242265	0.0412101
116.8	-0.0333373	0.0242268	0.0412106
117	-0.0333377	0.0242271	0.0412111
117.2	-0.0333382	0.0242273	0.0412116
117.4	-0.0333386	0.0242276	0.0412121
117.6	-0.033339	0.0242278	0.0412126
117.8	-0.0333394	0.0242281	0.0412131
118	-0.0333398	0.0242283	0.0412136
118.2	-0.0333403	0.0242286	0.041214
118.4	-0.0333407	0.0242288	0.0412145
118.6	-0.0333411	0.0242291	0.041215
118.8	-0.0333415	0.0242293	0.0412154
119	-0.0333418	0.0242295	0.0412159
119.2	-0.0333422	0.0242297	0.0412163
119.4	-0.0333426	0.02423	0.0412168
119.6	-0.033343	0.0242302	0.0412172
119.8	-0.0333434	0.0242304	0.0412176
120	-0.0333438	0.0242306	0.0412181
120.2	-0.0333441	0.0242308	0.0412185
120.4	-0.0333445	0.024231	0.0412189
120.6	-0.0333449	0.0242312	0.0412193
120.8	-0.0333453	0.0242314	0.0412197
121	-0.0333456	0.0242316	0.0412201
121.2	-0.033346	0.0242318	0.0412206
121.4	-0.0333464	0.024232	0.041221
121.6	-0.0333467	0.0242322	0.0412214
121.8	-0.0333471	0.0242324	0.0412218
122	-0.0333474	0.0242326	0.0412222
122.2	-0.0333478	0.0242327	0.0412226
122.4	-0.0333481	0.0242329	0.0412229
122.6	-0.0333484	0.0242331	0.0412233
122.8	-0.0333488	0.0242333	0.0412237
123	-0.0333491	0.0242335	0.0412241
123.2	-0.0333494	0.0242337	0.0412245
123.4	-0.0333498	0.0242339	0.0412248
123.6	-0.0333501	0.0242341	0.0412252
123.8	-0.0333504	0.0242342	0.0412256
124	-0.0333507	0.0242344	0.0412259
124.2	-0.033351	0.0242346	0.0412263
124.4	-0.0333513	0.0242348	0.0412266
124.6	-0.0333516	0.024235	0.041227
124.8	-0.0333519	0.0242351	0.0412273
125	-0.0333522	0.0242353	0.0412277
125.2	-0.0333525	0.0242355	0.041228
125.4	-0.0333528	0.0242357	0.0412283
125.6	-0.0333531	0.0242358	0.0412286
125.8	-0.0333533	0.024236	0.041229
126	-0.0333536	0.0242362	0.0412293
126.2	-0.0333539	0.0242363	0.0412296
126.4	-0.0333541	0.0242365	0.0412299
126.6	-0.0333544	0.0242366	0.0412302
126.8	-0.0333546	0.0242368	0.0412305
127	-0.0333549	0.0242369	0.0412308
127.2	-0.0333551	0.0242371	0.0412311
127.4	-0.0333554	0.0242372	0.0412314
127.6	-0.0333556	0.0242374	0.0412316
127.8	-0.0333559	0.0242375	0.0412319
128	-0.0333561	0.0242377	0.0412322
128.2	-0.0333564	0.0242378	0.0412325
128.4	-0.0333566	0.0242379	0.0412327
128.6	-0.0333568	0.0242381	0.041233
128.8	-0.0333571	0.0242382	0.0412333
129	-0.0333573	0.0242383	0.0412335
129.2	-0.0333575	0.0242384	0.0412338
129.4	-0.0333577	0.0242386	0.0412341
129.6	-0.033358	0.0242387	0.0412343
129.8	-0.0333582	0.0242388	0.0412346
130	-0.0333584	0.0242389	0.0412348
130.2	-0.0333586	0.0242391	0.0412351
130.4	-0.0333588	0.0242392	0.0412353
130.6	-0.0333591	0.0242393	0.0412355
130.8	-0.0333593	0.0242394	0.0412358
131	-0.0333595	0.0242395	0.041236
131.2	-0.0333597	0.0242396	0.0412363
131.4	-0.0333599	0.0242398	0.0412365
131.6	-0.0333601	0.0242399	0.0412367
131.8	-0.0333603	0.02424	0.041237
132	-0.0333605	0.0242401	0.0412372
132.2	-0.0333607	0.0242402	0.0412374
132.4	-0.0333609	0.0242403	0.0412376
132.6	-0.0333611	0.0242404	0.0412379
132.8	-0.0333613	0.0242405	0.0412381
133	-0.0333615	0.0242406	0.0412383
133.2	-0.0333616	0.0242408	0.0412385
133.4	-0.0333618	0.0242409	0.0412387
133.6	-0.033362	0.024241	0.0412389
133.8	-0.0333622	0.0242411	0.0412391
134	-0.0333624	0.0242412	0.0412393
134.2	-0.0333625	0.0242413	0.0412395
134.4	-0.0333627	0.0242414	0.0412397
134.6	-0.0333629	0.0242415	0.0412399
134.8	-0.033363	0.0242416	0.0412401
135	-0.0333632	0.0242417	0.0412403
135.2	-0.0333634	0.0242418	0.0412405
135.4	-0.0333635	0.0242419	0.0412407
135.6	-0.0333637	0.024242	0.0412409
135.8	-0.0333639	0.0242421	0.0412411
136	-0.033364	0.0242422	0.0412412
136.2	-0.0333642	0.0242422	0.0412414
136.4	-0.0333643	0.0242423	0.0412416
136.6	-0.0333645	0.0242424	0.0412418
136.8	-0.0333646	0.0242425	0.0412419
137	-0.0333648	0.0242426	0.0412421
137.2	-0.0333649	0.0242427	0.0412423
137.4	-0.033365	0.0242428	0.0412424
137.6	-0.0333652	0.0242428	0.0412426
137.8	-0.0333653	0.0242429	0.0412427
138	-0.0333655	0.024243	0.0412429
138.2	-0.0333656	0.0242431	0.0412431
138.4	-0.0333657	0.0242432	0.0412432
138.6	-0.0333659	0.0242432	0.0412434
138.8	-0.033366	0.0242433	0.0412435
139	-0.0333661	0.0242434	0.0412437
139.2	-0.0333663	0.0242435	0.0412438
139.4	-0.0333664	0.0242435	0.041244
139.6	-0.0333665	0.0242436	0.0412441
139.8	-0.0333667	0.0242437	0.0412443
140	-0.0333668	0.0242437	0.0412444
140.2	-0.0333669	0.0242438	0.0412446
140.4	-0.033367	0.0242439	0.0412447
140.6	-0.0333672	0.024244	0.0412448
140.8	-0.0333673	0.024244	0.041245
141	-0.0333674	0.0242441	0.0412451
141.2	-0.0333675	0.0242442	0.0412452
141.4	-0.0333676	0.0242442	0.0412454
141.6	-0.0333678	0.0242443	0.0412455
141.8	-0.0333679	0.0242444	0.0412456
142	-0.033368	0.0242444	0.0412458
142.2	-0.0333681	0.0242445	0.0412459
142.4	-0.0333682	0.0242446	0.041246
142.6	-0.0333683	0.0242446	0.0412462
142.8	-0.0333684	0.0242447	0.0412463
143	-0.0333685	0.0242447	0.0412464
143.2	-0.0333686	0.0242448	0.0412465
143.4	-0.0333687	0.0242449	0.0412466
143.6	-0.0333688	0.0242449	0.0412468
143.8	-0.0333689	0.024245	0.0412469
144	-0.033369	0.024245	0.041247
144.2	-0.0333691	0.0242451	0.0412471
144.4	-0.0333692	0.0242452	0.0412472
144.6	-0.0333693	0.0242452	0.0412473
144.8	-0.0333694	0.0242453	0.0412474
145	-0.0333695	0.0242453	0.0412476
145.2	-0.0333696	0.0242454	0.0412477
145.4	-0.0333697	0.0242454	0.0412478
145.6	-0.0333698	0.0242455	0.0412479
145.8	-0.0333699	0.0242455	0.041248
146	-0.03337	0.0242456	0.0412481
146.2	-0.0333701	0.0242456	0.0412482
146.4	-0.0333702	0.0242457	0.0412483
146.6	-0.0333702	0.0242457	0.0412484
146.8	-0.0333703	0.0242458	0.0412485
147	-0.0333704	0.0242458	0.0412486
147.2	-0.0333705	0.0242459	0.0412487
147.4	-0.0333706	0.0242459	0.0412488
147.6	-0.0333707	0.024246	0.0412489
147.8	-0.0333707	0.024246	0.041249
148	-0.0333708	0.0242461	0.041249
148.2	-0.0333709	0.0242461	0.0412491
148.4	-0.033371	0.0242462	0.0412492
148.6	-0.0333711	0.0242462	0.0412493
148.8	-0.0333711	0.0242463	0.0412494
149	-0.0333712	0.0242463	0.0412495
149.2	-0.0333713	0.0242463	0.0412496
149.4	-0.0333714	0.0242464	0.0412497
149.6	-0.0333714	0.0242464	0.0412497
149.8	-0.0333715	0.0242465	0.0412498
150	-0.0333716	0.0242465	0.0412499
150.2	-0.0333717	0.0242465	0.04125
150.4	-0.0333717	0.0242466	0.0412501
150.6	-0.0333718	0.0242466	0.0412502
150.8	-0.0333719	0.0242467	0.0412502
151	-0.0333719	0.0242467	0.0412503
151.2	-0.033372	0.0242467	0.0412504
151.4	-0.0333721	0.0242468	0.0412505
151.6	-0.0333721	0.0242468	0.0412505
151.8	-0.0333722	0.0242469	0.0412506
152	-0.0333723	0.0242469	0.0412507
152.2	-0.0333723	0.0242469	0.0412508
152.4	-0.0333724	0.024247	0.0412508
152.6	-0.0333725	0.024247	0.0412509
152.8	-0.0333725	0.024247	0.041251
153	-0.0333726	0.0242471	0.0412511
153.2	-0.0333726	0.0242471	0.0412511
153.4	-0.0333727	0.0242471	0.0412512
153.6	-0.0333728	0.0242472	0.0412513
153.8	-0.0333728	0.0242472	0.0412513
154	-0.0333729	0.0242472	0.0412514
154.2	-0.0333729	0.0242473	0.0412515
154.4	-0.033373	0.0242473	0.0412515
154.6	-0.033373	0.0242473	0.0412516
154.8	-0.0333731	0.0242474	0.0412516
155	-0.0333731	0.0242474	0.0412517
155.2	-0.0333732	0.0242474	0.0412518
155.4	-0.0333733	0.0242475	0.0412518
155.6	-0.0333733	0.0242475	0.0412519
155.8	-0.0333734	0.0242475	0.041252
156	-0.0333734	0.0242476	0.041252
156.2	-0.0333735	0.0242476	0.0412521
156.4	-0.0333735	0.0242476	0.0412521
156.6	-0.0333736	0.0242476	0.0412522
156.8	-0.0333736	0.0242477	0.0412522
157	-0.0333737	0.0242477	0.0412523
157.2	-0.0333737	0.0242477	0.0412524
157.4	-0.0333738	0.0242478	0.0412524
157.6	-0.0333738	0.0242478	0.0412525
157.8	-0.0333738	0.0242478	0.0412525
158	-0.0333739	0.0242478	0.0412526
158.2	-0.0333739	0.0242479	0.0412526
158.4	-0.033374	0.0242479	0.0412527
158.6	-0.033374	0.0242479	0.0412527
158.8	-0.0333741	0.0242479	0.0412528
159	-0.0333741	0.024248	0.0412528
159.2	-0.0333742	0.024248	0.0412529
159.4	-0.0333742	0.024248	0.0412529
159.6	-0.0333742	0.024248	0.041253
159.8	-0.0333743	0.0242481	0.041253
160	-0.0333743	0.0242481	0.0412531
160.2	-0.0333744	0.0242481	0.0412531
160.4	-0.0333744	0.0242481	0.0412532
160.6	-0.0333744	0.0242482	0.0412532
160.8	-0.0333745	0.0242482	0.0412532
161	-0.0333745	0.0242482	0.0412533
161.2	-0.0333746	0.0242482	0.0412533
161.4	-0.0333746	0.0242482	0.0412534
161.6	-0.0333746	0.0242483	0.0412534
161.8	-0.0333747	0.0242483	0.0412535
162	-0.0333747	0.0242483	0.0412535
162.2	-0.0333748	0.0242483	0.0412536
162.4	-0.0333748	0.0242484	0.0412536
162.6	-0.0333748	0.0242484	0.0412536
162.8	-0.0333749	0.0242484	0.0412537
163	-0.0333749	0.0242484	0.0412537
163.2	-0.0333749	0.0242484	0.0412538
163.4	-0.033375	0.0242485	0.0412538
163.6	-0.033375	0.0242485	0.0412538
163.8	-0.033375	0.0242485	0.0412539
164	-0.0333751	0.0242485	0.0412539
164.2	-0.0333751	0.0242485	0.0412539
164.4	-0.0333751	0.0242485	0.041254
164.6	-0.0333752	0.0242486	0.041254
164.8	-0.0333752	0.0242486	0.0412541
165	-0.0333752	0.0242486	0.0412541
165.2	-0.0333752	0.0242486	0.0412541
165.4	-0.0333753	0.0242486	0.0412542
165.6	-0.0333753	0.0242487	0.0412542
165.8	-0.0333753	0.0242487	0.0412542
166	-0.0333754	0.0242487	0.0412543
166.2	-0.0333754	0.0242487	0.0412543
166.4	-0.0333754	0.0242487	0.0412543
166.6	-0.0333755	0.0242487	0.0412544
166.8	-0.0333755	0.0242488	0.0412544
167	-0.0333755	0.0242488	0.0412544
167.2	-0.0333755	0.0242488	0.0412545
167.4	-0.0333756	0.0242488	0.0412545
167.6	-0.0333756	0.0242488	0.0412545
167.8	-0.0333756	0.0242488	0.0412546
168	-0.0333756	0.0242488	0.0412546
168.2	-0.0333757	0.0242489	0.0412546
168.4	-0.0333757	0.0242489	0.0412546
168.6	-0.0333757	0.0242489	0.0412547
168.8	-0.0333757	0.0242489	0.0412547
169	-0.0333758	0.0242489	0.0412547
169.2	-0.0333758	0.0242489	0.0412548
169.4	-0.0333758	0.0242489	0.0412548
169.6	-0.0333758	0.024249	0.0412548
169.8	-0.0333759	0.024249	0.0412548
170	-0.0333759	0.024249	0.0412549
170.2	-0.0333759	0.024249	0.0412549
170.4	-0.0333759	0.024249	0.0412549
170.6	-0.033376	0.024249	0.0412549
170.8	-0.033376	0.024249	0.041255
171	-0.033376	0.0242491	0.041255
171.2	-0.033376	0.0242491	0.041255
171.4	-0.0333761	0.0242491	0.041255
171.6	-0.0333761	0.0242491	0.0412551
171.8	-0.0333761	0.0242491	0.0412551
172	-0.0333761	0.0242491	0.0412551
172.2	-0.0333761	0.0242491	0.0412551
172.4	-0.0333762	0.0242491	0.0412552
172.6	-0.0333762	0.0242492	0.0412552
172.8	-0.0333762	0.0242492	0.0412552
173	-0.0333762	0.0242492	0.0412552
173.2	-0.0333762	0.0242492	0.0412553
173.4	-0.0333763	0.0242492	0.0412553
173.6	-0.0333763	0.0242492	0.0412553
173.8	-0.0333763	0.0242492	0.0412553
174	-0.0333763	0.0242492	0.0412553
174.2	-0.0333763	0.0242492	0.0412554
174.4	-0.0333764	0.0242493	0.0412554
174.6	-0.0333764	0.0242493	0.0412554
174.8	-0.0333764	0.0242493	0.0412554
175	-0.0333764	0.0242493	0.0412555
175.2	-0.0333764	0.0242493	0.0412555
175.4	-0.0333764	0.0242493	0.0412555
175.6	-0.0333765	0.0242493	0.0412555
175.8	-0.0333765	0.0242493	0.0412555
176	-0.0333765	0.0242493	0.0412556
176.2	-0.0333765	0.0242493	0.0412556
176.4	-0.0333765	0.0242494	0.0412556
176.6	-0.0333765	0.0242494	0.0412556
176.8	-0.0333766	0.0242494	0.0412556
177	-0.0333766	0.0242494	0.0412556
177.2	-0.0333766	0.0242494	0.0412557
177.4	-0.0333766	0.0242494	0.0412557
177.6	-0.0333766	0.0242494	0.0412557
177.8	-0.0333766	0.0242494	0.0412557
178	-0.0333767	0.0242494	0.0412557
178.2	-0.0333767	0.0242494	0.0412558
178.4	-0.0333767	0.0242494	0.0412558
178.6	-0.0333767	0.0242495	0.0412558
178.8	-0.0333767	0.0242495	0.0412558
179	-0.0333767	0.0242495	0.0412558
179.2	-0.0333767	0.0242495	0.0412558
179.4	-0.0333768	0.0242495	0.0412559
179.6	-0.0333768	0.0242495	0.0412559
179.8	-0.0333768	0.0242495	0.0412559
180	-0.0333768	0.0242495	0.0412559
180.2	-0.0333768	0.0242495	0.0412559
180.4	-0.0333768	0.0242495	0.0412559
180.6	-0.0333768	0.0242495	0.0412559
180.8	-0.0333768	0.0242495	0.041256
181	-0.0333769	0.0242495	0.041256
181.2	-0.0333769	0.0242496	0.041256
181.4	-0.0333769	0.0242496	0.041256
181.6	-0.0333769	0.0242496	0.041256
181.8	-0.0333769	0.0242496	0.041256
182	-0.0333769	0.0242496	0.041256
182.2	-0.0333769	0.0242496	0.0412561
182.4	-0.0333769	0.0242496	0.0412561
182.6	-0.033377	0.0242496	0.0412561
182.8	-0.033377	0.0242496	0.0412561
183	-0.033377	0.0242496	0.0412561
183.2	-0.033377	0.0242496	0.0412561
183.4	-0.033377	0.0242496	0.0412561
183.6	-0.033377	0.0242496	0.0412561
183.8	-0.033377	0.0242496	0.0412562
184	-0.033377	0.0242496	0.0412562
184.2	-0.033377	0.0242497	0.0412562
184.4	-0.0333771	0.0242497	0.0412562
184.6	-0.0333771	0.0242497	0.0412562
184.8	-0.0333771	0.0242497	0.0412562
185	-0.0333771	0.0242497	0.0412562
185.2	-0.0333771	0.0242497	0.0412562
185.4	-0.0333771	0.0242497	0.0412563
185.6	-0.0333771	0.0242497	0.0412563
185.8	-0.0333771	0.0242497	0.0412563
186	-0.0333771	0.0242497	0.0412563
186.2	-0.0333771	0.0242497	0.0412563
186.4	-0.0333772	0.0242497	0.0412563
186.6	-0.0333772	0.0242497	0.0412563
186.8	-0.0333772	0.0242497	0.0412563
187	-0.0333772	0.0242497	0.0412563
187.2	-0.0333772	0.0242497	0.0412564
187.4	-0.0333772	0.0242497	0.0412564
187.6	-0.0333772	0.0242497	0.0412564
187.8	-0.0333772	0.0242498	0.0412564
188	-0.0333772	0.0242498	0.0412564
188.2	-0.0333772	0.0242498	0.0412564
188.4	-0.0333772	0.0242498	0.0412564
188.6	-0.0333773	0.0242498	0.0412564
188.8	-0.0333773	0.0242498	0.0412564
189	-0.0333773	0.0242498	0.0412564
189.2	-0.0333773	0.0242498	0.0412565
189.4	-0.0333773	0.0242498	0.0412565
189.6	-0.0333773	0.0242498	0.0412565
189.8	-0.0333773	0.0242498	0.0412565
190	-0.0333773	0.0242498	0.0412565
190.2	-0.0333773	0.0242498	0.0412565
190.4	-0.0333773	0.0242498	0.0412565
190.6	-0.0333773	0.0242498	0.0412565
190.8	-0.0333773	0.0242498	0.0412565
191	-0.0333773	0.0242498	0.0412565
191.2	-0.0333774	0.0242498	0.0412565
191.4	-0.0333774	0.0242498	0.0412565
191.6	-0.0333774	0.0242498	0.0412566
191.8	-0.0333774	0.0242498	0.0412566
192	-0.0333774	0.0242498	0.0412566
192.2	-0.0333774	0.0242499	0.0412566
192.4	-0.0333774	0.0242499	0.0412566
192.6	-0.0333774	0.0242499	0.0412566
192.8	-0.0333774	0.0242499	0.0412566
193	-0.0333774	0.0242499	0.0412566
193.2	-0.0333774	0.0242499	0.0412566
193.4	-0.0333774	0.0242499	0.0412566
193.6	-0.0333774	0.0242499	0.0412566
193.8	-0.0333774	0.0242499	0.0412566
194	-0.0333774	0.0242499	0.0412566
194.2	-0.0333775	0.0242499	0.0412567
194.4	-0.0333775	0.0242499	0.0412567
194.6	-0.0333775	0.0242499	0.0412567
194.8	-0.0333775	0.0242499	0.0412567
195	-0.0333775	0.0242499	0.0412567
195.2	-0.0333775	0.0242499	0.0412567
195.4	-0.0333775	0.0242499	0.0412567
195.6	-0.0333775	0.0242499	0.0412567
195.8	-0.0333775	0.0242499	0.0412567
196	-0.0333775	0.0242499	0.0412567
196.2	-0.0333775	0.0242499	0.0412567
196.4	-0.0333775	0.0242499	0.0412567
196.6	-0.0333775	0.0242499	0.0412567
196.8	-0.0333775	0.0242499	0.0412567
197	-0.0333775	0.0242499	0.0412567
197.2	-0.0333775	0.0242499	0.0412568
197.4	-0.0333775	0.0242499	0.0412568
197.6	-0.0333775	0.0242499	0.0412568
197.8	-0.0333776	0.0242499	0.0412568
198	-0.0333776	0.0242499	0.0412568
198.2	-0.0333776	0.02425	0.0412568
198.4	-0.0333776	0.02425	0.0412568
198.6	-0.0333776	0.02425	0.0412568
198.8	-0.0333776	0.02425	0.0412568
199	-0.0333776	0.02425	0.0412568
199.2	-0.0333776	0.02425	0.0412568
199.4	-0.0333776	0.02425	0.0412568
199.6	-0.0333776	0.02425	0.0412568
199.8	-0.0333776	0.02425	0.0412568
