# Time	U	V	U_magnitude
0	-6.14329e-116	3.04337e-115	3.10476e-115
0.2	-1.3631e-08	9.86184e-09	1.68244e-08
0.4	-0.00233286	0.000136231	0.00233684
0.6	-0.0112852	3.62537e-05	0.0112852
0.8	-0.0126455	0.000177158	0.0126468
1	-0.011337	0.000431546	0.0113452
1.2	-0.00848624	0.000852094	0.00852892
1.4	-0.00640014	0.000835071	0.00645439
1.6	-0.0065096	0.000810307	0.00655983
1.8	-0.0111044	0.00102429	0.0111516
2	-0.0138856	0.00156914	0.013974
2.2	-0.014966	0.00193593	0.0150907
2.4	-0.0136188	0.0023353	0.0138176
2.6	-0.0103264	0.00246733	0.0106171
2.8	-0.00883892	0.00251439	0.00918959
3	-0.0109037	0.00268472	0.0112294
3.2	-0.0142955	0.00305046	0.0146174
3.4	-0.0166358	0.0036706	0.017036
3.6	-0.0164872	0.00460296	0.0171177
3.8	-0.0141604	0.00517789	0.0150774
4	-0.0124965	0.00516036	0.0135201
4.2	-0.0130805	0.00505538	0.0140234
4.4	-0.0152299	0.00531324	0.0161301
4.6	-0.0176707	0.00620982	0.01873
4.8	-0.0189326	0.00746529	0.0203513
5	-0.0183734	0.00835803	0.0201851
5.2	-0.0169778	0.00865526	0.0190567
5.4	-0.0163411	0.00864837	0.0184886
5.6	-0.0173403	0.00871804	0.0194086
5.8	-0.0196539	0.00934611	0.0217629
6	-0.0216933	0.0106142	0.0241508
6.2	-0.0221523	0.0120048	0.025196
6.4	-0.0213593	0.0129507	0.0249788
6.6	-0.0206607	0.0131955	0.024515
6.8	-0.0211064	0.0130723	0.0248267
7	-0.0227195	0.0133726	0.0263629
7.2	-0.0245664	0.0145238	0.0285385
7.4	-0.0256967	0.0161922	0.0303728
7.6	-0.0259161	0.0176623	0.0313624
7.8	-0.0256876	0.0184021	0.0315989
8	-0.0257471	0.0185201	0.0317161
8.2	-0.0266134	0.0186862	0.0325184
8.4	-0.0281332	0.0195147	0.0342388
8.6	-0.029624	0.0210877	0.0363631
8.8	-0.0304982	0.022923	0.0381524
9	-0.0307322	0.0243384	0.0392023
9.2	-0.0308583	0.0250231	0.0397289
9.4	-0.0314575	0.0253094	0.040375
9.6	-0.0326231	0.025879	0.0416412
9.8	-0.0339724	0.0272014	0.0435206
10	-0.0350767	0.0291444	0.0456046
10.2	-0.0357946	0.0310817	0.0474059
10.4	-0.036302	0.0324439	0.0486872
10.6	-0.03689	0.0331918	0.0496243
10.8	-0.0377332	0.0338134	0.050667
11	-0.038807	0.0349112	0.0521994
11.2	-0.0399403	0.0367067	0.0542458
11.4	-0.0409404	0.0388751	0.056457
11.6	-0.0417389	0.0408443	0.0583985
11.8	-0.0424362	0.042263	0.0598915
12	-0.0431954	0.043265	0.0611367
12.2	-0.0440976	0.0443441	0.062538
12.4	-0.0450924	0.0459397	0.0643721
12.6	-0.0460725	0.0480879	0.0665967
12.8	-0.0469802	0.0504178	0.0689137
13	-0.0478278	0.0524663	0.0709944
13.2	-0.0486443	0.0540533	0.0727188
13.4	-0.0494439	0.0554072	0.0742608
13.6	-0.0502401	0.0569574	0.0759488
13.8	-0.0510592	0.0589862	0.0780155
14	-0.0519187	0.0614211	0.0804245
14.2	-0.0527968	0.0639232	0.0829077
14.4	-0.0536425	0.0661892	0.085197
14.6	-0.0544227	0.0682071	0.0872585
14.8	-0.0551567	0.0702756	0.0893361
15	-0.0559062	0.0727932	0.0917843
15.2	-0.0567353	0.0759932	0.0948359
15.4	-0.0576705	0.079834	0.0984853
15.6	-0.0586849	0.084113	0.102562
15.8	-0.0597096	0.0886865	0.106914
16	-0.0606751	0.0936124	0.111556
16.2	-0.0615601	0.0991084	0.116671
16.4	-0.0624045	0.105375	0.122467
16.6	-0.0632638	0.112428	0.129006
16.8	-0.0641388	0.120074	0.136131
17	-0.0649456	0.128022	0.143554
17.2	-0.0655612	0.136052	0.151024
17.4	-0.0659059	0.144097	0.158454
17.6	-0.0659889	0.152204	0.165893
17.8	-0.0658794	0.160408	0.17341
18	-0.0656332	0.168628	0.180951
18.2	-0.0652361	0.176657	0.188318
18.4	-0.0646095	0.184244	0.195244
18.6	-0.0636682	0.191201	0.201523
18.8	-0.0623862	0.197453	0.207074
19	-0.0608206	0.203016	0.21193
19.2	-0.0590728	0.207909	0.216138
19.4	-0.0572178	0.212087	0.21967
19.6	-0.0552572	0.215433	0.222407
19.8	-0.0531381	0.217818	0.224206
20	-0.0508217	0.219196	0.22501
20.2	-0.0483422	0.219637	0.224895
20.4	-0.0458021	0.219308	0.22404
20.6	-0.0433094	0.218383	0.222636
20.8	-0.0409122	0.21699	0.220813
21	-0.0385838	0.215201	0.218632
21.2	-0.0362677	0.213079	0.216144
21.4	-0.0339373	0.21073	0.213445
21.6	-0.0316231	0.208311	0.210698
21.8	-0.0293876	0.205999	0.208085
22	-0.0272729	0.203933	0.205749
22.2	-0.0252627	0.202173	0.203745
22.4	-0.0232905	0.2007	0.202046
22.6	-0.021286	0.199457	0.200589
22.8	-0.0192229	0.198401	0.19933
23	-0.0171306	0.197527	0.198268
23.2	-0.0150609	0.196855	0.19743
23.4	-0.0130396	0.196389	0.196821
23.6	-0.0110446	0.196086	0.196396
23.8	-0.00902525	0.195859	0.196067
24	-0.00694566	0.195617	0.19574
24.2	-0.00481323	0.195304	0.195363
24.4	-0.00267125	0.19492	0.194938
24.6	-0.000564554	0.194494	0.194495
24.8	0.00149266	0.194047	0.194053
25	0.00352266	0.193561	0.193593
25.2	0.0055607	0.192984	0.193064
25.4	0.0076234	0.192267	0.192418
25.6	0.00969322	0.191393	0.191638
25.8	0.0117308	0.190392	0.190753
26	0.0137046	0.18931	0.189806
26.2	0.015612	0.188178	0.188824
26.4	0.0174776	0.186986	0.187802
26.6	0.0193302	0.185701	0.186704
26.8	0.0211769	0.18429	0.185503
27	0.0229987	0.182757	0.184199
27.2	0.0247641	0.181135	0.18282
27.4	0.0264547	0.179466	0.181405
27.6	0.0280759	0.177768	0.179971
27.8	0.0296509	0.176028	0.178508
28	0.031199	0.174215	0.176987
28.2	0.0327215	0.172309	0.175388
28.4	0.0341989	0.170317	0.173717
28.6	0.0356077	0.168274	0.172
28.8	0.0369363	0.166209	0.170264
29	0.0381935	0.164132	0.168517
29.2	0.0393997	0.162024	0.166745
29.4	0.0405688	0.159857	0.164924
29.6	0.0416978	0.15762	0.163042
29.8	0.042769	0.155328	0.161108
30	0.0437628	0.153007	0.159143
30.2	0.0446738	0.150681	0.157164
30.4	0.0455126	0.148348	0.155172
30.6	0.046296	0.145988	0.153153
30.8	0.0470329	0.14358	0.151087
31	0.0477173	0.141123	0.148972
31.2	0.0483336	0.138634	0.146818
31.4	0.0488678	0.136137	0.144642
31.6	0.0493186	0.133645	0.142454
31.8	0.0496973	0.131151	0.140251
32	0.0500184	0.128636	0.138019
32.2	0.0502877	0.126089	0.135748
32.4	0.0504979	0.123515	0.133439
32.6	0.0506349	0.120932	0.131104
32.8	0.0506892	0.118358	0.128756
33	0.0506636	0.1158	0.126398
33.2	0.0505707	0.113246	0.124025
33.4	0.0504227	0.110684	0.121628
33.6	0.0502224	0.108108	0.119205
33.8	0.0499615	0.105529	0.116758
34	0.0496286	0.102962	0.114299
34.2	0.0492189	0.100421	0.111834
34.4	0.0487385	0.0979047	0.109365
34.6	0.0482004	0.0954025	0.106887
34.8	0.0476142	0.0929053	0.104396
35	0.04698	0.0904141	0.101891
35.2	0.0462893	0.0879404	0.0993791
35.4	0.0455335	0.0854978	0.0968667
35.6	0.0447119	0.0830921	0.0943582
35.8	0.0438336	0.0807191	0.0918529
36	0.0429105	0.0783693	0.089348
36.2	0.0419495	0.0760384	0.0868423
36.4	0.0409476	0.0737308	0.0843383
36.6	0.039897	0.0714574	0.0818409
36.8	0.0387924	0.0692269	0.079355
37	0.0376369	0.0670403	0.0768826
37.2	0.0364406	0.0648916	0.0744234
37.4	0.0352138	0.0627741	0.0719764
37.6	0.0339594	0.0606869	0.0695423
37.8	0.032673	0.058636	0.0671245
38	0.0313478	0.0566298	0.0647272
38.2	0.0299819	0.0546728	0.0623541
38.4	0.0285814	0.0527627	0.0600066
38.6	0.027156	0.0508937	0.0576855
38.8	0.025713	0.0490618	0.0553915
39	0.0242522	0.0472685	0.053127
39.2	0.0227682	0.0455198	0.0508964
39.4	0.0212563	0.043821	0.0487044
39.6	0.019718	0.0421734	0.0465553
39.8	0.0181605	0.0405733	0.0444522
40	0.0165923	0.039016	0.0423975
40.2	0.0150172	0.0374998	0.040395
40.4	0.0134327	0.0360276	0.0384503
40.6	0.0118337	0.0346041	0.0365716
40.8	0.0102182	0.0332322	0.0347677
41	0.00858995	0.0319108	0.0330467
41.2	0.00695657	0.0306362	0.0314161
41.4	0.00532383	0.0294054	0.0298835
41.6	0.00369284	0.0282185	0.0284591
41.8	0.00205969	0.0270784	0.0271567
42	0.000420965	0.0259884	0.0259918
42.2	-0.00122277	0.0249494	0.0249794
42.4	-0.00286651	0.0239594	0.0241303
42.6	-0.00450451	0.0230155	0.0234522
42.8	-0.00613365	0.022116	0.0229508
43	-0.00775576	0.021262	0.0226324
43.2	-0.00937448	0.0204561	0.0225019
43.4	-0.010992	0.0197001	0.0225592
43.6	-0.0126059	0.0189935	0.0227961
43.8	-0.0142115	0.0183342	0.0231972
44	-0.0158046	0.0177202	0.0237443
44.2	-0.0173845	0.0171509	0.0244208
44.4	-0.0189537	0.0166276	0.0252135
44.6	-0.0205151	0.016152	0.0261105
44.8	-0.0220685	0.0157247	0.0270977
45	-0.0236108	0.0153449	0.0281591
45.2	-0.0251378	0.0150105	0.0292784
45.4	-0.0266473	0.0147202	0.0304428
45.6	-0.0281399	0.0144741	0.0316442
45.8	-0.0296179	0.0142733	0.0328778
46	-0.0310825	0.0141189	0.0341389
46.2	-0.0325322	0.0140106	0.035421
46.4	-0.0339637	0.0139473	0.0367159
46.6	-0.0353737	0.0139274	0.0380167
46.8	-0.0367614	0.0139501	0.0393193
47	-0.0381279	0.0140157	0.0406224
47.2	-0.0394746	0.014125	0.0419257
47.4	-0.0408012	0.0142784	0.0432274
47.6	-0.0421053	0.0144752	0.044524
47.8	-0.0433837	0.0147142	0.0458111
48	-0.0446346	0.0149941	0.0470858
48.2	-0.0458578	0.0153145	0.0483474
48.4	-0.047054	0.0156755	0.0495964
48.6	-0.0482233	0.016077	0.0508327
48.8	-0.0493648	0.0165192	0.0520554
49	-0.0504757	0.0170011	0.0532619
49.2	-0.0515537	0.0175216	0.0544499
49.4	-0.0525975	0.0180796	0.055618
49.6	-0.053607	0.0186741	0.0567664
49.8	-0.0545828	0.0193051	0.0578962
50	-0.0555244	0.0199729	0.0590075
50.2	-0.0564299	0.020677	0.0600988
50.4	-0.0572965	0.0214156	0.0611679
50.6	-0.0581228	0.0221872	0.0622136
50.8	-0.0589083	0.022991	0.0632358
51	-0.0596528	0.0238263	0.0642351
51.2	-0.0603563	0.0246923	0.0652119
51.4	-0.0610175	0.025589	0.066166
51.6	-0.0616344	0.0265149	0.0670957
51.8	-0.0622051	0.027468	0.0679997
52	-0.0627286	0.028447	0.0688774
52.2	-0.0632045	0.0294503	0.0697289
52.4	-0.0636327	0.030477	0.0705548
52.6	-0.0640127	0.0315264	0.071355
52.8	-0.0643428	0.0325969	0.0721287
53	-0.0646215	0.0336867	0.0728748
53.2	-0.0648476	0.0347937	0.0735922
53.4	-0.0650204	0.0359158	0.0742805
53.6	-0.0651398	0.0370513	0.07494
53.8	-0.0652057	0.038199	0.0755707
54	-0.0652171	0.0393571	0.0761726
54.2	-0.0651731	0.0405237	0.0767444
54.4	-0.0650725	0.0416962	0.0772852
54.6	-0.0649147	0.042872	0.0777941
54.8	-0.0646997	0.044049	0.0782711
55	-0.0644277	0.045225	0.0787162
55.2	-0.0640986	0.0463984	0.0791293
55.4	-0.063712	0.0475668	0.0795098
55.6	-0.0632672	0.0487276	0.0798569
55.8	-0.062764	0.0498779	0.0801694
56	-0.0622027	0.0510151	0.080447
56.2	-0.0615838	0.0521366	0.0806895
56.4	-0.0609079	0.0532405	0.080897
56.6	-0.0601752	0.0543243	0.081069
56.8	-0.0593861	0.0553855	0.0812051
57	-0.0585408	0.0564211	0.0813041
57.2	-0.0576398	0.0574283	0.0813656
57.4	-0.0566843	0.0584044	0.0813891
57.6	-0.0556755	0.0593471	0.0813746
57.8	-0.0546144	0.0602541	0.0813222
58	-0.0535022	0.061123	0.0812312
58.2	-0.0523398	0.0619511	0.0811011
58.4	-0.0511285	0.0627355	0.0809313
58.6	-0.0498697	0.0634737	0.0807211
58.8	-0.0485655	0.0641633	0.0804707
59	-0.0472176	0.0648023	0.0801801
59.2	-0.0458281	0.0653885	0.0798491
59.4	-0.0443988	0.0659195	0.0794773
59.6	-0.0429316	0.0663929	0.0790642
59.8	-0.0414287	0.0668064	0.0786094
60	-0.0398926	0.067158	0.0781128
60.2	-0.0383261	0.0674458	0.0775746
60.4	-0.0367318	0.0676681	0.0769948
60.6	-0.0351126	0.0678233	0.0763734
60.8	-0.0334711	0.0679095	0.0757101
61	-0.0318101	0.0679249	0.0750045
61.2	-0.030133	0.0678681	0.0742568
61.4	-0.0284429	0.0677377	0.073467
61.6	-0.0267436	0.0675328	0.0726354
61.8	-0.0250383	0.0672524	0.0717621
62	-0.0233307	0.0668955	0.0708472
62.2	-0.0216242	0.0664611	0.0698905
62.4	-0.0199225	0.0659486	0.0688921
62.6	-0.0182295	0.0653575	0.0678522
62.8	-0.0165493	0.0646877	0.0667711
63	-0.014886	0.0639392	0.0656492
63.2	-0.0132435	0.0631121	0.0644866
63.4	-0.0116259	0.0622065	0.0632836
63.6	-0.0100374	0.0612227	0.0620401
63.8	-0.00848203	0.0601614	0.0607564
64	-0.00696437	0.0590235	0.059433
64.2	-0.0054888	0.0578101	0.0580701
64.4	-0.00405966	0.0565226	0.0566682
64.6	-0.00268137	0.0551624	0.0552275
64.8	-0.00135816	0.0537311	0.0537483
65	-9.44028e-05	0.0522307	0.0522308
65.2	0.00110534	0.0506633	0.0506754
65.4	0.00223693	0.0490317	0.0490827
65.6	0.00329624	0.0473384	0.047453
65.8	0.0042792	0.0455865	0.0457869
66	0.00518223	0.0437792	0.0440849
66.2	0.0060014	0.04192	0.0423474
66.4	0.00673313	0.0400125	0.0405751
66.6	0.0073739	0.038061	0.0387688
66.8	0.00792021	0.0360699	0.0369292
67	0.00836883	0.0340437	0.0350573
67.2	0.00871699	0.0319875	0.033154
67.4	0.00896214	0.0299063	0.0312203
67.6	0.00910188	0.0278055	0.0292573
67.8	0.00913405	0.0256908	0.0272662
68	0.00905678	0.0235681	0.0252484
68.2	0.00886864	0.0214438	0.0232054
68.4	0.00856864	0.019324	0.0211386
68.6	0.00815626	0.0172154	0.0190498
68.8	0.00763144	0.0151246	0.0169408
69	0.00699442	0.0130584	0.0148137
69.2	0.00624597	0.0110241	0.0126705
69.4	0.00538744	0.00902858	0.0105138
69.6	0.00442066	0.00707921	0.00834611
69.8	0.00334815	0.00518327	0.00617061
70	0.00217294	0.00334777	0.00399114
70.2	0.000898737	0.00157979	0.00181754
70.4	-0.000470559	-0.000113916	0.000484152
70.6	-0.00192997	-0.00172696	0.00258982
70.8	-0.00347513	-0.00325449	0.00476112
71	-0.005101	-0.00469162	0.00693048
71.2	-0.00680225	-0.00603436	0.00909308
71.4	-0.00857387	-0.00727815	0.0112465
71.6	-0.0104099	-0.00841964	0.0133887
71.8	-0.012305	-0.00945482	0.0155179
72	-0.0142527	-0.0103808	0.0176324
72.2	-0.0162476	-0.0111943	0.0197307
72.4	-0.018283	-0.0118927	0.0218106
72.6	-0.0203524	-0.0124737	0.0238708
72.8	-0.0224497	-0.0129351	0.0259095
73	-0.024568	-0.0132748	0.027925
73.2	-0.0267005	-0.0134916	0.0299156
73.4	-0.0288405	-0.0135841	0.0318795
73.6	-0.030981	-0.0135516	0.0338152
73.8	-0.033115	-0.0133936	0.035721
74	-0.0352355	-0.0131099	0.0375953
74.2	-0.0373352	-0.012701	0.0394364
74.4	-0.0394072	-0.0121674	0.0412428
74.6	-0.041444	-0.0115104	0.0430127
74.8	-0.0434389	-0.0107311	0.0447448
75	-0.045385	-0.00983193	0.0464377
75.2	-0.0472747	-0.00881529	0.0480895
75.4	-0.0491016	-0.00768383	0.0496992
75.6	-0.0508587	-0.00644126	0.0512649
75.8	-0.0525397	-0.00509116	0.0527858
76	-0.0541377	-0.00363776	0.0542598
76.2	-0.0556469	-0.00208624	0.055686
76.4	-0.0570613	-0.000441829	0.057063
76.6	-0.0583752	0.00128926	0.0583894
76.8	-0.0595832	0.00310021	0.0596638
77	-0.0606803	0.00498409	0.0608847
77.2	-0.061662	0.00693393	0.0620506
77.4	-0.062524	0.00894218	0.0631602
77.6	-0.0632626	0.011001	0.064212
77.8	-0.0638745	0.0131024	0.0652045
78	-0.0643569	0.0152379	0.0661363
78.2	-0.0647076	0.0173993	0.0670061
78.4	-0.0649251	0.0195778	0.0678127
78.6	-0.0650083	0.0217648	0.068555
78.8	-0.0649569	0.0239517	0.0692321
79	-0.064771	0.0261297	0.069843
79.2	-0.0644516	0.0282902	0.0703871
79.4	-0.0640002	0.0304248	0.0708639
79.6	-0.0634191	0.0325249	0.0712731
79.8	-0.062711	0.0345827	0.0716145
80	-0.0618796	0.0365903	0.0718883
80.2	-0.0609288	0.0385401	0.0720948
80.4	-0.0598633	0.0404251	0.0722343
80.6	-0.0586881	0.0422386	0.0723077
80.8	-0.057409	0.0439746	0.0723157
81	-0.056032	0.0456273	0.0722595
81.2	-0.0545634	0.0471918	0.0721404
81.4	-0.05301	0.0486636	0.0719598
81.6	-0.0513785	0.0500389	0.0717192
81.8	-0.0496761	0.0513143	0.0714204
82	-0.0479097	0.0524873	0.0710651
82.2	-0.0460863	0.0535557	0.0706553
82.4	-0.044213	0.0545181	0.0701927
82.6	-0.0422965	0.0553733	0.0696792
82.8	-0.0403433	0.0561208	0.0691167
83	-0.0383597	0.0567602	0.0685069
83.2	-0.0363518	0.0572917	0.0678513
83.4	-0.0343253	0.0577156	0.0671515
83.6	-0.0322856	0.0580325	0.0664089
83.8	-0.0302379	0.058243	0.0656245
84	-0.0281868	0.058348	0.0647996
84.2	-0.026137	0.0583482	0.0639348
84.4	-0.0240927	0.0582446	0.0630309
84.6	-0.0220581	0.058038	0.0620883
84.8	-0.0200369	0.0577291	0.0611075
85	-0.0180331	0.0573187	0.0600885
85.2	-0.0160504	0.0568076	0.0590315
85.4	-0.0140924	0.0561962	0.0579362
85.6	-0.012163	0.0554851	0.0568026
85.8	-0.0102659	0.0546748	0.0556302
86	-0.00840524	0.0537658	0.0544188
86.2	-0.00658525	0.0527584	0.0531678
86.4	-0.00481048	0.0516532	0.0518767
86.6	-0.00308582	0.0504509	0.0505451
86.8	-0.00141659	0.0491521	0.0491725
87	0.000191425	0.0477579	0.0477583
87.2	0.00173196	0.0462695	0.0463019
87.4	0.00319946	0.0446887	0.0448031
87.6	0.00458769	0.0430174	0.0432614
87.8	0.00589042	0.041258	0.0416764
88	0.00710134	0.0394136	0.0400482
88.2	0.00821349	0.0374877	0.0383769
88.4	0.00922068	0.0354843	0.0366628
88.6	0.0101158	0.0334085	0.0349064
88.8	0.0108928	0.0312656	0.0331088
89	0.0115449	0.029062	0.0312711
89.2	0.0120664	0.0268046	0.0293953
89.4	0.0124516	0.024501	0.0274835
89.6	0.012695	0.0221597	0.0255385
89.8	0.0127924	0.0197898	0.0235644
90	0.01274	0.0174012	0.0215664
90.2	0.0125348	0.0150041	0.019551
90.4	0.0121745	0.0126096	0.0175277
90.6	0.0116582	0.0102292	0.0155097
90.8	0.0109859	0.00787502	0.0135168
91	0.0101585	0.0055596	0.0115803
91.2	0.00917857	0.0032959	0.00975239
91.4	0.00804967	0.00109741	0.00812413
91.6	0.00677655	-0.00102266	0.00685329
91.8	0.0053652	-0.00305182	0.00617243
92	0.00382251	-0.00498006	0.00627794
92.2	0.00215639	-0.00679805	0.00713187
92.4	0.000375891	-0.00849705	0.00850537
92.6	-0.00150841	-0.0100689	0.0101813
92.8	-0.00348587	-0.0115062	0.0120227
93	-0.00554637	-0.0128025	0.0139523
93.2	-0.0076795	-0.0139522	0.015926
93.4	-0.00987452	-0.0149503	0.017917
93.6	-0.0121207	-0.0157926	0.0199077
93.8	-0.014407	-0.0164759	0.0218864
94	-0.0167224	-0.0169972	0.0238442
94.2	-0.0190559	-0.0173549	0.0257744
94.4	-0.0213963	-0.0175478	0.0276718
94.6	-0.0237326	-0.0175756	0.0295319
94.8	-0.0260535	-0.0174386	0.0313511
95	-0.0283482	-0.017138	0.033126
95.2	-0.0306056	-0.016676	0.0348539
95.4	-0.0328152	-0.0160552	0.0365322
95.6	-0.0349663	-0.0152795	0.0381589
95.8	-0.0370487	-0.0143533	0.0397319
96	-0.0390525	-0.0132819	0.0412493
96.2	-0.0409681	-0.0120716	0.0427095
96.4	-0.0427864	-0.0107293	0.0441112
96.6	-0.0444989	-0.00926284	0.0454527
96.8	-0.0460975	-0.00768079	0.046733
97	-0.0475748	-0.00599242	0.0479507
97.2	-0.0489242	-0.00420769	0.0491048
97.4	-0.0501396	-0.00233726	0.0501941
97.6	-0.0512161	-0.000392622	0.0512176
97.8	-0.0521494	0.00161356	0.0521744
98	-0.0529363	0.00366874	0.0530632
98.2	-0.0535743	0.00576086	0.0538832
98.4	-0.0540624	0.00787786	0.0546333
98.6	-0.0544001	0.0100077	0.055313
98.8	-0.0545884	0.0121387	0.0559217
99	-0.054629	0.0142593	0.0564593
99.2	-0.0545248	0.0163583	0.0569258
99.4	-0.0542797	0.0184251	0.0573217
99.6	-0.0538985	0.0204498	0.0576475
99.8	-0.0533867	0.0224229	0.0579044
100	-0.0527508	0.0243359	0.0580938
100.2	-0.051998	0.0261811	0.0582172
100.4	-0.051136	0.0279516	0.0582768
100.6	-0.0501729	0.0296418	0.0582749
100.8	-0.0491175	0.0312468	0.0582142
101	-0.0479783	0.032763	0.0580976
101.2	-0.0467643	0.0341875	0.0579283
101.4	-0.0454841	0.0355189	0.0577095
101.6	-0.0441462	0.0367561	0.0574447
101.8	-0.0427587	0.0378994	0.0571373
102	-0.0413292	0.0389496	0.0567907
102.2	-0.0398647	0.0399082	0.0564079
102.4	-0.0383714	0.0407769	0.0559921
102.6	-0.0368549	0.0415582	0.055546
102.8	-0.03532	0.0422544	0.0550721
103	-0.0337707	0.0428681	0.0545723
103.2	-0.0322104	0.0434018	0.0540484
103.4	-0.0306417	0.0438578	0.0535016
103.6	-0.0290668	0.044238	0.0529328
103.8	-0.0274872	0.044544	0.0523423
104	-0.0259042	0.044777	0.0517301
104.2	-0.0243185	0.0449376	0.0510958
104.4	-0.022731	0.0450261	0.0504386
104.6	-0.0211421	0.0450421	0.0497572
104.8	-0.0195525	0.0449845	0.04905
105	-0.0179631	0.0448518	0.0483152
105.2	-0.0163749	0.0446422	0.0475507
105.4	-0.0147895	0.0443532	0.046754
105.6	-0.0132088	0.0439819	0.0459226
105.8	-0.0116357	0.0435254	0.0450539
106	-0.0100734	0.0429804	0.0441451
106.2	-0.00852621	0.0423437	0.0431936
106.4	-0.00699906	0.0416122	0.0421967
106.6	-0.00549782	0.0407832	0.0411521
106.8	-0.00402914	0.0398542	0.0400573
107	-0.0026004	0.0388235	0.0389105
107.2	-0.0012198	0.03769	0.0377097
107.4	0.000103778	0.0364536	0.0364538
107.6	0.00136106	0.0351152	0.0351416
107.8	0.0025431	0.0336768	0.0337727
108	0.00364008	0.0321409	0.0323464
108.2	0.00464331	0.0305118	0.0308631
108.4	0.00554345	0.028795	0.0293237
108.6	0.00633169	0.0269961	0.0277287
108.8	0.00699991	0.0251234	0.0260803
109	0.00754044	0.0231846	0.0243799
109.2	0.0079462	0.0211896	0.0226305
109.4	0.00821148	0.0191488	0.0208352
109.6	0.00833126	0.0170733	0.0189976
109.8	0.00830161	0.014975	0.0171222
110	0.00811981	0.0128665	0.0152144
110.2	0.00778446	0.010761	0.0132814
110.4	0.00729551	0.0086719	0.0113325
110.6	0.00665441	0.00661313	0.00938161
110.8	0.00586361	0.00459862	0.00745179
111	0.00492759	0.00264245	0.0055914
111.2	0.00385162	0.000758675	0.00392563
111.4	0.00264265	-0.00103982	0.00283986
111.6	0.00130903	-0.00274008	0.00303671
111.8	-0.00014024	-0.00433205	0.00433432
112	-0.0016942	-0.00580652	0.00604864
112.2	-0.00334198	-0.00715509	0.00789709
112.4	-0.00507244	-0.00837033	0.00978734
112.6	-0.00687428	-0.00944585	0.0116825
112.8	-0.00873593	-0.0103764	0.0135642
113	-0.0106455	-0.0111577	0.0154214
113.2	-0.0125912	-0.0117862	0.0172469
113.4	-0.0145611	-0.0122599	0.019035
113.6	-0.0165434	-0.0125772	0.0207815
113.8	-0.0185261	-0.0127379	0.0224827
114	-0.0204978	-0.0127426	0.0241357
114.2	-0.022447	-0.0125928	0.025738
114.4	-0.0243624	-0.012291	0.0272873
114.6	-0.0262332	-0.0118406	0.0287817
114.8	-0.028049	-0.0112461	0.0302195
115	-0.0297994	-0.0105126	0.0315994
115.2	-0.0314752	-0.00964619	0.0329202
115.4	-0.0330671	-0.00865393	0.0341807
115.6	-0.0345667	-0.00754359	0.0353803
115.8	-0.0355552	-0.00644987	0.0361355
116	-0.0368673	-0.00517148	0.0372283
116.2	-0.0380693	-0.00380081	0.0382585
116.4	-0.0391555	-0.00234807	0.0392258
116.6	-0.0401212	-0.000824124	0.0401297
116.8	-0.0409627	0.000759389	0.0409697
117	-0.041677	0.00239048	0.0417455
117.2	-0.0422624	0.00405761	0.0424568
117.4	-0.042718	0.00574932	0.0431031
117.6	-0.0430439	0.00745427	0.0436846
117.8	-0.0432414	0.00916139	0.0442013
118	-0.0433128	0.0108599	0.0446535
118.2	-0.0432611	0.0125395	0.0450418
118.4	-0.0430903	0.0141905	0.0453668
118.6	-0.0428055	0.0158036	0.0456296
118.8	-0.0424121	0.0173704	0.0458314
119	-0.0419167	0.0188833	0.0459737
119.2	-0.0413259	0.0203354	0.0460583
119.4	-0.0406474	0.0217209	0.046087
119.6	-0.0398889	0.0230349	0.0460623
119.8	-0.0390585	0.0242734	0.0459866
120	-0.0381643	0.0254335	0.0458626
120.2	-0.0372147	0.0265132	0.0456934
120.4	-0.0362176	0.0275116	0.0454819
120.6	-0.035181	0.0284285	0.0452315
120.8	-0.0341122	0.0292648	0.0449452
121	-0.0330181	0.0300218	0.0446263
121.2	-0.0319051	0.0307018	0.0442779
121.4	-0.0307786	0.0313074	0.043903
121.6	-0.0296434	0.0318415	0.0435041
121.8	-0.0285034	0.0323074	0.0430838
122	-0.027362	0.0327084	0.0426441
122.2	-0.0262213	0.0330478	0.0421866
122.4	-0.0250832	0.0333284	0.0417127
122.6	-0.0239485	0.0335531	0.0412231
122.8	-0.0228179	0.033724	0.0407181
123	-0.0216911	0.033843	0.0401977
123.2	-0.0205681	0.0339113	0.0396613
123.4	-0.0194483	0.0339294	0.039108
123.6	-0.018331	0.0338972	0.0385363
123.8	-0.0172159	0.0338143	0.0379446
124	-0.0161027	0.0336792	0.0373308
124.2	-0.0149915	0.0334904	0.0366926
124.4	-0.0138826	0.0332454	0.0360275
124.6	-0.0127774	0.0329416	0.0353328
124.8	-0.0116773	0.0325761	0.0346058
125	-0.010585	0.0321459	0.0338437
125.2	-0.00950354	0.0316476	0.0330437
125.4	-0.00843696	0.0310783	0.0322032
125.6	-0.00739003	0.0304352	0.0313196
125.8	-0.00636831	0.0297158	0.0303906
126	-0.00537792	0.0289184	0.0294142
126.2	-0.00442584	0.0280414	0.0283886
126.4	-0.00351946	0.0270849	0.0273126
126.6	-0.00266636	0.0260489	0.026185
126.8	-0.00187503	0.0249351	0.0250055
127	-0.00115323	0.0237461	0.0237741
127.2	-0.000509707	0.0224853	0.0224911
127.4	4.79677e-05	0.0211575	0.0211576
127.6	0.000511826	0.0197688	0.0197755
127.8	0.000874714	0.0183256	0.0183465
128	0.00113023	0.0168364	0.0168743
128.2	0.00127277	0.0153102	0.015363
128.4	0.00129761	0.0137569	0.013818
128.6	0.00120116	0.0121873	0.0122464
128.8	0.000981053	0.010613	0.0106583
129	0.000636344	0.00904609	0.00906844
129.2	0.000167154	0.00749863	0.00750049
129.4	-0.000424531	0.00598398	0.00599902
129.6	-0.00113532	0.00451386	0.00465445
129.8	-0.00196073	0.00310177	0.00366952
130	-0.00289405	0.00175848	0.00338641
130.2	-0.00392851	0.000495976	0.0039597
130.4	-0.00505512	-0.000675895	0.0051001
130.6	-0.00626564	-0.00174737	0.00650473
130.8	-0.00754934	-0.00271147	0.0080215
131	-0.00889597	-0.00356095	0.00958221
131.2	-0.0102952	-0.00429092	0.0111536
131.4	-0.0117354	-0.00489681	0.0127161
131.6	-0.0132058	-0.00537589	0.0142581
131.8	-0.0146951	-0.00572593	0.0157713
132	-0.0161921	-0.00594641	0.0172495
132.2	-0.0176861	-0.00603768	0.0186883
132.4	-0.0191666	-0.00600106	0.0200841
132.6	-0.0206233	-0.00583891	0.0214339
132.8	-0.0220464	-0.00555452	0.0227354
133	-0.0234269	-0.00515214	0.0239868
133.2	-0.024756	-0.00463686	0.0251865
133.4	-0.0260253	-0.00401421	0.0263331
133.6	-0.0272278	-0.00329076	0.0274259
133.8	-0.0283564	-0.0024736	0.0284641
134	-0.0294053	-0.00157041	0.0294472
134.2	-0.0303689	-0.000589429	0.0303746
134.4	-0.0312426	0.000460568	0.031246
134.6	-0.0320227	0.00157041	0.0320612
134.8	-0.032706	0.00273083	0.0328198
135	-0.0332903	0.00393253	0.0335218
135.2	-0.0337741	0.00516609	0.0341669
135.4	-0.0341569	0.00642217	0.0347554
135.6	-0.0344387	0.00769154	0.0352872
135.8	-0.0346206	0.00896521	0.0357626
136	-0.0347044	0.0102345	0.0361821
136.2	-0.0346925	0.0114909	0.036546
136.4	-0.0345882	0.0127267	0.0368553
136.6	-0.0343952	0.0139344	0.0371106
136.8	-0.0341179	0.015107	0.0373129
137	-0.0337614	0.0162384	0.0374635
137.2	-0.0333309	0.017323	0.0375638
137.4	-0.0328324	0.0183559	0.0376152
137.6	-0.0322717	0.0193328	0.0376194
137.8	-0.0316554	0.0202503	0.0375784
138	-0.0309897	0.0211059	0.0374943
138.2	-0.0302812	0.0218974	0.0373691
138.4	-0.0295364	0.0226236	0.0372052
138.6	-0.0287616	0.0232841	0.0370051
138.8	-0.027963	0.0238789	0.0367713
139	-0.0271462	0.0244089	0.0365063
139.2	-0.0263169	0.0248752	0.0362127
139.4	-0.02548	0.0252798	0.0358929
139.6	-0.02464	0.0256247	0.0355494
139.8	-0.0238007	0.0259126	0.0351843
140	-0.0229655	0.0261461	0.0347999
140.2	-0.0221368	0.0263281	0.0343978
140.4	-0.0213169	0.0264616	0.0339798
140.6	-0.0205071	0.0265492	0.033547
140.8	-0.0197082	0.0265936	0.0331003
141	-0.0189206	0.0265971	0.0326403
141.2	-0.0181443	0.0265616	0.0321673
141.4	-0.017379	0.0264888	0.031681
141.6	-0.0166241	0.0263797	0.0311809
141.8	-0.015879	0.0262349	0.0306661
142	-0.0151431	0.0260545	0.0301355
142.2	-0.014416	0.0258381	0.0295877
142.4	-0.0136975	0.0255851	0.029021
142.6	-0.0129876	0.0252941	0.0284336
142.8	-0.0122871	0.0249637	0.0278237
143	-0.0115968	0.0245921	0.0271893
143.2	-0.0109185	0.0241776	0.0265286
143.4	-0.0102543	0.0237181	0.0258399
143.6	-0.00960695	0.0232119	0.0251214
143.8	-0.00897991	0.0226573	0.0243719
144	-0.00837709	0.0220529	0.0235904
144.2	-0.00780287	0.0213979	0.0227762
144.4	-0.00726225	0.0206919	0.0219293
144.6	-0.00676039	0.0199349	0.02105
144.8	-0.00630286	0.0191281	0.0201398
145	-0.00589548	0.0182732	0.0192007
145.2	-0.00554393	0.0173725	0.0182357
145.4	-0.00525382	0.0164298	0.0172494
145.6	-0.0050307	0.0154494	0.0162479
145.8	-0.00487968	0.0144366	0.015239
146	-0.00480532	0.0133976	0.0142333
146.2	-0.00481157	0.0123393	0.0132442
146.4	-0.00490158	0.0112694	0.0122892
146.6	-0.00507764	0.0101964	0.0113907
146.8	-0.00534113	0.00912904	0.0105767
147	-0.00569229	0.00807643	0.00988083
147.2	-0.00613006	0.00704795	0.00934084
147.4	-0.00665281	0.00605316	0.00899448
147.6	-0.00725731	0.00510116	0.00887076
147.8	-0.0079395	0.00420076	0.00898232
148	-0.00869439	0.00336069	0.0093213
148.2	-0.00951572	0.00258844	0.00986148
148.4	-0.0103971	0.0018915	0.0105678
148.6	-0.0113306	0.0012757	0.0114022
148.8	-0.0123082	0.000746949	0.0123308
149	-0.0133222	0.000309149	0.0133258
149.2	-0.0143625	-3.411e-05	0.0143626
149.4	-0.0154206	-0.000280502	0.0154232
149.6	-0.0164876	-0.000428747	0.0164931
149.8	-0.0175544	-0.000478599	0.0175609
150	-0.018612	-0.000430828	0.018617
150.2	-0.0196519	-0.000287217	0.019654
150.4	-0.0206658	-5.04848e-05	0.0206659
150.6	-0.021646	0.000275784	0.0216478
150.8	-0.0225851	0.0006872	0.0225955
151	-0.0234761	0.00117845	0.0235056
151.2	-0.0243136	0.00174413	0.0243761
151.4	-0.0250919	0.00237774	0.0252043
151.6	-0.0258065	0.00307256	0.0259887
151.8	-0.0264533	0.00382149	0.0267279
152	-0.0270293	0.00461719	0.0274208
152.2	-0.027532	0.00545213	0.0280666
152.4	-0.0279597	0.00631875	0.0286648
152.6	-0.0283114	0.00720949	0.029215
152.8	-0.0285869	0.00811691	0.029717
153	-0.0287866	0.00903374	0.0301708
153.2	-0.0289116	0.00995292	0.0305768
153.4	-0.0289634	0.0108678	0.0309352
153.6	-0.0289443	0.0117719	0.0312466
153.8	-0.028857	0.0126593	0.0315116
154	-0.0287047	0.0135244	0.0317312
154.2	-0.0284909	0.0143624	0.0319062
154.4	-0.0282195	0.0151685	0.0320379
154.6	-0.0278948	0.0159387	0.0321273
154.8	-0.0275211	0.0166697	0.0321759
155	-0.0271031	0.0173584	0.0321852
155.2	-0.0266453	0.0180023	0.0321567
155.4	-0.0261525	0.0185997	0.0320922
155.6	-0.0256296	0.0191492	0.0319932
155.8	-0.0250811	0.0196498	0.0318618
156	-0.0245116	0.0201011	0.0316997
156.2	-0.0239256	0.0205031	0.0315089
156.4	-0.0233273	0.0208563	0.0312914
156.6	-0.0227208	0.0211614	0.031049
156.8	-0.0221098	0.0214194	0.0307837
157	-0.0214977	0.0216318	0.0304973
157.2	-0.0208876	0.0218002	0.0301917
157.4	-0.0202823	0.0219262	0.0298685
157.6	-0.019684	0.0220119	0.0295294
157.8	-0.0190948	0.0220592	0.0291757
158	-0.0185162	0.02207	0.0288086
158.2	-0.0179493	0.0220464	0.0284292
158.4	-0.0173952	0.0219901	0.0280384
158.6	-0.0168541	0.0219028	0.0276368
158.8	-0.0163265	0.021786	0.0272247
159	-0.0158123	0.021641	0.0268023
159.2	-0.0153114	0.0214688	0.0263694
159.4	-0.0148237	0.02127	0.025926
159.6	-0.0143488	0.0210452	0.0254714
159.8	-0.0138869	0.0207945	0.0250051
160	-0.0134378	0.0205178	0.0245266
160.2	-0.0130017	0.0202147	0.024035
160.4	-0.0125792	0.0198848	0.0235296
160.6	-0.0121711	0.0195275	0.02301
160.8	-0.0117784	0.0191421	0.0224756
161	-0.0114026	0.018728	0.0219262
161.2	-0.0110457	0.0182845	0.0213619
161.4	-0.0107098	0.0178114	0.0207833
161.6	-0.0103974	0.0173084	0.0201913
161.8	-0.0101115	0.0167758	0.0195875
162	-0.00985496	0.0162142	0.0189742
162.2	-0.00963121	0.0156247	0.0183546
162.4	-0.0094436	0.0150087	0.0177326
162.6	-0.00929549	0.0143685	0.0171132
162.8	-0.00919023	0.0137068	0.0165026
163	-0.009131	0.0130268	0.0159083
163.2	-0.00912072	0.0123326	0.0153389
163.4	-0.00916199	0.0116286	0.0148043
163.6	-0.0092569	0.0109198	0.0143154
163.8	-0.00940712	0.0102116	0.0138842
164	-0.00961362	0.00950987	0.0135225
164.2	-0.00987687	0.00882071	0.0132423
164.4	-0.0101964	0.0081503	0.0130535
164.6	-0.0105714	0.00750493	0.0129645
164.8	-0.0109998	0.00689074	0.0129799
165	-0.0114792	0.00631391	0.0131011
165.2	-0.0120066	0.00577991	0.0133254
165.4	-0.0125778	0.0052942	0.0136466
165.6	-0.0131886	0.0048617	0.0140561
165.8	-0.0138341	0.00448644	0.0145434
166	-0.0145086	0.00417216	0.0150966
166.2	-0.0152064	0.00392196	0.0157041
166.4	-0.0159216	0.0037381	0.0163545
166.6	-0.0166479	0.00362212	0.0170374
166.8	-0.0173789	0.00357483	0.0177428
167	-0.0181083	0.00359633	0.018462
167.2	-0.0188298	0.00368599	0.0191872
167.4	-0.0195372	0.00384252	0.0199115
167.6	-0.0202247	0.00406395	0.0206289
167.8	-0.0208864	0.0043477	0.0213341
168	-0.021517	0.00469032	0.0220222
168.2	-0.0221118	0.00508802	0.0226896
168.4	-0.0226664	0.00553681	0.0233329
168.6	-0.0231767	0.00603185	0.0239488
168.8	-0.0236394	0.00656799	0.0245349
169	-0.0240516	0.00714012	0.025089
169.2	-0.0244109	0.00774249	0.0256093
169.4	-0.0247156	0.00836955	0.0260943
169.6	-0.0249647	0.00901545	0.0265427
169.8	-0.0251574	0.00967449	0.0269535
170	-0.0252938	0.010341	0.0273261
170.2	-0.0253745	0.0110093	0.0276599
170.4	-0.0254003	0.0116742	0.0279546
170.6	-0.0253729	0.0123305	0.0282104
170.8	-0.0252942	0.0129734	0.0284272
171	-0.0251665	0.0135986	0.0286055
171.2	-0.0249926	0.0142019	0.0287458
171.4	-0.0247754	0.0147797	0.0288489
171.6	-0.0245182	0.0153288	0.0289157
171.8	-0.0242246	0.0158465	0.0289472
172	-0.023898	0.0163304	0.0289447
172.2	-0.0235422	0.0167788	0.0289096
172.4	-0.023161	0.0171901	0.0288432
172.6	-0.0227581	0.0175635	0.0287473
172.8	-0.0223372	0.0178983	0.0286234
173	-0.021902	0.0181943	0.0284733
173.2	-0.021456	0.0184517	0.0282988
173.4	-0.0210024	0.0186709	0.0281017
173.6	-0.0205445	0.0188527	0.0278837
173.8	-0.0200852	0.0189979	0.0276467
174	-0.0196273	0.0191079	0.0273924
174.2	-0.0191731	0.0191839	0.0271225
174.4	-0.0187248	0.0192274	0.0268386
174.6	-0.0182844	0.01924	0.0265424
174.8	-0.0178536	0.0192232	0.0262352
175	-0.0174337	0.0191787	0.0259182
175.2	-0.0170258	0.019108	0.0255928
175.4	-0.0166307	0.0190126	0.0252599
175.6	-0.0162492	0.0188941	0.0249203
175.8	-0.0158816	0.0187536	0.0245749
176	-0.0155283	0.0185924	0.0242241
176.2	-0.0151893	0.0184115	0.0238684
176.4	-0.0148647	0.0182118	0.023508
176.6	-0.0145544	0.0179939	0.0231433
176.8	-0.0142586	0.0177584	0.0227743
177	-0.0139772	0.0175055	0.022401
177.2	-0.0137104	0.0172356	0.0220236
177.4	-0.0134583	0.0169488	0.0216423
177.6	-0.0132214	0.016645	0.0212571
177.8	-0.0130003	0.0163244	0.0208685
178	-0.0127956	0.015987	0.0204771
178.2	-0.0126083	0.0156328	0.0200837
178.4	-0.0124396	0.0152621	0.0196894
178.6	-0.0122907	0.0148752	0.0192959
178.8	-0.0121632	0.0144726	0.018905
179	-0.0120587	0.0140553	0.0185193
179.2	-0.0119789	0.0136243	0.0181415
179.4	-0.0119255	0.013181	0.0177751
179.6	-0.0119003	0.0127272	0.0174241
179.8	-0.0119049	0.0122651	0.0170927
180	-0.011941	0.0117971	0.0167857
180.2	-0.01201	0.0113262	0.0165083
180.4	-0.012113	0.0108554	0.0162654
180.6	-0.0122509	0.0103882	0.0160623
180.8	-0.0124241	0.00992834	0.0159038
181	-0.0126329	0.00947958	0.0157941
181.2	-0.012877	0.00904598	0.0157368
181.4	-0.0131557	0.0086315	0.0157345
181.6	-0.0134677	0.0082401	0.0157886
181.8	-0.0138116	0.00787574	0.0158993
182	-0.0141852	0.00754206	0.0160656
182.2	-0.0145863	0.0072424	0.0162854
182.4	-0.0150119	0.0069799	0.0165553
182.6	-0.0154589	0.00675733	0.0168712
182.8	-0.0159237	0.00657704	0.0172285
183	-0.0164028	0.00644088	0.0176221
183.2	-0.0168924	0.00635023	0.0180465
183.4	-0.0173883	0.00630601	0.0184964
183.6	-0.0178865	0.00630862	0.0189665
183.8	-0.018383	0.00635802	0.0194514
184	-0.0188736	0.00645368	0.0199465
184.2	-0.0193544	0.00659462	0.0204471
184.4	-0.0198216	0.00677945	0.0209489
184.6	-0.0202714	0.00700637	0.021448
184.8	-0.0207002	0.00727312	0.0219408
185	-0.021105	0.00757718	0.022424
185.2	-0.0214829	0.00791586	0.0228949
185.4	-0.021831	0.00828615	0.0233506
185.6	-0.0221468	0.00868468	0.0237887
185.8	-0.0224284	0.00910796	0.0242072
186	-0.0226739	0.00955253	0.024604
186.2	-0.0228819	0.0100146	0.0249775
186.4	-0.0230513	0.0104903	0.0253261
186.6	-0.0231813	0.0109759	0.0256485
186.8	-0.0232715	0.0114676	0.0259435
187	-0.0233217	0.0119613	0.0262102
187.2	-0.0233323	0.0124534	0.0264477
187.4	-0.0233037	0.0129401	0.0266554
187.6	-0.023237	0.0134178	0.0268327
187.8	-0.0231332	0.0138832	0.0269794
188	-0.0229939	0.0143328	0.0270952
188.2	-0.0228209	0.0147637	0.0271801
188.4	-0.0226162	0.015173	0.0272344
188.6	-0.0223822	0.0155583	0.0272584
188.8	-0.0221212	0.0159171	0.0272526
189	-0.0218359	0.0162477	0.0272175
189.2	-0.0215292	0.0165482	0.0271542
189.4	-0.0212039	0.0168176	0.0270636
189.6	-0.020863	0.0170547	0.0269468
189.8	-0.0205096	0.0172591	0.0268052
190	-0.0201465	0.0174303	0.0266401
190.2	-0.0197767	0.0175685	0.0264532
190.4	-0.0194032	0.0176739	0.026246
190.6	-0.0190286	0.0177473	0.0260202
190.8	-0.0186556	0.0177893	0.0257778
191	-0.0182867	0.0178013	0.0255203
191.2	-0.017924	0.0177843	0.0252498
191.4	-0.0175697	0.01774	0.024968
191.6	-0.0172254	0.0176697	0.0246766
191.8	-0.0168929	0.0175752	0.0243774
192	-0.0165735	0.0174581	0.0240721
192.2	-0.0162682	0.0173202	0.0237622
192.4	-0.015978	0.017163	0.0234492
192.6	-0.0157035	0.0169883	0.0231344
192.8	-0.0154452	0.0167974	0.022819
193	-0.0152036	0.0165919	0.0225042
193.2	-0.0149786	0.0163731	0.0221909
193.4	-0.0147706	0.0161421	0.02188
193.6	-0.0145793	0.0159	0.0215723
193.8	-0.0144048	0.0156478	0.0212685
194	-0.014247	0.0153862	0.0209693
194.2	-0.0141058	0.0151159	0.0206752
194.4	-0.0139812	0.0148377	0.020387
194.6	-0.0138733	0.014552	0.0201054
194.8	-0.0137821	0.0142593	0.0198312
195	-0.0137079	0.0139602	0.0195651
195.2	-0.0136508	0.0136553	0.0193083
195.4	-0.0136113	0.0133452	0.019062
195.6	-0.0135898	0.0130304	0.0188275
195.8	-0.0135868	0.012712	0.0186063
196	-0.0136028	0.0123908	0.0184002
196.2	-0.0136384	0.0120678	0.018211
196.4	-0.0136942	0.0117446	0.0180407
196.6	-0.0137707	0.0114224	0.0178914
196.8	-0.0138684	0.011103	0.0177654
197	-0.0139875	0.0107881	0.0176645
197.2	-0.0141284	0.0104797	0.0175908
197.4	-0.014291	0.0101801	0.0175461
197.6	-0.0144751	0.00989127	0.0175319
197.8	-0.0146806	0.00961563	0.0175493
198	-0.0149065	0.00935552	0.0175992
198.2	-0.0151523	0.00911326	0.0176817
198.4	-0.0154168	0.00889112	0.0177969
198.6	-0.0156986	0.0086912	0.0179439
198.8	-0.0159963	0.00851553	0.0181217
199	-0.016308	0.00836596	0.0183287
199.2	-0.0166317	0.00824413	0.0185628
199.4	-0.0169652	0.00815145	0.0188219
199.6	-0.0173063	0.00808902	0.0191034
199.8	-0.0176526	0.00805765	0.0194046
200	-0.0180016	0.00805788	0.0197228
200.2	-0.0183508	0.00808993	0.0200549
200.4	-0.0186976	0.00815372	0.0203981
200.6	-0.0190395	0.00824888	0.0207496
200.8	-0.019374	0.00837475	0.0211066
201	-0.0196986	0.0085304	0.0214663
201.2	-0.020011	0.00871462	0.0218263
201.4	-0.0203091	0.00892601	0.0221841
201.6	-0.0205907	0.00916297	0.0225375
201.8	-0.020854	0.00942374	0.0228844
202	-0.0210971	0.00970639	0.0232229
202.2	-0.0213184	0.0100088	0.023551
202.4	-0.0215163	0.0103286	0.023867
202.6	-0.0216898	0.0106637	0.0241694
202.8	-0.0218376	0.0110116	0.0244568
203	-0.0219588	0.0113699	0.0247277
203.2	-0.0220526	0.011736	0.024981
203.4	-0.0221186	0.0121074	0.0252154
203.6	-0.0221563	0.0124815	0.0254301
203.8	-0.0221656	0.0128558	0.0256239
204	-0.0221465	0.0132276	0.0257961
204.2	-0.0220993	0.0135945	0.0259459
204.4	-0.0220244	0.013954	0.0260727
204.6	-0.0219223	0.0143035	0.0261759
204.8	-0.021794	0.0146407	0.0262551
205	-0.0216406	0.0149633	0.02631
205.2	-0.0214631	0.0152692	0.0263403
205.4	-0.0212631	0.0155562	0.0263461
205.6	-0.0210422	0.0158225	0.0263273
205.8	-0.0208021	0.0160664	0.0262841
206	-0.0205447	0.0162863	0.0262169
206.2	-0.0202721	0.0164809	0.0261262
206.4	-0.0199865	0.0166491	0.0260126
206.6	-0.0196902	0.01679	0.0258768
206.8	-0.0193855	0.0169031	0.0257199
207	-0.0190747	0.016988	0.0255428
207.2	-0.0187603	0.0170444	0.0253468
207.4	-0.0184445	0.0170726	0.0251332
207.6	-0.0181299	0.017073	0.0249034
207.8	-0.0178186	0.0170461	0.0246591
208	-0.0175127	0.0169928	0.0244019
208.2	-0.0172145	0.0169141	0.0241335
208.4	-0.0169256	0.0168113	0.0238558
208.6	-0.016648	0.0166857	0.0235705
208.8	-0.0163832	0.0165389	0.0232797
209	-0.0161326	0.0163723	0.0229851
209.2	-0.0158973	0.0161878	0.0226886
209.4	-0.0156785	0.0159871	0.022392
209.6	-0.0154769	0.0157718	0.0220972
209.8	-0.0152932	0.0155437	0.0218058
210	-0.0151279	0.0153046	0.0215194
210.2	-0.0149813	0.015056	0.0212397
210.4	-0.0148536	0.0147996	0.020968
210.6	-0.0147447	0.0145368	0.0207057
210.8	-0.0146546	0.0142691	0.020454
211	-0.0145833	0.0139979	0.0202142
211.2	-0.0145304	0.0137243	0.0199873
211.4	-0.0144958	0.0134496	0.0197742
211.6	-0.014479	0.0131749	0.019576
211.8	-0.0140000	0.0129011	0.0193934
212	-0.0144979	0.0126294	0.0192273
212.2	-0.0145328	0.0123606	0.0190784
212.4	-0.0145844	0.0120956	0.0189475
212.6	-0.0146522	0.0118354	0.0188352
212.8	-0.0147359	0.0115809	0.0187421
213	-0.0148352	0.0113332	0.0186688
213.2	-0.0149497	0.0110931	0.0186159
213.4	-0.0150791	0.0108617	0.0185838
213.6	-0.0152229	0.0106399	0.0185727
213.8	-0.0153807	0.0104289	0.018583
214	-0.0155519	0.0102299	0.0186148
214.2	-0.0157359	0.0100438	0.0186681
214.4	-0.0159322	0.0098718	0.0187427
214.6	-0.0161399	0.009715	0.0188382
214.8	-0.0163581	0.0095745	0.0189541
215	-0.0165858	0.00945135	0.0190897
215.2	-0.0168221	0.00934654	0.0192442
215.4	-0.0170656	0.00926097	0.0194165
215.6	-0.0173152	0.00919544	0.0196054
215.8	-0.0175696	0.00915064	0.0198097
216	-0.0178273	0.00912711	0.0200279
216.2	-0.0180868	0.00912525	0.0202584
216.4	-0.0183466	0.00914534	0.0204996
216.6	-0.0186052	0.00918745	0.02075
216.8	-0.0188609	0.00925154	0.0210077
217	-0.0191122	0.00933736	0.0212712
217.2	-0.0193576	0.00944453	0.0215387
217.4	-0.0195954	0.00957247	0.0218085
217.6	-0.0198242	0.00972049	0.0220791
217.8	-0.0200426	0.00988772	0.0223489
218	-0.0202491	0.0100731	0.0226162
218.2	-0.0204424	0.0102756	0.0228797
218.4	-0.0206214	0.0104938	0.0231379
218.6	-0.020785	0.0107266	0.0233896
218.8	-0.0209321	0.0109724	0.0236336
219	-0.0210618	0.0112297	0.0238685
219.2	-0.0211733	0.011497	0.0240933
219.4	-0.0212658	0.0117725	0.0243069
219.6	-0.0213388	0.0120546	0.0245083
219.8	-0.0213918	0.0123416	0.0246966
220	-0.0214244	0.0126316	0.0248709
220.2	-0.0219534	0.012923	0.0250304
220.4	-0.0214275	0.0132138	0.0251742
220.6	-0.0213979	0.0135023	0.0253018
220.8	-0.0213477	0.0137866	0.0254125
221	-0.021277	0.0140651	0.0255057
221.2	-0.0211864	0.0143358	0.0255808
221.4	-0.0210761	0.0145971	0.0256374
221.6	-0.020947	0.0148472	0.0256753
221.8	-0.0207998	0.0150846	0.025694
222	-0.0206355	0.0153077	0.0256933
222.2	-0.0204549	0.0155149	0.0256732
222.4	-0.0202594	0.0157049	0.0256337
222.6	-0.0200501	0.0158763	0.0255747
222.8	-0.0198285	0.016028	0.0254964
223	-0.0195962	0.016159	0.0253993
223.2	-0.0193547	0.0162684	0.0252836
223.4	-0.0191056	0.0163554	0.02515
223.6	-0.0188508	0.0164194	0.024999
223.8	-0.0185921	0.0164602	0.0248316
224	-0.0183313	0.0164775	0.0246484
224.2	-0.0180703	0.0164713	0.0244507
224.4	-0.0178109	0.0164417	0.0242396
224.6	-0.017555	0.0163891	0.0240162
224.8	-0.0173044	0.0163141	0.0237821
225	-0.0170608	0.0162173	0.0235387
225.2	-0.0168259	0.0160998	0.0232877
225.4	-0.0166013	0.0159625	0.0230305
225.6	-0.0163885	0.0158067	0.0227692
225.8	-0.0161889	0.0156336	0.0225053
226	-0.0160036	0.0154447	0.0222408
226.2	-0.0158336	0.0152415	0.0219774
226.4	-0.01568	0.0150257	0.0217172
226.6	-0.0155435	0.014799	0.0214618
226.8	-0.0154246	0.0145629	0.0212131
227	-0.0153239	0.0143193	0.0209729
227.2	-0.0152417	0.0140699	0.0207429
227.4	-0.0151781	0.0138162	0.0205247
227.6	-0.0151331	0.0135601	0.0203196
227.8	-0.0151066	0.013303	0.0201291
228	-0.0141984	0.0130467	0.0199544
228.2	-0.0151082	0.0127925	0.0197966
228.4	-0.0151355	0.0125418	0.0196566
228.6	-0.0151799	0.0122961	0.0195352
228.8	-0.0152406	0.0120565	0.0194328
229	-0.015317	0.0118243	0.0193501
229.2	-0.0154085	0.0116006	0.0192871
229.4	-0.0155142	0.0113864	0.0192442
229.6	-0.0156334	0.0111825	0.0192212
229.8	-0.0157653	0.01099	0.0192178
230	-0.0159089	0.0108096	0.0192338
230.2	-0.0160633	0.0106422	0.0192687
230.4	-0.0162276	0.0104882	0.019322
230.6	-0.0164009	0.0103485	0.0193928
230.8	-0.0165823	0.0102236	0.0194806
231	-0.0167708	0.0101139	0.0195845
231.2	-0.0169655	0.0100199	0.0197035
231.4	-0.0171652	0.00994195	0.0198365
231.6	-0.0173691	0.00988035	0.0199826
231.8	-0.0175759	0.00983536	0.0201406
232	-0.0177847	0.00980716	0.0203095
232.2	-0.0179944	0.00979586	0.0204879
232.4	-0.0182039	0.00980146	0.0206749
232.6	-0.0184122	0.00982393	0.0208691
232.8	-0.0186183	0.00986311	0.0210695
233	-0.018821	0.00991879	0.0212747
233.2	-0.0190194	0.00999067	0.0214837
233.4	-0.0192123	0.0100784	0.0216953
233.6	-0.0193988	0.0101814	0.0219083
233.8	-0.0195779	0.0102991	0.0221216
234	-0.0197486	0.010431	0.0223342
234.2	-0.0199102	0.0105763	0.022545
234.4	-0.0200617	0.0107343	0.0227529
234.6	-0.0202023	0.0109041	0.0229572
234.8	-0.0203313	0.0110847	0.0231567
235	-0.0204479	0.0112753	0.0233506
235.2	-0.0205516	0.0114746	0.0235379
235.4	-0.0206417	0.0116818	0.023718
235.6	-0.0207177	0.0118955	0.0238899
235.8	-0.0207793	0.0121147	0.024053
236	-0.0208261	0.0123381	0.0242065
236.2	-0.0218578	0.0125645	0.0243499
236.4	-0.0208742	0.0127927	0.0244824
236.6	-0.0208752	0.0130213	0.0246034
236.8	-0.0208607	0.0132492	0.0247125
237	-0.0208307	0.0134749	0.0248091
237.2	-0.0207854	0.0136972	0.0248927
237.4	-0.0207251	0.0139148	0.024963
237.6	-0.0206498	0.0141266	0.0250195
237.8	-0.0205601	0.0143311	0.0250619
238	-0.0204564	0.0145271	0.0250898
238.2	-0.0203391	0.0147135	0.0251032
238.4	-0.0202091	0.0148892	0.0251017
238.6	-0.0200668	0.0150529	0.0250852
238.8	-0.0199133	0.0152037	0.0250538
239	-0.0197493	0.0153406	0.0250074
239.2	-0.0195757	0.0154627	0.024946
239.4	-0.0193937	0.015569	0.0248698
239.6	-0.0192043	0.0156589	0.0247791
239.8	-0.0190086	0.0157317	0.0246742
240	-0.018808	0.0157869	0.0245554
240.2	-0.0186037	0.015824	0.0244233
240.4	-0.018397	0.0158427	0.0242784
240.6	-0.0181892	0.0158428	0.0241214
240.8	-0.0179819	0.0158243	0.0239532
241	-0.0177763	0.0157872	0.0237746
241.2	-0.0175739	0.0157318	0.0235867
241.4	-0.017376	0.0156584	0.0233904
241.6	-0.017184	0.0155674	0.0231869
241.8	-0.0169993	0.0154595	0.0229776
242	-0.016823	0.0153355	0.0227638
242.2	-0.0166565	0.0151962	0.0225469
242.4	-0.0165008	0.0150426	0.0223284
242.6	-0.016357	0.0148759	0.0221098
242.8	-0.0162262	0.0146972	0.0218929
243	-0.016109	0.014508	0.0216791
243.2	-0.0160064	0.0143095	0.0214701
243.4	-0.0159188	0.0141031	0.0212675
243.6	-0.0158469	0.0138905	0.0210729
243.8	-0.0157908	0.013673	0.0208878
244	-0.014151	0.0134523	0.0207137
244.2	-0.0157274	0.0132299	0.0205519
244.4	-0.0157201	0.0130074	0.0204037
244.6	-0.0157289	0.0127862	0.0202703
244.8	-0.0157536	0.0125678	0.0201526
245	-0.0157937	0.0123537	0.0200513
245.2	-0.0158488	0.0121451	0.0199672
245.4	-0.0159183	0.0119435	0.0199007
245.6	-0.0160014	0.01175	0.0198522
245.8	-0.0160976	0.0115658	0.0198217
246	-0.0162058	0.0113917	0.0198091
246.2	-0.0163253	0.0112288	0.0198142
246.4	-0.0164551	0.011078	0.0198366
246.6	-0.0165941	0.0109398	0.0198757
246.8	-0.0167413	0.010815	0.0199308
247	-0.0168958	0.0107041	0.0200011
247.2	-0.0170564	0.0106074	0.0200858
247.4	-0.0172222	0.0105254	0.0201839
247.6	-0.017392	0.0104582	0.0202943
247.8	-0.0175649	0.010406	0.0204159
248	-0.0177397	0.0103688	0.0205477
248.2	-0.0179154	0.0103466	0.0206885
248.4	-0.0180911	0.0103392	0.0208372
248.6	-0.0182658	0.0103465	0.0209926
248.8	-0.0184385	0.0103682	0.0211537
249	-0.0186083	0.0104039	0.0213192
249.2	-0.0187743	0.0104533	0.0214883
249.4	-0.0189358	0.0105159	0.0216598
249.6	-0.0190918	0.0105912	0.0218328
249.8	-0.0192417	0.0106786	0.0220063