# Frequency	Magnitude
0	1.99154e-17
0.00488281	2.77959e-05
0.00976563	1.67679e-05
0.0146484	1.46062e-05
0.0195313	1.39284e-05
0.0244141	1.04508e-05
0.0292969	8.08172e-06
0.0341797	8.16684e-06
0.0390625	7.41387e-06
0.0439453	5.68573e-06
0.0488281	5.19369e-06
0.0537109	5.45882e-06
0.0585938	4.78469e-06
0.0634766	3.83514e-06
0.0683594	3.92478e-06
0.0732422	4.06193e-06
0.078125	3.43924e-06
0.0830078	2.9616e-06
0.0878906	3.23511e-06
0.0927734	3.21939e-06
0.0976563	2.67695e-06
0.102539	2.52617e-06
0.107422	2.80013e-06
0.112305	2.6293e-06
0.117188	2.18011e-06
0.12207	2.22975e-06
0.126953	2.40274e-06
0.131836	2.12728e-06
0.136719	1.82525e-06
0.141602	1.99115e-06
0.146484	2.05646e-06
0.151367	1.74955e-06
0.15625	1.60802e-06
0.161133	1.80661e-06
0.166016	1.7678e-06
0.170898	1.47826e-06
0.175781	1.47614e-06
0.180664	1.64637e-06
0.185547	1.5219e-06
0.19043	1.29112e-06
0.195313	1.38815e-06
0.200195	1.49482e-06
0.205078	1.31386e-06
0.209961	1.17066e-06
0.214844	1.31743e-06
0.219727	1.34693e-06
0.224609	1.14437e-06
0.229492	1.09863e-06
0.234375	1.24847e-06
0.239258	1.20351e-06
0.244141	1.01544e-06
0.249023	1.05604e-06
0.253906	1.17361e-06
0.258789	1.0687e-06
0.263672	9.26792e-07
0.268555	1.02617e-06
0.273438	1.09063e-06
0.27832	9.48366e-07
0.283203	8.7346e-07
0.288086	9.96782e-07
0.292969	1.00095e-06
0.297852	8.48759e-07
0.302734	8.45781e-07
0.307617	9.60494e-07
0.3125	9.08505e-07
0.317383	7.74668e-07
0.322266	8.32017e-07
0.327148	9.14102e-07
0.332031	8.18885e-07
0.336914	7.27306e-07
0.341797	8.21526e-07
0.34668	8.57628e-07
0.351563	7.385e-07
0.356445	7.03046e-07
0.361328	8.06596e-07
0.366211	7.93513e-07
0.371094	6.73472e-07
0.375977	6.94334e-07
0.380859	7.82813e-07
0.385742	7.25979e-07
0.390625	6.27977e-07
0.395508	6.92317e-07
0.400391	7.48685e-07
0.405273	6.60459e-07
0.410156	6.02508e-07
0.415039	6.89297e-07
0.419922	7.05084e-07
0.424805	6.02877e-07
0.429688	5.93311e-07
0.43457	6.79948e-07
0.439453	6.54742e-07
0.444336	5.58508e-07
0.449219	5.93765e-07
0.454102	6.61486e-07
0.458984	6.01814e-07
0.463867	5.30396e-07
0.46875	5.96748e-07
0.473633	6.33386e-07
0.478516	5.51392e-07
0.483398	5.18004e-07
0.488281	5.96437e-07
0.493164	5.96999e-07
0.498047	5.0877e-07
0.50293	5.17269e-07
0.507813	5.89046e-07
0.512695	5.55197e-07
0.517578	4.78259e-07
0.522461	5.22243e-07
0.527344	5.72861e-07
0.532227	5.12017e-07
0.537109	4.61713e-07
0.541992	5.2708e-07
0.546875	5.4801e-07
0.551758	4.72197e-07
0.556641	4.57635e-07
0.561523	5.27307e-07
0.566406	5.16169e-07
0.571289	4.40379e-07
0.576172	4.61766e-07
0.581055	5.20236e-07
0.585938	4.80298e-07
0.59082	4.19886e-07
0.595703	4.68771e-07
0.600586	5.04927e-07
0.605469	4.44313e-07
0.610352	4.11442e-07
0.615234	4.73843e-07
0.620117	4.81983e-07
0.625	4.12592e-07
0.629883	4.1278e-07
0.634766	4.73544e-07
0.639648	4.53332e-07
0.644531	3.89105e-07
0.649414	4.19604e-07
0.654297	4.66023e-07
0.65918	4.21993e-07
0.664063	3.76188e-07
0.668945	4.27195e-07
0.673828	4.50925e-07
0.678711	3.91755e-07
0.683594	3.73559e-07
0.688477	4.3162e-07
0.693359	4.29231e-07
0.698242	3.66615e-07
0.703125	3.78391e-07
0.708008	4.30272e-07
0.712891	4.03065e-07
0.717773	3.49836e-07
0.722656	3.86514e-07
0.727539	4.21955e-07
0.732422	3.75485e-07
0.737305	3.42793e-07
0.742188	3.93813e-07
0.74707	4.06782e-07
0.751953	3.50127e-07
0.756836	3.44344e-07
0.761719	3.97109e-07
0.766602	3.86034e-07
0.771484	3.30569e-07
0.776367	3.51323e-07
0.78125	3.94472e-07
0.786133	3.61997e-07
0.791016	3.19326e-07
0.795898	3.59808e-07
0.800781	3.85237e-07
0.805664	3.37741e-07
0.810547	3.16866e-07
0.81543	3.66271e-07
0.820313	3.69899e-07
0.825195	3.16715e-07
0.830078	3.21364e-07
0.834961	3.68181e-07
0.839844	3.4999e-07
0.844727	3.02016e-07
0.849609	3.29509e-07
0.854492	3.64175e-07
0.859375	3.27925e-07
0.864258	2.9539e-07
0.869141	3.37713e-07
0.874023	3.54026e-07
0.878906	3.06755e-07
0.883789	2.96476e-07
0.888672	3.43004e-07
0.893555	3.3855e-07
0.898438	2.89685e-07
0.90332	3.02958e-07
0.908203	3.43413e-07
0.913086	3.19491e-07
0.917969	2.79273e-07
0.922852	3.1154e-07
0.927734	3.38054e-07
0.932617	2.9936e-07
0.9375	2.76486e-07
0.942383	3.19021e-07
0.947266	3.27072e-07
0.952148	2.81144e-07
0.957031	2.80255e-07
0.961914	3.22941e-07
0.966797	3.11555e-07
0.97168	2.67746e-07
0.976563	2.87953e-07
0.981445	3.21822e-07
0.986328	2.93426e-07
0.991211	2.61121e-07
0.996094	2.96428e-07
1.00098	3.15186e-07
1.00586	2.75258e-07
1.01074	2.61485e-07
1.01563	3.02882e-07
1.02051	3.03498e-07
1.02539	2.59925e-07
1.03027	2.67202e-07
1.03516	3.05326e-07
1.04004	2.88082e-07
1.04492	2.49949e-07
1.0498	2.75501e-07
1.05469	3.02712e-07
1.05957	2.71007e-07
1.06445	2.46642e-07
1.06934	2.83459e-07
1.07422	2.94916e-07
1.0791	2.5487e-07
1.08398	2.49532e-07
1.08887	2.88686e-07
1.09375	2.82681e-07
1.09863	2.42368e-07
1.10352	2.56568e-07
1.1084	2.89618e-07
1.11328	2.67537e-07
1.11816	2.35568e-07
1.12305	2.64974e-07
1.12793	2.85584e-07
1.13281	2.51668e-07
1.1377	2.35124e-07
1.14258	2.72114e-07
1.14746	2.76773e-07
1.15234	2.37645e-07
1.15723	2.39965e-07
1.16211	2.75989e-07
1.16699	2.64173e-07
1.17188	2.27915e-07
1.17676	2.47781e-07
1.18164	2.75421e-07
1.18652	2.4949e-07
1.19141	2.24028e-07
1.19629	2.55904e-07
1.20117	2.70074e-07
1.20605	2.34989e-07
1.21094	2.25992e-07
1.21582	2.62007e-07
1.2207	2.60412e-07
1.22559	2.23161e-07
1.23047	2.32261e-07
1.23535	2.64465e-07
1.24023	2.47644e-07
1.24512	2.16121e-07
1.25	2.40404e-07
1.25488	2.62446e-07
1.25977	2.33625e-07
1.26465	2.14857e-07
1.26953	2.47934e-07
1.27441	2.55915e-07
1.2793	2.20659e-07
1.28418	2.18782e-07
1.28906	2.52851e-07
1.29395	2.45585e-07
1.29883	2.11085e-07
1.30371	2.26006e-07
1.30859	2.53871e-07
1.31348	2.32859e-07
1.31836	2.06617e-07
1.32324	2.34095e-07
1.32813	2.5048e-07
1.33301	2.19711e-07
1.33789	2.07657e-07
1.34277	2.40796e-07
1.34766	2.42914e-07
1.35254	2.08434e-07
1.35742	2.13108e-07
1.3623	2.44427e-07
1.36719	2.32111e-07
1.37207	2.01145e-07
1.37695	2.20866e-07
1.38184	2.44026e-07
1.38672	2.19645e-07
1.3916	1.99084e-07
1.39648	2.28589e-07
1.40137	2.39367e-07
1.40625	2.07575e-07
1.41113	2.02087e-07
1.41602	2.34282e-07
1.4209	2.30931e-07
1.42578	1.98123e-07
1.43066	2.0865e-07
1.43555	2.36574e-07
1.44043	2.19861e-07
1.44531	1.93103e-07
1.4502	2.16575e-07
1.45508	2.34799e-07
1.45996	2.07878e-07
1.46484	1.93242e-07
1.46973	2.23677e-07
1.47461	2.28994e-07
1.47949	1.97085e-07
1.48438	1.97852e-07
1.48926	2.28235e-07
1.49414	2.19867e-07
1.49902	1.89563e-07
1.50391	2.05141e-07
1.50879	2.29172e-07
1.51367	2.08747e-07
1.51855	1.86748e-07
1.52344	2.12918e-07
1.52832	2.26094e-07
1.5332	1.97472e-07
1.53809	1.88837e-07
1.54297	2.19199e-07
1.54785	2.19284e-07
1.55273	1.88137e-07
1.55762	1.94697e-07
1.5625	2.22537e-07
1.56738	2.09658e-07
1.57227	1.82608e-07
1.57715	2.02361e-07
1.58203	2.22131e-07
1.58691	1.98712e-07
1.5918	1.81882e-07
1.59668	2.09723e-07
1.60156	2.17845e-07
1.60645	1.88365e-07
1.61133	1.85641e-07
1.61621	2.15029e-07
1.62109	2.10186e-07
1.62598	1.80644e-07
1.63086	1.92401e-07
1.63574	2.17097e-07
1.64063	2.00266e-07
1.64551	1.77125e-07
1.65039	2.00127e-07
1.65527	2.15389e-07
1.66016	1.89721e-07
1.66504	1.7832e-07
1.66992	2.06855e-07
1.6748	2.10008e-07
1.67969	1.80512e-07
1.68457	1.83447e-07
1.68945	2.1107e-07
1.69434	2.01673e-07
1.69922	1.74528e-07
1.7041	1.90775e-07
1.70898	2.11851e-07
1.71387	1.91673e-07
1.71875	1.72978e-07
1.72363	1.98288e-07
1.72852	2.08906e-07
1.7334	1.81758e-07
1.73828	1.75884e-07
1.74316	2.04204e-07
1.74805	2.02562e-07
1.75293	1.73879e-07
1.75781	1.82067e-07
1.7627	2.0725e-07
1.76758	1.93737e-07
1.77246	1.69709e-07
1.77734	1.89658e-07
1.78223	2.06755e-07
1.78711	1.83879e-07
1.79199	1.70035e-07
1.79688	1.96722e-07
1.80176	2.02658e-07
1.80664	1.74819e-07
1.81152	1.74406e-07
1.81641	2.01686e-07
1.82129	1.955e-07
1.82617	1.68434e-07
1.83105	1.81338e-07
1.83594	2.03517e-07
1.84082	1.86384e-07
1.8457	1.66105e-07
1.85059	1.88912e-07
1.85547	2.0178e-07
1.86035	1.76897e-07
1.86523	1.68162e-07
1.87012	1.95331e-07
1.875	1.96637e-07
1.87988	1.68905e-07
1.88477	1.73728e-07
1.88965	1.99238e-07
1.89453	1.8883e-07
1.89941	1.64141e-07
1.9043	1.81112e-07
1.90918	1.99835e-07
1.91406	1.79636e-07
1.91895	1.63626e-07
1.92383	1.88425e-07
1.92871	1.96914e-07
1.93359	1.7075e-07
1.93848	1.67224e-07
1.94336	1.94037e-07
1.94824	1.9085e-07
1.95313	1.6402e-07
1.95801	1.73705e-07
1.96289	1.96812e-07
1.96777	1.82575e-07
1.97266	1.60959e-07
1.97754	1.81265e-07
1.98242	1.96182e-07
1.9873	1.73523e-07
1.99219	1.62175e-07
1.99707	1.88102e-07
2.00195	1.92156e-07
2.00684	1.65464e-07
2.01172	1.67089e-07
2.0166	1.92777e-07
2.02148	1.85313e-07
2.02637	1.60163e-07
2.03125	1.74205e-07
2.03613	1.94375e-07
2.04102	1.76768e-07
2.0459	1.58836e-07
2.05078	1.81689e-07
2.05566	1.92548e-07
2.06055	1.68087e-07
2.06543	1.61648e-07
2.07031	1.87867e-07
2.0752	1.87517e-07
2.08008	1.61069e-07
2.08496	1.67631e-07
2.08984	1.91506e-07
2.09473	1.80057e-07
2.09961	1.57325e-07
2.10449	1.75111e-07
2.10938	1.91907e-07
2.11426	1.71452e-07
2.11914	1.57709e-07
2.12402	1.82291e-07
2.12891	1.88937e-07
2.13379	1.63372e-07
2.13867	1.61939e-07
2.14355	1.87661e-07
2.14844	1.83021e-07
2.15332	1.57591e-07
2.1582	1.6873e-07
2.16309	1.90191e-07
2.16797	1.75122e-07
2.17285	1.55486e-07
2.17773	1.76319e-07
2.18262	1.89399e-07
2.1875	1.66678e-07
2.19238	1.57502e-07
2.19727	1.82997e-07
2.20215	1.8536e-07
2.20703	1.59427e-07
2.21191	1.6294e-07
2.2168	1.87435e-07
2.22168	1.78699e-07
2.22656	1.55049e-07
2.23145	1.70279e-07
2.23633	1.88812e-07
2.24121	1.70558e-07
2.24609	1.54615e-07
2.25098	1.7774e-07
2.25586	1.86854e-07
2.26074	1.62505e-07
2.26563	1.58134e-07
2.27051	1.83746e-07
2.27539	1.81842e-07
2.28027	1.563e-07
2.28516	1.64546e-07
2.29004	1.87156e-07
2.29492	1.74595e-07
2.2998	1.53452e-07
2.30469	1.72178e-07
2.30957	1.87357e-07
2.31445	1.66422e-07
2.31934	1.54665e-07
2.32422	1.79299e-07
2.3291	1.84283e-07
2.33398	1.58995e-07
2.33887	1.59516e-07
2.34375	1.84487e-07
2.34863	1.78416e-07
2.35352	1.54032e-07
2.3584	1.66655e-07
2.36328	1.86799e-07
2.36816	1.70762e-07
2.37305	1.52796e-07
2.37793	1.7434e-07
2.38281	1.85827e-07
2.3877	1.62783e-07
2.39258	1.55577e-07
2.39746	1.80933e-07
2.40234	1.81709e-07
2.40723	1.56211e-07
2.41211	1.61557e-07
2.41699	1.85185e-07
2.42188	1.75126e-07
2.42676	1.52657e-07
2.43164	1.69176e-07
2.43652	1.86352e-07
2.44141	1.67262e-07
2.44629	1.53061e-07
2.45117	1.7669e-07
2.45605	1.84232e-07
2.46094	1.59711e-07
2.46582	1.57284e-07
2.4707	1.8259e-07
2.47559	1.79164e-07
2.48047	1.54215e-07
2.48535	1.64167e-07
2.49023	1.85812e-07
2.49512	1.72024e-07
