# Time	U	V	U_magnitude
0	-1.16319e-28	1.87133e-28	2.20339e-28
0.2	-0.000840593	7.23842e-05	0.000843704
0.4	-0.0116766	4.94386e-05	0.0116767
0.6	-0.0114137	0.000420906	0.0114215
0.8	-0.00735233	0.000954549	0.00741403
1	-0.00772409	0.000413867	0.00773517
1.2	-0.0127869	0.00101189	0.0128269
1.4	-0.0138444	0.00220232	0.0140184
1.6	-0.0111413	0.00230035	0.0113763
1.8	-0.0107881	0.00193124	0.0109596
2	-0.0140663	0.00276352	0.0143352
2.2	-0.0154708	0.00422113	0.0160363
2.4	-0.0140405	0.004699	0.014806
2.6	-0.0139883	0.00448602	0.01469
2.8	-0.0161382	0.00542173	0.0170246
3	-0.0175986	0.00720582	0.0190167
3.2	-0.0173656	0.00800528	0.019122
3.4	-0.0174906	0.00812399	0.0192852
3.6	-0.0190871	0.00920949	0.0211928
3.8	-0.0206063	0.0110951	0.0234034
4	-0.021026	0.0122885	0.0243537
4.2	-0.0214822	0.0128186	0.025016
4.4	-0.0228066	0.0140468	0.0267853
4.6	-0.0242691	0.0160439	0.0290929
4.8	-0.0251613	0.0175966	0.030704
5	-0.025886	0.0185832	0.0318656
5.2	-0.0270707	0.0200489	0.0336865
5.4	-0.0285086	0.0221734	0.0361164
5.6	-0.0296501	0.024089	0.0382022
5.8	-0.0305682	0.0255756	0.0398564
6	-0.0317048	0.0273539	0.041874
6.2	-0.0330726	0.0296825	0.0444393
6.4	-0.0343135	0.0319813	0.0469065
6.6	-0.0353357	0.033985	0.0490265
6.8	-0.036414	0.0361596	0.0513176
7	-0.0376703	0.0387763	0.0540616
7.2	-0.0388775	0.0414804	0.0568514
7.4	-0.0398852	0.0440131	0.0593968
7.6	-0.0408566	0.0466429	0.0620066
7.8	-0.0419311	0.0496177	0.0649625
8	-0.0429773	0.0527457	0.0680379
8.2	-0.0438473	0.0557991	0.0709657
8.4	-0.0446226	0.0589113	0.0739035
8.6	-0.0454289	0.0622915	0.0770974
8.8	-0.0462015	0.0658673	0.0804554
9	-0.0468216	0.0694892	0.0837915
9.2	-0.0473314	0.0732714	0.0872294
9.4	-0.0478397	0.0774835	0.0910622
9.6	-0.0483262	0.082265	0.0954094
9.8	-0.048693	0.0876699	0.100285
10	-0.048922	0.0938709	0.105854
10.2	-0.0490374	0.101088	0.112354
10.4	-0.0489699	0.109338	0.119803
10.6	-0.0485816	0.118408	0.127986
10.8	-0.0477981	0.128043	0.136673
11	-0.0466184	0.138014	0.145675
11.2	-0.0450234	0.148018	0.154714
11.4	-0.0429693	0.157663	0.163414
11.6	-0.040468	0.166616	0.17146
11.8	-0.0375973	0.174672	0.178672
12	-0.0344282	0.181669	0.184902
12.2	-0.0310016	0.187435	0.189981
12.4	-0.0273789	0.191869	0.193812
12.6	-0.0236568	0.194986	0.196416
12.8	-0.019917	0.196857	0.197862
13	-0.0162014	0.197551	0.198214
13.2	-0.0125477	0.197179	0.197578
13.4	-0.00900732	0.195925	0.196132
13.6	-0.0056142	0.193994	0.194075
13.8	-0.0023658	0.191561	0.191575
14	0.000749829	0.188787	0.188788
14.2	0.00373245	0.185843	0.18588
14.4	0.00659143	0.182874	0.182993
14.6	0.0093554	0.179968	0.180211
14.8	0.0120534	0.177173	0.177583
15	0.0146962	0.174525	0.175143
15.2	0.0172893	0.172038	0.172905
15.4	0.0198465	0.169692	0.170849
15.6	0.0223769	0.167447	0.168936
15.8	0.024874	0.165272	0.167133
16	0.0273257	0.163137	0.165409
16.2	0.0297276	0.161003	0.163725
16.4	0.0320744	0.158833	0.162039
16.6	0.0343513	0.156604	0.160327
16.8	0.0365445	0.154303	0.158572
17	0.0386451	0.151915	0.156754
17.2	0.0406497	0.149429	0.154859
17.4	0.0425476	0.146842	0.152882
17.6	0.0443286	0.14416	0.150821
17.8	0.0459915	0.141386	0.148678
18	0.0475353	0.138521	0.14645
18.2	0.0489544	0.135573	0.144141
18.4	0.0502459	0.132555	0.141759
18.6	0.0514114	0.129473	0.139307
18.8	0.0524529	0.126333	0.136789
19	0.0533691	0.123143	0.134211
19.2	0.0541587	0.119914	0.131577
19.4	0.0548249	0.116652	0.128893
19.6	0.0553707	0.113361	0.126161
19.8	0.0557962	0.11005	0.123386
20	0.0561019	0.106724	0.120571
20.2	0.0562902	0.103387	0.117718
20.4	0.0563634	0.100044	0.114829
20.6	0.0563219	0.0967	0.111906
20.8	0.0561663	0.0933586	0.108952
21	0.0558987	0.0900233	0.105966
21.2	0.0555207	0.0866969	0.102951
21.4	0.0550326	0.0833836	0.099907
21.6	0.0544352	0.0800869	0.0968355
21.8	0.0537302	0.0768096	0.0937371
22	0.0529189	0.0735549	0.090613
22.2	0.0520014	0.0703265	0.0874641
22.4	0.0509791	0.0671276	0.0842911
22.6	0.0498536	0.0639611	0.081095
22.8	0.0486263	0.0608303	0.0778771
23	0.0472982	0.0577396	0.074639
23.2	0.0458707	0.0546926	0.0713821
23.4	0.044346	0.051693	0.0681082
23.6	0.0427263	0.0487444	0.0648194
23.8	0.0410134	0.0458515	0.0615179
24	0.0392096	0.043018	0.058206
24.2	0.0373182	0.0402484	0.054887
24.4	0.0353419	0.0375466	0.0515636
24.6	0.0332838	0.0349175	0.0482394
24.8	0.0311476	0.0323652	0.0449186
25	0.0289373	0.029894	0.0416055
25.2	0.0266569	0.0275083	0.0383053
25.4	0.0243108	0.0252126	0.0350241
25.6	0.0219037	0.023011	0.0317691
25.8	0.0194408	0.0209074	0.0285493
26	0.0169271	0.0189061	0.0253765
26.2	0.0143683	0.0170109	0.022267
26.4	0.0117702	0.0152254	0.0192444
26.6	0.00913889	0.0135532	0.0163465
26.8	0.00648092	0.0119974	0.0136359
27	0.0038027	0.0105608	0.0112245
27.2	0.0011118	0.00924614	0.00931274
27.4	-0.00158466	0.00805587	0.00821025
27.6	-0.00427865	0.00699136	0.0081967
27.8	-0.00696465	0.00605424	0.00922822
28	-0.00963598	0.00524549	0.0109712
28.2	-0.012287	0.0045657	0.0131079
28.4	-0.0149116	0.00401492	0.0154427
28.6	-0.0175043	0.00359275	0.0178692
28.8	-0.0200591	0.00329838	0.0203284
29	-0.0225706	0.00313049	0.0227867
29.2	-0.0250335	0.0030878	0.0252233
29.4	-0.0274423	0.00316821	0.0276246
29.6	-0.0297922	0.00336969	0.0299821
29.8	-0.0320776	0.00368968	0.0322891
30	-0.0342942	0.00412531	0.0345414
30.2	-0.0364369	0.00467366	0.0367354
30.4	-0.0385014	0.00533102	0.0388687
30.6	-0.0404832	0.00609402	0.0409393
30.8	-0.0423786	0.00695875	0.0429461
31	-0.0441822	0.00792074	0.0448866
31.2	-0.0458911	0.00897545	0.0467606
31.4	-0.0475016	0.0101189	0.0485674
31.6	-0.0490107	0.0113464	0.050307
31.8	-0.050414	0.0126526	0.0519775
32	-0.0517093	0.0140326	0.0535795
32.2	-0.052894	0.0154816	0.0551132
32.4	-0.0539647	0.0169939	0.0565772
32.6	-0.0549198	0.018564	0.0579724
32.8	-0.0557568	0.0201869	0.0592987
33	-0.0564736	0.0218562	0.0605554
33.2	-0.0570688	0.0235668	0.0617433
33.4	-0.0575405	0.0253123	0.0628619
33.6	-0.0578878	0.0270866	0.0639116
33.8	-0.0581094	0.0288837	0.0648919
34	-0.0582046	0.0306968	0.0658033
34.2	-0.0581728	0.0325197	0.0666453
34.4	-0.0580139	0.0343455	0.0674182
34.6	-0.0577277	0.0361674	0.0681217
34.8	-0.0573149	0.0379785	0.0687558
35	-0.0567759	0.0397717	0.0693202
35.2	-0.056112	0.0415398	0.0698148
35.4	-0.0553243	0.0432754	0.0702391
35.6	-0.0544148	0.0449712	0.0705931
35.8	-0.0533853	0.0466199	0.070876
36	-0.0522386	0.0482142	0.0710878
36.2	-0.0509775	0.0497466	0.071228
36.4	-0.0496052	0.0512099	0.0712961
36.6	-0.0481255	0.0525968	0.0712916
36.8	-0.0465428	0.0538999	0.071214
37	-0.0448614	0.0551124	0.0710628
37.2	-0.0430866	0.0562272	0.0708375
37.4	-0.0412238	0.0572376	0.0705375
37.6	-0.039279	0.0581369	0.0701623
37.8	-0.0372589	0.0589191	0.0697114
38	-0.0351702	0.0595778	0.0691843
38.2	-0.0330206	0.0601077	0.0685806
38.4	-0.0308182	0.0605031	0.0678998
38.6	-0.0285714	0.0607594	0.0671419
38.8	-0.0262895	0.0608721	0.0663065
39	-0.023982	0.0608374	0.0653937
39.2	-0.021659	0.0606522	0.0644035
39.4	-0.0193311	0.0603139	0.063336
39.6	-0.017009	0.0598206	0.0621917
39.8	-0.0147042	0.0591715	0.0609712
40	-0.0124283	0.0583663	0.0596748
40.2	-0.0101927	0.0574056	0.0583035
40.4	-0.00800952	0.0562911	0.0568581
40.6	-0.00589054	0.0550251	0.0553395
40.8	-0.00384781	0.0536111	0.053749
41	-0.00189318	0.0520531	0.0520875
41.2	-3.82716e-05	0.0503567	0.0503567
41.4	0.00170491	0.0485274	0.0485574
41.6	0.00332579	0.0465727	0.0466913
41.8	0.0048143	0.0444997	0.0447594
42	0.00616011	0.0423175	0.0427635
42.2	0.00735447	0.040035	0.0407049
42.4	0.00838863	0.0376624	0.0385853
42.6	0.00925439	0.0352104	0.0364063
42.8	0.00994424	0.0326904	0.0341694
43	0.010452	0.0301145	0.0318767
43.2	0.010772	0.0274954	0.0295302
43.4	0.010899	0.0248464	0.0271317
43.6	0.0108291	0.0221813	0.0246836
43.8	0.0105592	0.0195146	0.0221882
44	0.0100872	0.0168612	0.0196482
44.2	0.00941243	0.0142367	0.0170668
44.4	0.00853551	0.0116571	0.014448
44.6	0.00745778	0.00913967	0.0117963
44.8	0.00618255	0.00670089	0.00911733
45	0.00471524	0.00435835	0.00642095
45.2	0.00306235	0.0021301	0.00373032
45.4	0.00123279	3.35077e-05	0.00123325
45.6	-0.000762552	-0.00191385	0.00206017
45.8	-0.00291045	-0.00369641	0.00470469
46	-0.00519661	-0.00530028	0.00742278
46.2	-0.00760534	-0.00671167	0.0101434
46.4	-0.0101195	-0.00791843	0.0128493
46.6	-0.0127207	-0.00890987	0.0155307
46.8	-0.0153902	-0.00967647	0.0181794
47	-0.0181071	-0.0102098	0.0207872
47.2	-0.0208504	-0.0105044	0.023347
47.4	-0.0235986	-0.010556	0.025852
47.6	-0.0263298	-0.0103624	0.0282955
47.8	-0.0290218	-0.00992315	0.0306714
48	-0.0316524	-0.0092404	0.0329736
48.2	-0.0341992	-0.00831864	0.0351964
48.4	-0.03664	-0.00716296	0.0373336
48.6	-0.0389547	-0.00578221	0.0393815
48.8	-0.0411226	-0.00418774	0.0413353
49	-0.0431238	-0.00239151	0.0431901
49.2	-0.0449405	-0.000409457	0.0449424
49.4	-0.0465558	0.00174128	0.0465883
49.6	-0.047954	0.00404065	0.0481239
49.8	-0.0491222	0.00646739	0.0495461
50	-0.0500489	0.00899868	0.0508515
50.2	-0.0507253	0.0116103	0.052037
50.4	-0.0511447	0.0142771	0.0531001
50.6	-0.0513034	0.0169733	0.0540382
50.8	-0.0512005	0.0196725	0.0548498
51	-0.0508382	0.0223484	0.0555335
51.2	-0.0502215	0.0249751	0.0560888
51.4	-0.0493587	0.0275274	0.0565158
51.6	-0.0482608	0.0299815	0.0568154
51.8	-0.0469418	0.0323149	0.0569893
52	-0.0454182	0.0345073	0.05704
52.2	-0.0437086	0.0365408	0.0569708
52.4	-0.0418334	0.0384001	0.0567856
52.6	-0.0398144	0.0400727	0.056489
52.8	-0.0376741	0.0415492	0.0560863
53	-0.0354352	0.0428233	0.0555831
53.2	-0.0331202	0.0438913	0.0549854
53.4	-0.030751	0.0447524	0.0542992
53.6	-0.028348	0.0454082	0.0535305
53.8	-0.0259305	0.045862	0.0526851
54	-0.0235161	0.046119	0.0517684
54.2	-0.0211204	0.0461853	0.0507854
54.4	-0.0187575	0.046068	0.0497404
54.6	-0.0164397	0.0457745	0.0486371
54.8	-0.0141777	0.0453121	0.0474783
55	-0.0119809	0.0446882	0.0462664
55.2	-0.00985773	0.0439097	0.0450026
55.4	-0.00781567	0.0429833	0.0436881
55.6	-0.00586203	0.0419149	0.0423229
55.8	-0.00400354	0.04071	0.0409064
56	-0.002247	0.039374	0.0394381
56.2	-0.000599746	0.0379119	0.0379166
56.4	0.000930935	0.0363286	0.0363405
56.6	0.00233726	0.0346291	0.0347079
56.8	0.00361179	0.0328194	0.0330175
57	0.00474601	0.0309049	0.0312672
57.2	0.00573016	0.0288927	0.0294555
57.4	0.00655573	0.0267916	0.027582
57.6	0.00721341	0.0246101	0.0256455
57.8	0.00769166	0.0223584	0.0236444
58	0.00798179	0.0200504	0.0215807
58.2	0.00807524	0.0177003	0.0194553
58.4	0.00796398	0.0153243	0.0172702
58.6	0.00764129	0.0129403	0.015028
58.8	0.00710213	0.0105683	0.012733
59	0.00634392	0.00823022	0.0103914
59.2	0.00536547	0.00594985	0.0080118
59.4	0.00416949	0.00375097	0.00560842
59.6	0.00276232	0.00165904	0.00322224
59.8	0.00115237	-0.000300109	0.00119081
60	-0.000647444	-0.00210204	0.00219949
60.2	-0.00261972	-0.00372334	0.0045526
60.4	-0.00474511	-0.00514345	0.00699794
60.6	-0.00700031	-0.00634125	0.00944541
60.8	-0.009359	-0.00730144	0.0118702
61	-0.0117956	-0.00800937	0.0142579
61.2	-0.0142796	-0.00845309	0.016594
61.4	-0.0167804	-0.00862607	0.0188677
61.6	-0.019267	-0.00852508	0.0210688
61.8	-0.0217084	-0.00815079	0.0231882
62	-0.0240738	-0.00750811	0.0252175
62.2	-0.0263333	-0.00660636	0.0271494
62.4	-0.0284577	-0.00545816	0.0289764
62.6	-0.0304216	-0.00408043	0.030694
62.8	-0.0322007	-0.00249448	0.0322972
63	-0.0337744	-0.000723954	0.0337821
63.2	-0.0351247	0.00120371	0.0351453
63.4	-0.036238	0.00325874	0.0363843
63.6	-0.0371042	0.0054099	0.0374965
63.8	-0.0377172	0.00762533	0.0384803
64	-0.0380755	0.00987295	0.0393347
64.2	-0.0381815	0.0121211	0.0400593
64.4	-0.0380418	0.0143393	0.0406546
64.6	-0.037667	0.0164988	0.041122
64.8	-0.0370711	0.0185734	0.0414637
65	-0.0362712	0.0205393	0.0416829
65.2	-0.035287	0.0223761	0.0417835
65.4	-0.0341403	0.0240667	0.0417704
65.6	-0.0328543	0.0255982	0.0416494
65.8	-0.0314531	0.0269609	0.0414269
66	-0.0299608	0.0281493	0.04111
66.2	-0.0284012	0.0291614	0.0407065
66.4	-0.0267968	0.0299987	0.0402243
66.6	-0.0251686	0.0306654	0.0396715
66.8	-0.0235356	0.0311685	0.0390564
67	-0.0219143	0.0315167	0.0383867
67.2	-0.0203185	0.0317202	0.0376698
67.4	-0.0187595	0.0317898	0.0369122
67.6	-0.017246	0.0317367	0.0361198
67.8	-0.0157842	0.0315716	0.0352974
68	-0.0143782	0.0313045	0.0344485
68.2	-0.0130303	0.0309442	0.0335758
68.4	-0.0117415	0.0304986	0.0326807
68.6	-0.0105121	0.0299735	0.0317634
68.8	-0.00934147	0.0293736	0.0308232
69	-0.00822972	0.0287021	0.0298587
69.2	-0.00717663	0.0279611	0.0288674
69.4	-0.00618331	0.0271513	0.0278465
69.6	-0.00525146	0.0262731	0.0267928
69.8	-0.00438422	0.0253265	0.0257032
70	-0.0035859	0.0243114	0.0245744
70.2	-0.00286151	0.0232277	0.0234033
70.4	-0.00221773	0.022077	0.0221881
70.6	-0.00166208	0.0208613	0.0209274
70.8	-0.00120323	0.0195841	0.0196211
71	-0.000848662	0.0182481	0.0182678
71.2	-0.000607464	0.0168625	0.0168734
71.4	-0.000488382	0.0154352	0.0154429
71.6	-0.000499531	0.0139762	0.0139851
71.8	-0.000648031	0.0124977	0.0125145
72	-0.000939901	0.0110137	0.0110538
72.2	-0.00137941	0.009541	0.0096402
72.4	-0.00196862	0.00809591	0.00833182
72.6	-0.00270768	0.00669722	0.00722387
72.8	-0.00359447	0.00536426	0.0064572
73	-0.00462251	0.00411695	0.00619007
73.2	-0.00578504	0.00297494	0.00650515
73.4	-0.00706824	0.00195676	0.0073341
73.6	-0.00845958	0.00108088	0.00852835
73.8	-0.00994144	0.000361892	0.00994803
74	-0.0114933	-0.000185789	0.0114948
74.2	-0.0130939	-0.000550896	0.0131054
74.4	-0.0147202	-0.000725582	0.0147381
74.6	-0.0163487	-0.000705033	0.0163639
74.8	-0.0179548	-0.000487949	0.0179614
75	-0.0195136	-7.69788e-05	0.0195138
75.2	-0.0210014	0.000521495	0.0210078
75.4	-0.0223949	0.00129738	0.0224325
75.6	-0.0236726	0.00223666	0.023778
75.8	-0.0248167	0.0033236	0.0250383
76	-0.0258105	0.00453844	0.0262065
76.2	-0.0266408	0.00585955	0.0272776
76.4	-0.0272975	0.00726342	0.0282473
76.6	-0.027774	0.00872553	0.0291124
76.8	-0.0280672	0.0102206	0.0298702
77	-0.0281777	0.0117233	0.0305191
77.2	-0.0281094	0.0132093	0.0310584
77.4	-0.02787	0.0146551	0.0314883
77.6	-0.0274701	0.0160393	0.0318098
77.8	-0.0269227	0.0173425	0.0320249
78	-0.0262438	0.0185481	0.0321367
78.2	-0.0254506	0.0196426	0.032149
78.4	-0.0245618	0.0206153	0.0320667
78.6	-0.0235968	0.0214592	0.0318952
78.8	-0.0225752	0.0221702	0.0316411
79	-0.0215161	0.0227477	0.0313113
79.2	-0.0204376	0.0231938	0.0309135
79.4	-0.0193566	0.023513	0.0304555
79.6	-0.0182883	0.0237123	0.0299455
79.8	-0.0172456	0.0238002	0.0293915
80	-0.0162393	0.0237865	0.0288013
80.2	-0.0152778	0.0236819	0.0281823
80.4	-0.0143673	0.0234971	0.0275415
80.6	-0.0135116	0.0232427	0.0268847
80.8	-0.0127125	0.0229287	0.026217
81	-0.0119703	0.0225641	0.0255426
81.2	-0.0112835	0.0221566	0.0248643
81.4	-0.0106501	0.0217126	0.0241839
81.6	-0.0100674	0.0212368	0.0235023
81.8	-0.0095323	0.0207331	0.0228194
82	-0.00904208	0.0202031	0.0221343
82.2	-0.0085948	0.0196478	0.0214455
82.4	-0.00818906	0.0190673	0.0207514
82.6	-0.00782458	0.0184609	0.0200506
82.8	-0.00750214	0.0178277	0.0193419
83	-0.00722367	0.017167	0.0186249
83.2	-0.00699217	0.0164784	0.0179005
83.4	-0.00681154	0.0157622	0.0171711
83.6	-0.00668636	0.0150198	0.0164408
83.8	-0.00662156	0.0142534	0.0157164
84	-0.00662237	0.0134668	0.015007
84.2	-0.00669374	0.0126651	0.0143252
84.4	-0.00684031	0.0118547	0.0136866
84.6	-0.007066	0.0110435	0.0131105
84.8	-0.00737382	0.0102405	0.0126191
85	-0.00776535	0.00945586	0.0122358
85.2	-0.00824084	0.00870072	0.0119839
85.4	-0.00879939	0.00798673	0.0118835
85.6	-0.00943781	0.00732553	0.0119472
85.8	-0.0101509	0.00672928	0.0121788
86	-0.0109319	0.00621012	0.0125727
86.2	-0.0117733	0.0057786	0.013115
86.4	-0.012664	0.0054441	0.0137846
86.6	-0.0135918	0.00521571	0.0145582
86.8	-0.0145433	0.00510024	0.0154117
87	-0.015504	0.00510267	0.0163222
87.2	-0.0164587	0.00522568	0.0172684
87.4	-0.0173915	0.00546951	0.0182312
87.6	-0.0182857	0.00583151	0.0191931
87.8	-0.0191272	0.00630651	0.02014
88	-0.0199013	0.00688791	0.0210596
88.2	-0.0205946	0.00756635	0.0219405
88.4	-0.0211946	0.00832942	0.0227726
88.6	-0.0216917	0.00916345	0.0235478
88.8	-0.0220779	0.0100536	0.0242592
89	-0.0223477	0.0109833	0.0249009
89.2	-0.022498	0.0119358	0.0254681
89.4	-0.0225283	0.0128937	0.0259571
89.6	-0.0224404	0.0138399	0.0263651
89.8	-0.022239	0.0147581	0.0266904
90	-0.0219307	0.0156329	0.0269322
90.2	-0.0215243	0.0164503	0.0270907
90.4	-0.0210307	0.017198	0.0271673
90.6	-0.0204617	0.0178659	0.0271638
90.8	-0.0198308	0.018446	0.0270835
91	-0.0191518	0.0189327	0.0269302
91.2	-0.018439	0.0193229	0.026709
91.4	-0.0177064	0.0196157	0.0264252
91.6	-0.0169675	0.0198126	0.0260852
91.8	-0.016235	0.0199171	0.0256957
92	-0.0155204	0.0199342	0.0252638
92.2	-0.0148338	0.0198708	0.024797
92.4	-0.0141834	0.0197346	0.0243027
92.6	-0.0135761	0.0195341	0.0237885
92.8	-0.0130168	0.0192785	0.0232615
93	-0.0125086	0.0189766	0.0227283
93.2	-0.012053	0.0186373	0.0221952
93.4	-0.0116502	0.0182689	0.0216675
93.6	-0.0112989	0.0178789	0.0211499
93.8	-0.0109966	0.0174735	0.0206458
94	-0.0107407	0.0170583	0.0201581
94.2	-0.0105277	0.0166375	0.0196885
94.4	-0.0103542	0.0162142	0.0192382
94.6	-0.0102169	0.0157904	0.0188075
94.8	-0.0101127	0.0153671	0.018396
95	-0.0100392	0.0149446	0.0180035
95.2	-0.00999452	0.0145226	0.0176294
95.4	-0.00997791	0.0141007	0.017274
95.6	-0.00998919	0.0136782	0.0169374
95.8	-0.010029	0.0132546	0.0166212
96	-0.0100986	0.0128299	0.0163275
96.2	-0.0101998	0.0124048	0.0160597
96.4	-0.0103347	0.0119806	0.0158222
96.6	-0.0105055	0.0115595	0.0156201
96.8	-0.0107143	0.0111447	0.0154596
97	-0.0109629	0.0107402	0.0153472
97.2	-0.0112524	0.0103507	0.015289
97.4	-0.0115834	0.00998159	0.0152908
97.6	-0.0119553	0.00963912	0.0153571
97.8	-0.0123667	0.00932975	0.0154913
98	-0.0128154	0.00905999	0.0156945
98.2	-0.0132977	0.00883628	0.0159658
98.4	-0.0138087	0.00866479	0.0163021
98.6	-0.0143428	0.00855128	0.0166985
98.8	-0.0148932	0.00850062	0.0171484
99	-0.0154524	0.00851666	0.017644
99.2	-0.0160119	0.00860211	0.0181763
99.4	-0.0165627	0.00875849	0.0187359
99.6	-0.0170955	0.00898594	0.0193133
99.8	-0.017601	0.00928308	0.019899
100	-0.0180698	0.00964692	0.0204837
100.2	-0.0184928	0.0100727	0.0210581
100.4	-0.0188617	0.010554	0.0216136
100.6	-0.0191696	0.0110833	0.022143
100.8	-0.0194102	0.0116522	0.0226392
101	-0.0195787	0.0122511	0.0230958
101.2	-0.0196716	0.0128692	0.0235072
101.4	-0.0196873	0.0134955	0.0238688
101.6	-0.0196255	0.0141188	0.0241765
101.8	-0.0194877	0.014728	0.0244271
102	-0.0192771	0.015312	0.0246183
102.2	-0.0189982	0.0158606	0.0247486
102.4	-0.0186573	0.0163647	0.0248173
102.6	-0.0182617	0.0168161	0.0248248
102.8	-0.0178196	0.0172078	0.0247719
103	-0.0173404	0.0175345	0.0246606
103.2	-0.0168336	0.0177924	0.0244936
103.4	-0.0163093	0.0179793	0.0242744
103.6	-0.0157775	0.0180947	0.0240072
103.8	-0.0152479	0.0181397	0.023697
104	-0.0147298	0.018117	0.0233493
104.2	-0.0142313	0.0180303	0.02297
104.4	-0.0137603	0.0178847	0.0225656
104.6	-0.013323	0.0176863	0.0221429
104.8	-0.0129245	0.0174418	0.0217085
105	-0.0125688	0.0171581	0.0212691
105.2	-0.0122586	0.0168426	0.0208314
105.4	-0.0119952	0.0165025	0.0204015
105.6	-0.0117789	0.016145	0.0199851
105.8	-0.0116086	0.0157765	0.0195872
106	-0.0114826	0.0154032	0.0192122
106.2	-0.0113984	0.0150303	0.0188635
106.4	-0.011353	0.0146622	0.0185437
106.6	-0.0113434	0.0143025	0.0182547
106.8	-0.0113662	0.0139539	0.0179973
107	-0.0114178	0.0136183	0.0177715
107.2	-0.011495	0.013297	0.0175768
107.4	-0.0115949	0.0129907	0.0174127
107.6	-0.0117152	0.0126995	0.0172778
107.8	-0.0118539	0.0124232	0.0171712
108	-0.0120095	0.0121614	0.0170918
108.2	-0.0121811	0.0119139	0.0170388
108.4	-0.0123681	0.0116805	0.0170119
108.6	-0.0125705	0.0114614	0.0170112
108.8	-0.0127882	0.0112569	0.0170369
109	-0.0130215	0.011068	0.0170898
109.2	-0.0132706	0.010896	0.0171706
109.4	-0.0135354	0.0107427	0.0172804
109.6	-0.0138154	0.0106103	0.0174197
109.8	-0.0141102	0.0105015	0.0175892
110	-0.0144185	0.010419	0.017789
110.2	-0.0147386	0.0103656	0.0180186
110.4	-0.015068	0.0103443	0.018277
110.6	-0.0154038	0.0103576	0.0185623
110.8	-0.0157425	0.010408	0.018872
111	-0.0160797	0.0104973	0.0192029
111.2	-0.016411	0.0106268	0.0195512
111.4	-0.0167315	0.0107972	0.0199129
111.6	-0.0170361	0.0110083	0.0202833
111.8	-0.0173196	0.0112591	0.0206576
112	-0.0175767	0.0115478	0.0210307
112.2	-0.0178023	0.0118715	0.0213975
112.4	-0.0179914	0.0122265	0.0217527
112.6	-0.0181396	0.0126081	0.0220909
112.8	-0.0182434	0.0130105	0.0224075
113	-0.0182999	0.0134278	0.0226979
113.2	-0.0183072	0.0138535	0.0229581
113.4	-0.0182641	0.0142806	0.0231843
113.6	-0.0181704	0.014702	0.0233733
113.8	-0.0180271	0.0151102	0.0235222
114	-0.0178363	0.015498	0.0236288
114.2	-0.0176011	0.0158587	0.0236917
114.4	-0.0173254	0.0161861	0.0237099
114.6	-0.0170141	0.0164746	0.0236832
114.8	-0.0166728	0.0167193	0.0236118
115	-0.0163077	0.0169164	0.023497
115.2	-0.0159255	0.0170631	0.0233404
115.4	-0.015533	0.0171578	0.0231444
115.6	-0.0151373	0.0171996	0.0229121
115.8	-0.0147452	0.0171892	0.022647
116	-0.0143634	0.0171279	0.0223534
116.2	-0.0139984	0.0170183	0.0220358
116.4	-0.0136558	0.0168639	0.0216996
116.6	-0.0133405	0.0166689	0.02135
116.8	-0.0130568	0.0164381	0.0209926
117	-0.0128079	0.0161768	0.0206332
117.2	-0.0125965	0.0158905	0.0202776
117.4	-0.0124241	0.0155852	0.0199313
117.6	-0.0122915	0.0152665	0.0195996
117.8	-0.0121986	0.01494	0.0192876
118	-0.0121445	0.014611	0.0189993
118.2	-0.0121277	0.0142843	0.0187383
118.4	-0.0121458	0.0139643	0.0185074
118.6	-0.0121963	0.0136547	0.0183085
118.8	-0.0122761	0.013359	0.0181429
119	-0.0123822	0.0130796	0.018011
119.2	-0.0125115	0.0128186	0.0179125
119.4	-0.012661	0.0125776	0.0178464
119.6	-0.0128278	0.0123572	0.0178115
119.8	-0.0130091	0.0121578	0.0178059
120	-0.0132024	0.0119797	0.0178274
120.2	-0.0134055	0.0118227	0.0178741
120.4	-0.0136165	0.0116866	0.017944
120.6	-0.013834	0.011571	0.0180352
120.8	-0.0140565	0.0114755	0.0181459
121	-0.0142828	0.0113998	0.0182744
121.2	-0.0145121	0.0113439	0.0184197
121.4	-0.0147436	0.0113077	0.0185805
121.6	-0.0149763	0.0112915	0.018756
121.8	-0.0152093	0.0112956	0.0189451
122	-0.0154418	0.0113205	0.0191469
122.2	-0.0156725	0.0113667	0.0193605
122.4	-0.0158999	0.0114348	0.0195847
122.6	-0.0161223	0.0115254	0.0198183
122.8	-0.0163379	0.0116389	0.0200597
123	-0.0165445	0.0117756	0.0203073
123.2	-0.0167398	0.0119354	0.0205591
123.4	-0.0169213	0.0121182	0.020813
123.6	-0.0170863	0.0123231	0.0210665
123.8	-0.017232	0.0125489	0.021317
124	-0.0173557	0.0127938	0.0215616
124.2	-0.0174548	0.0130556	0.0217972
124.4	-0.0175272	0.0133314	0.0220211
124.6	-0.0175708	0.0136184	0.0222304
124.8	-0.0175839	0.013913	0.0224224
125	-0.0175652	0.0142113	0.0225942
125.2	-0.017514	0.0145093	0.0227433
125.4	-0.0174299	0.0148025	0.0228674
125.6	-0.0173134	0.0150862	0.0229641
125.8	-0.0171656	0.0153559	0.0230317
126	-0.0169881	0.015607	0.0230689
126.2	-0.0167834	0.0158354	0.0230747
126.4	-0.0165542	0.0160373	0.0230486
126.6	-0.0163041	0.0162092	0.0229905
126.8	-0.0160369	0.0163482	0.0229008
127	-0.0157568	0.016452	0.0227803
127.2	-0.0154683	0.0165188	0.0226305
127.4	-0.0151761	0.0165476	0.022453
127.6	-0.0148852	0.0165382	0.0222504
127.8	-0.0146001	0.0164911	0.0220254
128	-0.0143256	0.0164074	0.0217813
128.2	-0.014066	0.016289	0.0215217
128.4	-0.0138253	0.0161386	0.0212507
128.6	-0.0136069	0.015959	0.0209723
128.8	-0.0134139	0.0157539	0.020691
129	-0.0132489	0.0155271	0.0204113
129.2	-0.0131137	0.0152827	0.0201378
129.4	-0.0130098	0.0150251	0.0198748
129.6	-0.0129376	0.0147584	0.0196263
129.8	-0.0128972	0.0144872	0.0193963
130	-0.0128879	0.0142156	0.0191881
130.2	-0.0129086	0.0139477	0.0190045
130.4	-0.0129578	0.0136871	0.0188479
130.6	-0.0130334	0.0134372	0.0187197
130.8	-0.0131333	0.0132009	0.0186211
131	-0.0132549	0.0129806	0.0185524
131.2	-0.0133958	0.0127784	0.0185131
131.4	-0.0135532	0.0125957	0.0185025
131.6	-0.0137244	0.0124336	0.018519
131.8	-0.0139067	0.0122928	0.0185609
132	-0.0140974	0.0121737	0.0186262
132.2	-0.0142941	0.0120764	0.0187126
132.4	-0.0144946	0.0120007	0.0188178
132.6	-0.0146968	0.0119463	0.0189396
132.8	-0.014899	0.0119126	0.0190759
133	-0.0150995	0.0118991	0.0192246
133.2	-0.0152971	0.011905	0.0193838
133.4	-0.0154904	0.0119296	0.0195517
133.6	-0.0156783	0.0119723	0.0197267
133.8	-0.0158597	0.0120322	0.0199074
134	-0.0160336	0.0121088	0.0200923
134.2	-0.0161991	0.0122014	0.0202802
134.4	-0.0163551	0.0123094	0.0204697
134.6	-0.0165006	0.0124322	0.0206598
134.8	-0.0166346	0.0125691	0.0208493
135	-0.016756	0.0127195	0.0210369
135.2	-0.0168636	0.0128824	0.0212212
135.4	-0.0169564	0.0130568	0.021401
135.6	-0.0170332	0.0132415	0.0215747
135.8	-0.0170929	0.0134351	0.0217409
136	-0.0171346	0.013636	0.0218983
136.2	-0.0171573	0.0138427	0.0220453
136.4	-0.0171603	0.0140531	0.0221803
136.6	-0.0171429	0.0142651	0.0223019
136.8	-0.0171047	0.0144765	0.0224084
137	-0.0170454	0.0146846	0.0224985
137.2	-0.0169652	0.0148869	0.0225707
137.4	-0.0168645	0.0150807	0.0226239
137.6	-0.0167441	0.0152632	0.0226567
137.8	-0.016605	0.0154316	0.0226685
138	-0.0164489	0.0155835	0.0226586
138.2	-0.0162775	0.0157164	0.0226266
138.4	-0.0160931	0.0158282	0.0225726
138.6	-0.0158981	0.015917	0.0224967
138.8	-0.0156951	0.0159813	0.0223995
139	-0.0154872	0.0160198	0.022282
139.2	-0.0152773	0.0160319	0.0221454
139.4	-0.0150685	0.0160173	0.0219912
139.6	-0.0148641	0.0159761	0.0218215
139.8	-0.0146672	0.0159089	0.0216384
140	-0.0144808	0.0158168	0.0214445
140.2	-0.0143077	0.0157014	0.0212425
140.4	-0.0141506	0.0155646	0.0210356
140.6	-0.0140116	0.0154086	0.0208267
140.8	-0.0138929	0.015236	0.0206191
141	-0.013796	0.0150495	0.0204161
141.2	-0.0137219	0.0148522	0.0202207
141.4	-0.0136714	0.0146472	0.0200362
141.6	-0.0136448	0.0144379	0.0198654
141.8	-0.013642	0.0142273	0.0197109
142	-0.0136626	0.0140187	0.0195753
142.2	-0.0137057	0.0138149	0.0194602
142.4	-0.0137701	0.0136188	0.0193672
142.6	-0.0138542	0.013433	0.0192972
142.8	-0.0139563	0.0132596	0.0192509
143	-0.0140746	0.0131007	0.0192281
143.2	-0.0142069	0.0129577	0.0192286
143.4	-0.014351	0.012832	0.0192513
143.6	-0.0145046	0.0127243	0.0192949
143.8	-0.0146653	0.0126355	0.0193579
144	-0.0148309	0.0125659	0.0194385
144.2	-0.0149992	0.0125156	0.019535
144.4	-0.0151682	0.0124844	0.0196452
144.6	-0.0153362	0.0124718	0.0197672
144.8	-0.0155013	0.0124772	0.0198991
145	-0.0156621	0.0125	0.0200387
145.2	-0.0158172	0.0125391	0.0201845
145.4	-0.0159653	0.0125936	0.0203345
145.6	-0.0161053	0.0126625	0.0204871
145.8	-0.0162364	0.0127447	0.0206409
146	-0.0163576	0.0128391	0.0207945
146.2	-0.0164681	0.0129447	0.0209467
146.4	-0.0165673	0.0130602	0.0210961
146.6	-0.0166547	0.0131847	0.0212419
146.8	-0.0167298	0.013317	0.0213829
147	-0.0167921	0.013456	0.0215183
147.2	-0.0168414	0.0136005	0.0216473
147.4	-0.0168774	0.0137494	0.0217691
147.6	-0.0168997	0.0139016	0.0218828
147.8	-0.0169083	0.0140558	0.0219876
148	-0.0169029	0.0142107	0.0220828
148.2	-0.0168835	0.0143649	0.0221676
148.4	-0.0168501	0.014517	0.0222411
148.6	-0.0168028	0.0146657	0.0223028
148.8	-0.016742	0.0148092	0.0223519
149	-0.016668	0.0149462	0.0223878
149.2	-0.0165814	0.0150751	0.0224099
149.4	-0.0164829	0.0151943	0.0224177
149.6	-0.0163734	0.0153022	0.0224109
149.8	-0.016254	0.0153975	0.0223892
150	-0.016126	0.0154787	0.0223526
150.2	-0.0159908	0.0155447	0.0223012
150.4	-0.0158501	0.0155944	0.0222354
150.6	-0.0157055	0.0156271	0.0221556
150.8	-0.015559	0.015642	0.0220625
151	-0.0154125	0.0156389	0.0219572
151.2	-0.015268	0.0156176	0.0218408
151.4	-0.0151276	0.0155782	0.0217146
151.6	-0.0149931	0.0155213	0.0215802
151.8	-0.0148667	0.0154474	0.0214392
152	-0.0147501	0.0153577	0.0212937
152.2	-0.014645	0.0152533	0.0211457
152.4	-0.0145529	0.0151358	0.0209971
152.6	-0.0144751	0.015007	0.0208504
152.8	-0.0144128	0.0148686	0.0207076
153	-0.0143667	0.0147229	0.020571
153.2	-0.0143376	0.0145718	0.0204427
153.4	-0.0143256	0.0144178	0.0203248
153.6	-0.0143309	0.014263	0.020219
153.8	-0.0143531	0.0141097	0.020127
154	-0.0143918	0.0139601	0.0200502
154.2	-0.0144462	0.0138163	0.0199896
154.4	-0.0145152	0.0136802	0.0199459
154.6	-0.0145977	0.0135535	0.0199196
154.8	-0.0146922	0.0134379	0.0199107
155	-0.0147972	0.0133347	0.0199191
155.2	-0.0149112	0.0132449	0.0199442
155.4	-0.0150323	0.0131695	0.0199851
155.6	-0.0151588	0.013109	0.0200408
155.8	-0.0152888	0.0130638	0.02011
156	-0.0154206	0.013034	0.0201911
156.2	-0.0155526	0.0130196	0.0202828
156.4	-0.015683	0.0130202	0.0203834
156.6	-0.0158104	0.0130354	0.0204912
156.8	-0.0159335	0.0130644	0.0206047
157	-0.016051	0.0131065	0.0207223
157.2	-0.0161618	0.0131607	0.0208425
157.4	-0.0162649	0.0132261	0.0209637
157.6	-0.0163596	0.0133015	0.0210848
157.8	-0.0164451	0.0133859	0.0212043
158	-0.016521	0.013478	0.0213213
158.2	-0.0165867	0.0135769	0.0214348
158.4	-0.0166419	0.0136814	0.0215438
158.6	-0.0166866	0.0137903	0.0216475
158.8	-0.0167205	0.0139027	0.0217453
159	-0.0167437	0.0140174	0.0218366
159.2	-0.0167561	0.0141333	0.0219207
159.4	-0.0167579	0.0142495	0.0219972
159.6	-0.0167492	0.0143649	0.0220655
159.8	-0.0167304	0.0144785	0.0221254
160	-0.0167016	0.0145894	0.0221764
160.2	-0.0166632	0.0146965	0.0222182
160.4	-0.0166156	0.0147989	0.0222506
160.6	-0.0165594	0.0148957	0.0222732
160.8	-0.0164949	0.014986	0.0222859
161	-0.016423	0.0150688	0.0222886
161.2	-0.0163441	0.0151433	0.0222812
161.4	-0.0162592	0.0152088	0.0222636
161.6	-0.0161691	0.0152644	0.022236
161.8	-0.0160747	0.0153096	0.0221986
162	-0.015977	0.0153436	0.0221515
162.2	-0.0158771	0.0153662	0.0220952
162.4	-0.0157761	0.0153768	0.0220302
162.6	-0.0156754	0.0153753	0.0219571
162.8	-0.015576	0.0153616	0.0218767
163	-0.0154792	0.0153358	0.0217897
163.2	-0.0153863	0.015298	0.0216972
163.4	-0.0152986	0.0152488	0.0216003
163.6	-0.0152171	0.0151887	0.0215002
163.8	-0.0151432	0.0151183	0.0213981
164	-0.0150776	0.0150387	0.0212955
164.2	-0.0150216	0.0149508	0.0211938
164.4	-0.0149758	0.0148559	0.0210943
164.6	-0.0149409	0.0147551	0.0209987
164.8	-0.0149174	0.01465	0.0209082
165	-0.0149058	0.014542	0.0208243
165.2	-0.0149061	0.0144326	0.0207483
165.4	-0.0149184	0.0143233	0.0206813
165.6	-0.0149424	0.0142158	0.0206243
165.8	-0.0149778	0.0141114	0.0205783
166	-0.0150241	0.0140117	0.0205438
166.2	-0.0150804	0.0139179	0.0205214
166.4	-0.015146	0.0138315	0.0205112
166.6	-0.0152198	0.0137534	0.0205134
166.8	-0.0153008	0.0136847	0.0205277
167	-0.0153878	0.0136261	0.0205537
167.2	-0.0154795	0.0135783	0.0205909
167.4	-0.0155747	0.0135417	0.0206386
167.6	-0.015672	0.0135166	0.0206957
167.8	-0.0157701	0.0135031	0.0207613
168	-0.0158677	0.013501	0.0208341
168.2	-0.0159636	0.0135101	0.0209132
168.4	-0.0160567	0.0135301	0.0209971
168.6	-0.0161458	0.0135603	0.0210848
168.8	-0.01623	0.0136001	0.0211749
169	-0.0163086	0.0136488	0.0212664
169.2	-0.0163807	0.0137055	0.0213581
169.4	-0.0164457	0.0137693	0.0214489
169.6	-0.0165031	0.0138393	0.0215379
169.8	-0.0165526	0.0139146	0.0216241
170	-0.0165939	0.0139941	0.0217069
170.2	-0.0166268	0.0140768	0.0217855
170.4	-0.0166512	0.014162	0.0218592
170.6	-0.0166672	0.0142486	0.0219275
170.8	-0.0166749	0.0143356	0.02199
171	-0.0166743	0.0144224	0.0220463
171.2	-0.0166659	0.0145079	0.022096
171.4	-0.0166499	0.0145914	0.0221388
171.6	-0.0166266	0.0146722	0.0221747
171.8	-0.0165964	0.0147496	0.0222034
172	-0.0165597	0.0148229	0.0222248
172.2	-0.0165171	0.0148914	0.0222389
172.4	-0.0164691	0.0149547	0.0222457
172.6	-0.0164161	0.015012	0.0222452
172.8	-0.0163588	0.0150631	0.0222375
173	-0.0162978	0.0151073	0.0222227
173.2	-0.0162336	0.0151444	0.022201
173.4	-0.0161671	0.015174	0.0221726
173.6	-0.0160989	0.0151957	0.0221378
173.8	-0.0160296	0.0152095	0.022097
174	-0.0159601	0.0152151	0.0220505
174.2	-0.0158912	0.0152124	0.0219988
174.4	-0.0158235	0.0152016	0.0219425
174.6	-0.015758	0.0151827	0.0218821
174.8	-0.0156953	0.0151558	0.0218183
175	-0.0156362	0.0151213	0.0217519
175.2	-0.0155814	0.0150795	0.0216835
175.4	-0.0155318	0.015031	0.0216141
175.6	-0.0154879	0.0149763	0.0215445
175.8	-0.0154503	0.014916	0.0214756
176	-0.0154196	0.014851	0.0214083
176.2	-0.0153962	0.014782	0.0213436
176.4	-0.0153805	0.0147099	0.0212824
176.6	-0.0153727	0.0146357	0.0212256
176.8	-0.015373	0.0145604	0.0211739
177	-0.0153815	0.0144849	0.0211283
177.2	-0.015398	0.0144104	0.0210893
177.4	-0.0154223	0.0143378	0.0210575
177.6	-0.0154541	0.0142681	0.0210335
177.8	-0.0154931	0.0142023	0.0210176
178	-0.0155386	0.0141413	0.0210101
178.2	-0.0155901	0.0140858	0.021011
178.4	-0.0156468	0.0140367	0.0210202
178.6	-0.015708	0.0139945	0.0210377
178.8	-0.0157728	0.0139597	0.0210631
179	-0.0158404	0.0139328	0.021096
179.2	-0.0159097	0.013914	0.0211357
179.4	-0.01598	0.0139035	0.0211818
179.6	-0.0160503	0.0139012	0.0212333
179.8	-0.0161196	0.013907	0.0212896
180	-0.0161871	0.0139208	0.0213498
180.2	-0.0162521	0.0139422	0.021413
180.4	-0.0163137	0.0139707	0.0214783
180.6	-0.0163713	0.0140059	0.021545
180.8	-0.0164243	0.0140472	0.021612
181	-0.0164722	0.0140938	0.0216787
181.2	-0.0165145	0.0141451	0.0217443
181.4	-0.0165509	0.0142005	0.021808
181.6	-0.0165813	0.014259	0.0218691
181.8	-0.0166054	0.01432	0.0219272
182	-0.0166231	0.0143828	0.0219816
182.2	-0.0166345	0.0144465	0.022032
182.4	-0.0166397	0.0145105	0.0220778
182.6	-0.0166387	0.014574	0.0221189
182.8	-0.0166319	0.0146364	0.022155
183	-0.0166194	0.0146971	0.0221858
183.2	-0.0166016	0.0147555	0.0222112
183.4	-0.0165789	0.0148111	0.0222312
183.6	-0.0165515	0.0148633	0.0222456
183.8	-0.01652	0.0149117	0.0222546
184	-0.0164847	0.014956	0.0222582
184.2	-0.0164461	0.0149957	0.0222564
184.4	-0.0164047	0.0150307	0.0222494
184.6	-0.016361	0.0150605	0.0222374
184.8	-0.0163154	0.015085	0.0222205
185	-0.0162685	0.015104	0.022199
185.2	-0.0162208	0.0151175	0.0221732
185.4	-0.0161728	0.0151252	0.0221434
185.6	-0.016125	0.0151273	0.02211
185.8	-0.0160779	0.0151237	0.0220732
186	-0.016032	0.0151145	0.0220335
186.2	-0.0159879	0.0150999	0.0219914
186.4	-0.0159461	0.0150799	0.0219472
186.6	-0.0159069	0.015055	0.0219016
186.8	-0.0158709	0.0150252	0.0218551
187	-0.0158386	0.014991	0.0218081
187.2	-0.0158102	0.0149529	0.0217612
187.4	-0.0157863	0.0149111	0.0217152
187.6	-0.015767	0.0148663	0.0216704
187.8	-0.0157527	0.014819	0.0216276
188	-0.0157436	0.0147698	0.0215872
188.2	-0.0157398	0.0147193	0.0215499
188.4	-0.0157414	0.0146681	0.0215161
188.6	-0.0157485	0.0146168	0.0214864
188.8	-0.0157609	0.0145663	0.0214612
189	-0.0157787	0.0145171	0.0214409
189.2	-0.0158014	0.0144698	0.0214257
189.4	-0.015829	0.0144252	0.021416
189.6	-0.015861	0.0143838	0.0214118
189.8	-0.0158971	0.0143462	0.0214133
190	-0.0159368	0.0143128	0.0214205
190.2	-0.0159795	0.0142841	0.0214332
190.4	-0.0160248	0.0142605	0.0214513
190.6	-0.0160721	0.0142423	0.0214745
190.8	-0.0161206	0.0142296	0.0215024
191	-0.0161699	0.0142226	0.0215348
191.2	-0.0162192	0.0142213	0.021571
191.4	-0.0162681	0.0142257	0.0216107
191.6	-0.0163157	0.0142357	0.0216531
191.8	-0.0163617	0.0142511	0.0216979
192	-0.0164053	0.0142715	0.0217442
192.2	-0.0164463	0.0142967	0.0217916
192.4	-0.016484	0.0143263	0.0218395
192.6	-0.0165182	0.0143597	0.0218872
192.8	-0.0165484	0.0143965	0.0219342
193	-0.0165745	0.0144363	0.02198
193.2	-0.0165962	0.0144784	0.022024
193.4	-0.0166135	0.0145223	0.0220659
193.6	-0.0166262	0.0145674	0.0221052
193.8	-0.0166343	0.0146132	0.0221415
194	-0.0166379	0.0146592	0.0221746
194.2	-0.016637	0.0147048	0.0222041
194.4	-0.016632	0.0147496	0.02223
194.6	-0.0166228	0.014793	0.022252
194.8	-0.0166098	0.0148346	0.02227
195	-0.0165933	0.014874	0.0222839
195.2	-0.0165735	0.0149109	0.0222938
195.4	-0.0165508	0.0149449	0.0222997
195.6	-0.0165254	0.0149758	0.0223016
195.8	-0.0164979	0.0150032	0.0222997
196	-0.0164684	0.0150271	0.022294
196.2	-0.0164375	0.0150472	0.0222847
196.4	-0.0164054	0.0150634	0.022272
196.6	-0.0163726	0.0150756	0.0222562
196.8	-0.0163395	0.0150838	0.0222373
197	-0.0163063	0.015088	0.0222158
197.2	-0.0162736	0.0150881	0.0221919
197.4	-0.0162415	0.0150844	0.0221659
197.6	-0.0162106	0.0150767	0.022138
197.8	-0.0161811	0.0150654	0.0221087
198	-0.0161534	0.0150505	0.0220782
198.2	-0.0161277	0.0150322	0.022047
198.4	-0.0161044	0.0150108	0.0220154
198.6	-0.0160837	0.0149866	0.0219837
198.8	-0.0160659	0.0149598	0.0219524
199	-0.0160511	0.0149307	0.0219218
199.2	-0.0160396	0.0148998	0.0218923
199.4	-0.0160316	0.0148673	0.0218643
199.6	-0.016027	0.0148337	0.0218382
199.8	-0.0160261	0.0147994	0.0218142
200	-0.0160288	0.0147648	0.0217927
200.2	-0.0160352	0.0147304	0.0217741
200.4	-0.0160451	0.0146965	0.0217585
200.6	-0.0160585	0.0146637	0.0217463
200.8	-0.0160753	0.0146323	0.0217375
201	-0.0160952	0.0146027	0.0217324
201.2	-0.0161181	0.0145754	0.0217309
201.4	-0.0161436	0.0145507	0.0217333
201.6	-0.0161714	0.0145288	0.0217394
201.8	-0.0162013	0.0145102	0.0217492
202	-0.0162329	0.014495	0.0217626
202.2	-0.0162657	0.0144834	0.0217794
202.4	-0.0162994	0.0144756	0.0217994
202.6	-0.0163336	0.0144717	0.0218223
202.8	-0.0163677	0.0144716	0.0218479
203	-0.0164016	0.0144755	0.0218758
203.2	-0.0164346	0.0144831	0.0219056
203.4	-0.0164664	0.0144944	0.021937
203.6	-0.0164968	0.0145092	0.0219695
203.8	-0.0165252	0.0145272	0.0220028
204	-0.0165514	0.0145483	0.0220364
204.2	-0.0165752	0.014572	0.0220699
204.4	-0.0165963	0.0145982	0.022103
204.6	-0.0166145	0.0146263	0.0221353
204.8	-0.0166297	0.0146561	0.0221664
205	-0.0166417	0.0146872	0.022196
205.2	-0.0166506	0.0147191	0.0222237
205.4	-0.0166563	0.0147515	0.0222494
205.6	-0.0166587	0.0147839	0.0222728
205.8	-0.0166581	0.0148161	0.0222937
206	-0.0166545	0.0148476	0.022312
206.2	-0.016648	0.0148782	0.0223275
206.4	-0.0166388	0.0149074	0.0223401
206.6	-0.0166272	0.014935	0.0223499
206.8	-0.0166132	0.0149608	0.0223567
207	-0.0165972	0.0149844	0.0223607
207.2	-0.0165794	0.0150058	0.0223618
207.4	-0.0165601	0.0150246	0.0223602
207.6	-0.0165396	0.0150409	0.0223559
207.8	-0.016518	0.0150544	0.022349
208	-0.0164958	0.0150651	0.0223398
208.2	-0.0164732	0.015073	0.0223284
208.4	-0.0164504	0.015078	0.022315
208.6	-0.0164277	0.0150801	0.0222998
208.8	-0.0164055	0.0150795	0.022283
209	-0.0163839	0.015076	0.0222648
209.2	-0.0163632	0.01507	0.0222454
209.4	-0.0163436	0.0150614	0.0222252
209.6	-0.0163254	0.0150504	0.0222043
209.8	-0.0163088	0.0150371	0.0221831
210	-0.0162939	0.0150218	0.0221618
210.2	-0.0162808	0.0150047	0.0221406
210.4	-0.0162699	0.0149859	0.0221198
210.6	-0.0162611	0.0149657	0.0220996
210.8	-0.0162546	0.0149443	0.0220804
211	-0.0162505	0.0149221	0.0220623
211.2	-0.0162487	0.0148993	0.0220456
211.4	-0.0162495	0.0148761	0.0220305
211.6	-0.0162527	0.0148529	0.0220172
211.8	-0.0162583	0.0148299	0.0220058
212	-0.0162663	0.0148074	0.0219966
212.2	-0.0162766	0.0147857	0.0219897
212.4	-0.0162891	0.0147651	0.0219851
212.6	-0.0163037	0.0147458	0.0219829
212.8	-0.0163201	0.0147282	0.0219833
213	-0.0163383	0.0147123	0.0219862
213.2	-0.016358	0.0146984	0.0219915
213.4	-0.0163789	0.0146867	0.0219993
213.6	-0.0164009	0.0146774	0.0220095
213.8	-0.0164237	0.0146705	0.0220218
214	-0.016447	0.0146661	0.0220363
214.2	-0.0164706	0.0146644	0.0220528
214.4	-0.0164941	0.0146652	0.0220709
214.6	-0.0165173	0.0146687	0.0220906
214.8	-0.01654	0.0146747	0.0221115
215	-0.0165618	0.0146832	0.0221335
215.2	-0.0165826	0.014694	0.0221562
215.4	-0.016602	0.014707	0.0221794
215.6	-0.01662	0.014722	0.0222028
215.8	-0.0166363	0.0147389	0.0222261
216	-0.0166507	0.0147573	0.0222492
216.2	-0.0166632	0.0147771	0.0222716
216.4	-0.0166736	0.014798	0.0222933
216.6	-0.0166818	0.0148197	0.0223138
216.8	-0.0166879	0.014842	0.0223332
217	-0.0166918	0.0148646	0.0223511
217.2	-0.0166934	0.0148873	0.0223674
217.4	-0.016693	0.0149097	0.022382
217.6	-0.0166905	0.0149316	0.0223947
217.8	-0.016686	0.0149528	0.0224055
218	-0.0166796	0.014973	0.0224143
218.2	-0.0166716	0.0149921	0.0224211
218.4	-0.0166619	0.0150099	0.0224258
218.6	-0.0166509	0.0150262	0.0224285
218.8	-0.0166387	0.0150408	0.0224293
219	-0.0166254	0.0150537	0.0224281
219.2	-0.0166113	0.0150647	0.022425
219.4	-0.0165966	0.0150738	0.0224202
219.6	-0.0165814	0.0150808	0.0224137
219.8	-0.016566	0.0150859	0.0224058
220	-0.0165506	0.015089	0.0223964
220.2	-0.0165353	0.01509	0.0223859
220.4	-0.0165204	0.0150891	0.0223742
220.6	-0.0165061	0.0150863	0.0223617
220.8	-0.0164924	0.0150817	0.0223485
221	-0.0164796	0.0150754	0.0223348
221.2	-0.0164677	0.0150674	0.0223207
221.4	-0.0164571	0.015058	0.0223064
221.6	-0.0164477	0.0150471	0.0222922
221.8	-0.0164396	0.0150351	0.0222782
222	-0.0164331	0.0150221	0.0222645
222.2	-0.016428	0.0150081	0.0222514
222.4	-0.0164246	0.0149935	0.022239
222.6	-0.0164228	0.0149784	0.0222275
222.8	-0.0164226	0.014963	0.022217
223	-0.0164242	0.0149474	0.0222076
223.2	-0.0164274	0.0149319	0.0221995
223.4	-0.0164322	0.0149166	0.0221928
223.6	-0.0164386	0.0149018	0.0221876
223.8	-0.0164465	0.0148877	0.022184
224	-0.0164558	0.0148743	0.022182
224.2	-0.0164665	0.0148619	0.0221816
224.4	-0.0164784	0.0148506	0.0221829
224.6	-0.0164914	0.0148406	0.0221858
224.8	-0.0165054	0.014832	0.0221905
225	-0.0165201	0.0148249	0.0221967
225.2	-0.0165355	0.0148194	0.0222044
225.4	-0.0165513	0.0148156	0.0222137
225.6	-0.0165674	0.0148135	0.0222243
225.8	-0.0165836	0.0148131	0.0222361
226	-0.0165998	0.0148145	0.0222491
226.2	-0.0166157	0.0148176	0.022263
226.4	-0.0166311	0.0148224	0.0222777
226.6	-0.016646	0.0148288	0.0222931
226.8	-0.0166601	0.0148368	0.022309
227	-0.0166733	0.0148462	0.0223251
227.2	-0.0166855	0.014857	0.0223413
227.4	-0.0166965	0.0148689	0.0223575
227.6	-0.0167063	0.0148819	0.0223735
227.8	-0.0167148	0.0148957	0.022389
228	-0.0167218	0.0149103	0.0224039
228.2	-0.0167274	0.0149254	0.0224181
228.4	-0.0167314	0.0149409	0.0224315
228.6	-0.016734	0.0149566	0.0224439
228.8	-0.0167352	0.0149722	0.0224551
229	-0.0167349	0.0149876	0.0224652
229.2	-0.0167331	0.0150027	0.022474
229.4	-0.0167301	0.0150173	0.0224814
229.6	-0.0167258	0.0150312	0.0224875
229.8	-0.0167203	0.0150443	0.0224922
230	-0.0167138	0.0150565	0.0224955
230.2	-0.0167063	0.0150676	0.0224974
230.4	-0.016698	0.0150775	0.0224979
230.6	-0.0166891	0.0150862	0.0224971
230.8	-0.0166796	0.0150936	0.022495
231	-0.0166697	0.0150997	0.0224917
231.2	-0.0166595	0.0151044	0.0224873
231.4	-0.0166492	0.0151076	0.0224819
231.6	-0.0166389	0.0151095	0.0224756
231.8	-0.0166288	0.01511	0.0224684
232	-0.016619	0.0151092	0.0224606
232.2	-0.0166095	0.015107	0.0224522
232.4	-0.0166006	0.0151037	0.0224433
232.6	-0.0165924	0.0150991	0.0224341
232.8	-0.0165848	0.0150935	0.0224247
233	-0.0165781	0.0150868	0.0224153
233.2	-0.0165723	0.0150793	0.022406
233.4	-0.0165675	0.015071	0.0223968
233.6	-0.0165636	0.0150621	0.0223879
233.8	-0.0165609	0.0150526	0.0223795
234	-0.0165593	0.0150426	0.0223717
234.2	-0.0165588	0.0150324	0.0223644
234.4	-0.0165595	0.0150221	0.022358
234.6	-0.0165612	0.0150117	0.0223523
234.8	-0.0165641	0.0150015	0.0223476
235	-0.0165681	0.0149914	0.0223438
235.2	-0.0165732	0.0149818	0.0223411
235.4	-0.0165792	0.0149726	0.0223394
235.6	-0.0165862	0.014964	0.0223388
235.8	-0.016594	0.0149562	0.0223394
236	-0.0166026	0.0149491	0.0223411
236.2	-0.0166119	0.0149429	0.0223438
236.4	-0.0166218	0.0149377	0.0223477
236.6	-0.0166322	0.0149336	0.0223527
236.8	-0.0166429	0.0149305	0.0223586
237	-0.016654	0.0149286	0.0223655
237.2	-0.0166651	0.0149278	0.0223733
237.4	-0.0166763	0.0149282	0.0223819
237.6	-0.0166874	0.0149297	0.0223912
237.8	-0.0166983	0.0149324	0.0224011
238	-0.0167088	0.0149362	0.0224115
238.2	-0.0167189	0.0149411	0.0224223
238.4	-0.0167285	0.014947	0.0224334
238.6	-0.0167375	0.0149538	0.0224446
238.8	-0.0167457	0.0149615	0.0224559
239	-0.0167531	0.01497	0.0224671
239.2	-0.0167597	0.0149792	0.0224781
239.4	-0.0167654	0.0149889	0.0224888
239.6	-0.0167701	0.014999	0.0224991
239.8	-0.0167739	0.0150095	0.0225088
240	-0.0167766	0.0150202	0.022518
240.2	-0.0167784	0.015031	0.0225265
240.4	-0.0167791	0.0150418	0.0225343
240.6	-0.0167789	0.0150524	0.0225412
240.8	-0.0167778	0.0150627	0.0225472
241	-0.0167757	0.0150726	0.0225524
241.2	-0.0167728	0.0150821	0.0225566
241.4	-0.0167692	0.015091	0.0225598
241.6	-0.0167648	0.0150993	0.0225621
241.8	-0.0167599	0.0151068	0.0225634
242	-0.0167544	0.0151135	0.0225639
242.2	-0.0167484	0.0151194	0.0225634
242.4	-0.0167421	0.0151244	0.022562
242.6	-0.0167356	0.0151284	0.0225599
242.8	-0.0167289	0.0151315	0.022557
243	-0.0167221	0.0151336	0.0225534
243.2	-0.0167154	0.0151348	0.0225492
243.4	-0.0167088	0.015135	0.0225445
243.6	-0.0167024	0.0151343	0.0225393
243.8	-0.0166963	0.0151328	0.0225337
244	-0.0166906	0.0151304	0.0225279
244.2	-0.0166854	0.0151272	0.0225219
244.4	-0.0166807	0.0151233	0.0225158
244.6	-0.0166766	0.0151187	0.0225096
244.8	-0.0166731	0.0151136	0.0225036
245	-0.0166703	0.0151079	0.0224977
245.2	-0.0166682	0.0151019	0.0224921
245.4	-0.0166669	0.0150955	0.0224868
245.6	-0.0166663	0.0150888	0.0224819
245.8	-0.0166665	0.015082	0.0224775
246	-0.0166674	0.0150752	0.0224736
246.2	-0.0166692	0.0150683	0.0224703
246.4	-0.0166717	0.0150616	0.0224677
246.6	-0.0166749	0.0150551	0.0224657
246.8	-0.0166788	0.0150489	0.0224644
247	-0.0166834	0.015043	0.0224639
247.2	-0.0166885	0.0150376	0.0224641
247.4	-0.0166943	0.0150327	0.0224651
247.6	-0.0167005	0.0150283	0.0224668
247.8	-0.0167072	0.0150246	0.0224693
248	-0.0167142	0.0150215	0.0224725
248.2	-0.0167215	0.0150192	0.0224763
248.4	-0.0167291	0.0150176	0.0224809
248.6	-0.0167367	0.0150168	0.022486
248.8	-0.0167445	0.0150167	0.0224918
249	-0.0167522	0.0150175	0.022498
249.2	-0.0167598	0.015019	0.0225047
249.4	-0.0167673	0.0150212	0.0225118
249.6	-0.0167745	0.0150243	0.0225191
249.8	-0.0167814	0.015028	0.0225267
