# Time	U	V	U_magnitude
0	-1.07502e-28	1.72944e-28	2.03632e-28
0.2	-0.000752523	6.72759e-05	0.000755524
0.4	-0.011338	4.80801e-05	0.0113381
0.6	-0.0112728	0.000400793	0.0112799
0.8	-0.00726101	0.000961157	0.00732435
1	-0.00730765	0.000427137	0.00732012
1.2	-0.0122556	0.000921803	0.0122902
1.4	-0.0135703	0.00213183	0.0137367
1.6	-0.0110447	0.00233306	0.0112884
1.8	-0.0103374	0.00190745	0.010512
2	-0.0134166	0.00260805	0.0136678
2.2	-0.0151227	0.00407339	0.0156617
2.4	-0.0138668	0.00470055	0.0146419
2.6	-0.0135198	0.00445965	0.0142364
2.8	-0.0154759	0.0051868	0.016322
3	-0.0171233	0.00695882	0.0184833
3.2	-0.0170657	0.00794852	0.018826
3.4	-0.0170103	0.00805042	0.0188191
3.6	-0.0183841	0.00890708	0.0204282
3.8	-0.0200033	0.0107461	0.0227071
4	-0.0205789	0.0121207	0.0238831
4.2	-0.0209205	0.0126725	0.0244594
4.4	-0.0220549	0.0136767	0.0259514
4.6	-0.0235285	0.0155867	0.028223
4.8	-0.0245265	0.0172974	0.0300124
5	-0.0252053	0.0183286	0.0311648
5.2	-0.0262252	0.0196003	0.0327404
5.4	-0.027607	0.0216119	0.0350602
5.6	-0.0288115	0.023638	0.0372674
5.8	-0.0297131	0.0251831	0.0389494
6	-0.0307141	0.0268091	0.0407687
6.2	-0.0319883	0.029007	0.0431817
6.4	-0.0332427	0.0313647	0.0457036
6.6	-0.0342592	0.0334257	0.0478641
6.8	-0.0352273	0.0354859	0.0500021
7	-0.0363676	0.0379665	0.0525742
7.2	-0.0375486	0.0406789	0.0553595
7.4	-0.0385446	0.0432528	0.0579352
7.6	-0.0394217	0.045797	0.0604271
7.8	-0.0403733	0.0486358	0.0632095
8	-0.0413614	0.0517267	0.06623
8.2	-0.0422038	0.0547942	0.0691633
8.4	-0.0428938	0.0578337	0.0720043
8.6	-0.0435754	0.0610752	0.0750266
8.8	-0.0442639	0.0645622	0.0782788
9	-0.0448306	0.0681298	0.0815564
9.2	-0.0452431	0.0717651	0.0848361
9.4	-0.0456067	0.0756986	0.0883756
9.6	-0.0459627	0.0801333	0.0923792
9.8	-0.0462249	0.0851288	0.0968693
10	-0.0463298	0.0907882	0.101926
10.2	-0.0462988	0.0973339	0.107784
10.4	-0.0461156	0.1049	0.114589
10.6	-0.0456639	0.113374	0.122225
10.8	-0.0448342	0.122512	0.130458
11	-0.0436061	0.13209	0.139101
11.2	-0.0419843	0.141865	0.147947
11.4	-0.039936	0.151492	0.156668
11.6	-0.0374434	0.160603	0.16491
11.8	-0.0345609	0.168939	0.172438
12	-0.0313736	0.176338	0.179108
12.2	-0.0279354	0.182638	0.184762
12.4	-0.0242906	0.18769	0.189255
12.6	-0.0205186	0.19145	0.192546
12.8	-0.0167128	0.193966	0.194684
13	-0.0129322	0.195303	0.19573
13.2	-0.00920816	0.195534	0.19575
13.4	-0.00558204	0.194794	0.194874
13.6	-0.00209903	0.193277	0.193288
13.8	0.00122523	0.191167	0.191171
14	0.00440173	0.18862	0.188672
14.2	0.00744025	0.185797	0.185946
14.4	0.0103441	0.182856	0.183148
14.6	0.0131313	0.179919	0.180398
14.8	0.015836	0.177053	0.17776
15	0.0184808	0.174302	0.175279
15.2	0.0210732	0.171697	0.172985
15.4	0.0236218	0.169244	0.170884
15.6	0.0261415	0.166914	0.168949
15.8	0.028636	0.164674	0.167145
16	0.0310955	0.162495	0.165444
16.2	0.0335102	0.160349	0.163813
16.4	0.0358773	0.158196	0.162213
16.6	0.0381878	0.156002	0.160608
16.8	0.040427	0.153752	0.158978
17	0.0425807	0.151431	0.157304
17.2	0.0446445	0.149024	0.155568
17.4	0.0466116	0.146521	0.153756
17.6	0.04847	0.143923	0.151865
17.8	0.0502134	0.141234	0.149895
18	0.05184	0.138454	0.147841
18.2	0.0533467	0.135587	0.145704
18.4	0.0547294	0.132641	0.143488
18.6	0.0559859	0.129626	0.141199
18.8	0.0571177	0.126546	0.13884
19	0.0581249	0.123409	0.136412
19.2	0.059006	0.120222	0.133922
19.4	0.0597617	0.116995	0.131375
19.6	0.0603947	0.113732	0.128773
19.8	0.0609068	0.11044	0.126121
20	0.0612975	0.107123	0.123421
20.2	0.0615675	0.103789	0.120676
20.4	0.0617195	0.100441	0.117889
20.6	0.0617547	0.0970831	0.11506
20.8	0.0616733	0.0937201	0.112192
21	0.0614758	0.0903562	0.109286
21.2	0.0611641	0.0869942	0.106344
21.4	0.0607392	0.0836374	0.103366
21.6	0.060201	0.0802899	0.100353
21.8	0.0595501	0.0769552	0.0973053
22	0.058788	0.0736361	0.0942247
22.2	0.0579153	0.070336	0.0911117
22.4	0.0569321	0.0670594	0.0879672
22.6	0.0558391	0.0638095	0.0847919
22.8	0.054638	0.0605895	0.0815868
23	0.0533299	0.0574031	0.078353
23.2	0.0519155	0.0542549	0.075092
23.4	0.050396	0.0511492	0.0718053
23.6	0.0487736	0.0480898	0.0684945
23.8	0.0470505	0.0450814	0.065162
24	0.0452281	0.0421286	0.0618094
24.2	0.0433092	0.039236	0.0584393
24.4	0.041297	0.0364084	0.0550547
24.6	0.0391942	0.0336507	0.051658
24.8	0.0370043	0.0309676	0.0482526
25	0.0347311	0.0283645	0.0448419
25.2	0.0323789	0.0258456	0.0414293
25.4	0.029952	0.0234164	0.0380191
25.6	0.027455	0.0210814	0.034615
25.8	0.0248932	0.0188456	0.0312222
26	0.0222719	0.0167132	0.0278454
26.2	0.0195969	0.014689	0.0244909
26.4	0.016874	0.0127774	0.0211659
26.6	0.0141097	0.0109819	0.0178797
26.8	0.0113104	0.00930681	0.0146472
27	0.00848298	0.00775581	0.0114941
27.2	0.005635	0.00633129	0.00847576
27.4	0.00277367	0.00503651	0.00574975
27.6	-9.27512e-05	0.00387377	0.00387488
27.8	-0.00295499	0.00284494	0.00410191
28	-0.00580624	0.00195085	0.00612521
28.2	-0.00863962	0.00119244	0.00872152
28.4	-0.0114489	0.000569962	0.0114631
28.6	-0.0142277	8.31087e-05	0.014228
28.8	-0.0169701	-0.00026871	0.0169723
29	-0.01967	-0.00048667	0.019676
29.2	-0.0223216	-0.000572412	0.022329
29.4	-0.0249194	-0.000527693	0.024925
29.6	-0.0274576	-0.000354961	0.0274599
29.8	-0.0299314	-5.67104e-05	0.0299314
30	-0.0323351	0.000364151	0.0323372
30.2	-0.0346643	0.000904143	0.0346761
30.4	-0.036914	0.00156002	0.0369469
30.6	-0.03908	0.00232777	0.0391493
30.8	-0.0411568	0.00320305	0.0412812
31	-0.0431408	0.00418163	0.043343
31.2	-0.0450285	0.00525931	0.0453346
31.4	-0.0468158	0.00643108	0.0472555
31.6	-0.0484992	0.00769251	0.0491055
31.8	-0.0500751	0.00903763	0.0508841
32	-0.0515409	0.010462	0.052592
32.2	-0.0528936	0.0119604	0.054229
32.4	-0.0541301	0.0135267	0.0557947
32.6	-0.055249	0.0151563	0.0572902
32.8	-0.056247	0.0168433	0.0587148
33	-0.0571228	0.0185818	0.0600691
33.2	-0.0578745	0.0203667	0.0613535
33.4	-0.0585004	0.0221912	0.062568
33.6	-0.0589994	0.0240501	0.0637129
33.8	-0.0593701	0.0259366	0.0647883
34	-0.0596119	0.0278452	0.0657947
34.2	-0.0597241	0.029769	0.066732
34.4	-0.0597063	0.0317018	0.0676006
34.6	-0.0595583	0.0336369	0.0684005
34.8	-0.0592802	0.0355676	0.0691317
35	-0.0588726	0.037487	0.0697944
35.2	-0.0583359	0.0393882	0.0703882
35.4	-0.0576714	0.0412641	0.0709134
35.6	-0.0568802	0.0431076	0.0713696
35.8	-0.0559643	0.0449116	0.071757
36	-0.0549256	0.0466688	0.072075
36.2	-0.0537667	0.048372	0.0723236
36.4	-0.0524902	0.0500137	0.0725023
36.6	-0.0510994	0.0515867	0.0726109
36.8	-0.0495977	0.053084	0.0726488
37	-0.0479892	0.0544984	0.0726157
37.2	-0.0462781	0.0558227	0.072511
37.4	-0.0444692	0.0570502	0.0723342
37.6	-0.0425677	0.0581739	0.0720847
37.8	-0.0405793	0.0591873	0.0717622
38	-0.03851	0.0600839	0.0713659
38.2	-0.0363664	0.0608575	0.0708954
38.4	-0.0341558	0.0615022	0.0703501
38.6	-0.0318856	0.0620125	0.0697298
38.8	-0.0295641	0.0623831	0.0690339
39	-0.0271999	0.0626091	0.0682622
39.2	-0.0248022	0.0626863	0.0674146
39.4	-0.0223807	0.062611	0.0664909
39.6	-0.0199456	0.06238	0.0654912
39.8	-0.0175076	0.0619908	0.0644157
40	-0.0150778	0.0614416	0.0632646
40.2	-0.0126674	0.0607314	0.0620384
40.4	-0.0102882	0.0598602	0.0607379
40.6	-0.00795219	0.0588286	0.0593636
40.8	-0.00567144	0.0576382	0.0579165
41	-0.0034582	0.0562915	0.0563976
41.2	-0.00132494	0.054792	0.054808
41.4	0.000716142	0.0531437	0.0531486
41.6	0.00265233	0.0513522	0.0514207
41.8	0.00447304	0.0494235	0.0496255
42	0.00616663	0.0473645	0.0477643
42.2	0.00772299	0.0451831	0.0458384
42.4	0.00913191	0.042888	0.0438494
42.6	0.0103834	0.0404885	0.0417987
42.8	0.0114691	0.0379948	0.039688
43	0.0123804	0.0354178	0.0375193
43.2	0.0131094	0.032769	0.0352939
43.4	0.0136491	0.0300607	0.0330143
43.6	0.0139938	0.027306	0.030683
43.8	0.014138	0.0245184	0.0283026
44	0.0140774	0.0217121	0.0258764
44.2	0.0138085	0.0189017	0.0234083
44.4	0.0133288	0.0161026	0.0209033
44.6	0.0126372	0.0133305	0.0183685
44.8	0.0117339	0.0106026	0.0158145
45	0.0106197	0.00793587	0.0132573
45.2	0.00929747	0.00534795	0.0107258
45.4	0.00777238	0.00285709	0.00828087
45.6	0.00605031	0.000482599	0.00606953
45.8	0.00413991	-0.00175696	0.00449731
46	0.00205136	-0.00384349	0.00435666
46.2	-0.000202407	-0.00576176	0.00576531
46.4	-0.00260603	-0.00749526	0.00793539
46.6	-0.00514318	-0.00903048	0.0103924
46.8	-0.0077962	-0.0103538	0.0129608
47	-0.0105461	-0.0114534	0.0155692
47.2	-0.0133727	-0.0123192	0.0181822
47.4	-0.0162554	-0.0129426	0.0207786
47.6	-0.0191724	-0.0133159	0.023343
47.8	-0.0221008	-0.0134346	0.0258637
48	-0.0250176	-0.0132957	0.0283312
48.2	-0.0279	-0.0128985	0.0307373
48.4	-0.0307246	-0.0122445	0.0330746
48.6	-0.0334678	-0.011337	0.0353358
48.8	-0.0361073	-0.0101811	0.0375152
49	-0.0386213	-0.00878551	0.0396079
49.2	-0.0409877	-0.00716091	0.0416085
49.4	-0.043186	-0.00531904	0.0435123
49.6	-0.0451966	-0.00327551	0.0453151
49.8	-0.0470015	-0.0010469	0.0470132
50	-0.0485838	0.00134699	0.0486025
50.2	-0.0499288	0.00388416	0.0500797
50.4	-0.0510238	0.00654107	0.0514414
50.6	-0.0518581	0.00929306	0.0526842
50.8	-0.0524238	0.0121142	0.0538053
51	-0.0527154	0.0149776	0.0548018
51.2	-0.0527304	0.0178557	0.0556715
51.4	-0.0524695	0.0207211	0.0564129
51.6	-0.0519366	0.023546	0.0570247
51.8	-0.0511386	0.0263036	0.0575068
52	-0.0500858	0.0289678	0.0578595
52.2	-0.0487916	0.0315142	0.0580841
52.4	-0.0472722	0.0339202	0.0581828
52.6	-0.0455462	0.0361655	0.0581584
52.8	-0.0436348	0.0382324	0.0580148
53	-0.0415605	0.0401064	0.0577564
53.2	-0.039347	0.0417761	0.0573884
53.4	-0.0370187	0.0432332	0.0569165
53.6	-0.0345999	0.0444729	0.056347
53.8	-0.0321143	0.0454932	0.0556862
54	-0.0295847	0.046295	0.0549407
54.2	-0.0270322	0.0468815	0.0541167
54.4	-0.0244763	0.047258	0.0532203
54.6	-0.0219345	0.047431	0.0522573
54.8	-0.0194222	0.0474082	0.0512325
55	-0.0169532	0.0471979	0.0501503
55.2	-0.014539	0.0468085	0.0490144
55.4	-0.0121899	0.0462482	0.0478277
55.6	-0.00991443	0.045525	0.046592
55.8	-0.00772043	0.0446464	0.045309
56	-0.00561492	0.0436192	0.0439791
56.2	-0.00360441	0.0424496	0.0426023
56.4	-0.00169526	0.0411432	0.0411781
56.6	0.000105733	0.0397055	0.0397057
56.8	0.00179146	0.0381414	0.0381834
57	0.00335576	0.0364558	0.0366099
57.2	0.00479136	0.0346537	0.0349833
57.4	0.00609022	0.0327403	0.0333019
57.6	0.00724472	0.030722	0.0315647
57.8	0.00824431	0.0286045	0.0297689
58	0.00908009	0.0263971	0.0279151
58.2	0.00974284	0.0241086	0.0260028
58.4	0.010221	0.0217489	0.0240309
58.6	0.0105046	0.0193317	0.0220014
58.8	0.0105849	0.0168718	0.0199173
59	0.0104533	0.0143856	0.0177825
59.2	0.0101026	0.0118914	0.0156034
59.4	0.00952724	0.00940949	0.0133905
59.6	0.00872401	0.00696249	0.0111617
59.8	0.00769126	0.00457494	0.00894905
60	0.0064312	0.00227154	0.00682058
60.2	0.0049496	7.91862e-05	0.00495023
60.4	0.00325505	-0.00197524	0.00380749
60.6	0.00136009	-0.0038663	0.00409855
60.8	-0.000719443	-0.00557182	0.00561807
61	-0.00296143	-0.00706751	0.00766289
61.2	-0.00534317	-0.00833371	0.00989951
61.4	-0.00783722	-0.00935047	0.0122005
61.6	-0.0104145	-0.0101038	0.0145103
61.8	-0.0130453	-0.0105808	0.0167968
62	-0.0156967	-0.0107728	0.0190379
62.2	-0.0183359	-0.0106762	0.0212176
62.4	-0.02093	-0.0102911	0.0233232
62.6	-0.0234462	-0.00962223	0.0253439
62.8	-0.0258527	-0.0086787	0.0272705
63	-0.0281189	-0.00747322	0.0290951
63.2	-0.0302175	-0.00602385	0.0308121
63.4	-0.0321222	-0.00435207	0.0324157
63.6	-0.0338108	-0.00248294	0.0339019
63.8	-0.0352642	-0.000444721	0.035267
64	-0.0364671	0.00173115	0.0365082
64.2	-0.0374084	0.00401119	0.0376229
64.4	-0.0380815	0.00636115	0.0386091
64.6	-0.0384841	0.00874678	0.0394655
64.8	-0.0386184	0.0111344	0.0401915
65	-0.0384912	0.0134913	0.0407871
65.2	-0.0381133	0.0157868	0.0412535
65.4	-0.0374996	0.0179924	0.0415926
65.6	-0.0366679	0.0200827	0.0418073
65.8	-0.0356395	0.0220355	0.0419015
66	-0.0344374	0.0238326	0.0418799
66.2	-0.0330867	0.0254595	0.0417482
66.4	-0.0316131	0.0269059	0.0415129
66.6	-0.0300429	0.0281658	0.0411812
66.8	-0.0284017	0.029237	0.040761
67	-0.0267141	0.0301211	0.0402607
67.2	-0.025003	0.030823	0.0396889
67.4	-0.0232891	0.0313504	0.0390542
67.6	-0.0215904	0.0317133	0.038365
67.8	-0.0199221	0.0319231	0.0376294
68	-0.0182964	0.0319923	0.0368546
68.2	-0.0167226	0.0319336	0.0360472
68.4	-0.0152072	0.0317594	0.0352124
68.6	-0.0137541	0.0314814	0.0343548
68.8	-0.0123654	0.0311098	0.0334772
69	-0.0110413	0.0306537	0.0325816
69.2	-0.00978109	0.0301204	0.0316687
69.4	-0.00858319	0.0295149	0.0307376
69.6	-0.00744628	0.0288416	0.0297873
69.8	-0.00636895	0.0281022	0.0288149
70	-0.00535097	0.027298	0.0278175
70.2	-0.00439285	0.0264289	0.0267914
70.4	-0.00349659	0.0254943	0.025733
70.6	-0.00266517	0.0244935	0.0246381
70.8	-0.00190329	0.0234261	0.0235033
71	-0.00121718	0.0222925	0.0223257
71.2	-0.000613055	0.0210916	0.0211005
71.4	-9.89541e-05	0.019828	0.0198283
71.6	0.00031663	0.0185048	0.0185075
71.8	0.000624571	0.0171273	0.0171387
72	0.000815953	0.0157023	0.0157234
72.2	0.000882067	0.0142378	0.0142651
72.4	0.000814758	0.012745	0.012771
72.6	0.000607065	0.0112368	0.0112532
72.8	0.000253415	0.00972772	0.00973102
73	-0.000250464	0.00823423	0.00823804
73.2	-0.000906589	0.0067741	0.0068345
73.4	-0.00171509	0.00536622	0.00563364
73.6	-0.00267234	0.00403073	0.00483613
73.8	-0.00377354	0.00278704	0.00469118
74	-0.00500822	0.0016555	0.00527475
74.2	-0.00636606	0.000654514	0.00639962
74.4	-0.00783046	-0.000197993	0.00783296
74.6	-0.00938285	-0.00088607	0.0094246
74.8	-0.0110056	-0.00139606	0.0110938
75	-0.0126746	-0.0017151	0.0127901
75.2	-0.0143649	-0.00183676	0.0144818
75.4	-0.0160519	-0.00175659	0.0161477
75.6	-0.0177101	-0.00147389	0.0177713
75.8	-0.0193128	-0.000992124	0.0193383
76	-0.0208361	-0.000316864	0.0208385
76.2	-0.0222575	0.000539911	0.0222641
76.4	-0.0235547	0.00156354	0.0236066
76.6	-0.024708	0.00273609	0.024859
76.8	-0.025701	0.0040371	0.0260162
77	-0.0265203	0.00544327	0.0270731
77.2	-0.0271558	0.00692969	0.028026
77.4	-0.0276012	0.00847035	0.0288717
77.6	-0.0278539	0.0100385	0.0296076
77.8	-0.0279154	0.0116074	0.0302324
78	-0.0277907	0.0131516	0.0307455
78.2	-0.0274884	0.0146465	0.031147
78.4	-0.0270207	0.0160697	0.0314381
78.6	-0.0264023	0.0174015	0.0316211
78.8	-0.0256505	0.0186248	0.031699
79	-0.0247842	0.0197259	0.031676
79.2	-0.023824	0.0206946	0.0315571
79.4	-0.0227907	0.0215244	0.0313483
79.6	-0.0217053	0.0222122	0.0310565
79.8	-0.0205882	0.0227582	0.0306889
80	-0.0194588	0.0231657	0.0302538
80.2	-0.0183346	0.0234408	0.0297595
80.4	-0.0172314	0.0235919	0.0292147
80.6	-0.0161626	0.023629	0.028628
80.8	-0.015139	0.0235636	0.0280078
81	-0.0141688	0.0234078	0.027362
81.2	-0.0132577	0.0231736	0.026698
81.4	-0.0124088	0.022873	0.0260222
81.6	-0.0116232	0.022517	0.0253399
81.8	-0.0108998	0.0221155	0.0246557
82	-0.0102364	0.0216769	0.0239723
82.2	-0.00962952	0.021208	0.0232918
82.4	-0.00907496	0.0207139	0.0226147
82.6	-0.00856855	0.0201979	0.0219403
82.8	-0.00810658	0.0196617	0.0212673
83	-0.00768592	0.0191059	0.0205939
83.2	-0.00730425	0.0185298	0.0199175
83.4	-0.00696058	0.017932	0.0192355
83.6	-0.00665527	0.0173109	0.0185461
83.8	-0.00638991	0.0166647	0.0178478
84	-0.0061673	0.0159924	0.0171404
84.2	-0.00599129	0.0152934	0.0164251
84.4	-0.00586664	0.0145682	0.0157051
84.6	-0.00579846	0.0138186	0.0149858
84.8	-0.00579229	0.0130474	0.0142753
85	-0.00585345	0.0122593	0.013585
85.2	-0.00598696	0.0114601	0.0129297
85.4	-0.00619725	0.0106572	0.0123281
85.6	-0.00648768	0.00985923	0.0118023
85.8	-0.00686074	0.00907596	0.0113773
86	-0.00731737	0.0083181	0.0110786
86.2	-0.00785707	0.00759703	0.0109292
86.4	-0.00847752	0.00692476	0.0109463
86.6	-0.00917481	0.0063131	0.011137
86.8	-0.00994291	0.00577432	0.011498
87	-0.0107748	0.00531915	0.0120162
87.2	-0.0116601	0.00495799	0.0126704
87.4	-0.0125874	0.00470047	0.0134364
87.6	-0.013544	0.00455438	0.0142892
87.8	-0.0145156	0.00452552	0.0152047
88	-0.0154872	0.00461778	0.016161
88.2	-0.0164429	0.00483261	0.0171383
88.4	-0.0173662	0.00516906	0.0181192
88.6	-0.0182404	0.00562296	0.0190874
88.8	-0.0190509	0.0061875	0.0200305
89	-0.0197835	0.00685471	0.0209373
89.2	-0.0204247	0.00761343	0.0217976
89.4	-0.0209634	0.00844975	0.0226023
89.6	-0.0213904	0.0093489	0.0233442
89.8	-0.0216989	0.0102944	0.024017
90	-0.0218845	0.0112689	0.0246154
90.2	-0.0219458	0.0122543	0.0251354
90.4	-0.0218837	0.0132328	0.0255735
90.6	-0.0217018	0.0141869	0.0259275
90.8	-0.0214066	0.0150999	0.0261963
91	-0.0210064	0.0159565	0.0263796
91.2	-0.0205121	0.0167433	0.0264779
91.4	-0.0199358	0.0174486	0.0264932
91.6	-0.0192915	0.0180631	0.026428
91.8	-0.0185937	0.0185803	0.026286
92	-0.0178577	0.018996	0.0260719
92.2	-0.0170985	0.0193088	0.0257912
92.4	-0.016331	0.0195194	0.0254501
92.6	-0.0155691	0.0196314	0.0250557
92.8	-0.0148255	0.0196498	0.0246152
93	-0.0141116	0.0195818	0.0241368
93.2	-0.0134368	0.0194359	0.0236284
93.4	-0.0128088	0.0192213	0.0230981
93.6	-0.0122334	0.0189481	0.0225541
93.8	-0.0117142	0.0186264	0.0220037
94	-0.0112531	0.0182663	0.0214544
94.2	-0.0108503	0.0178772	0.0209123
94.4	-0.0105041	0.0174679	0.0203829
94.6	-0.0102121	0.0170457	0.0198707
94.8	-0.00997063	0.0166173	0.0193791
95	-0.00977533	0.0161878	0.0189104
95.2	-0.00962165	0.0157611	0.0184659
95.4	-0.00950503	0.0153396	0.0180457
95.6	-0.0094212	0.0149242	0.0176491
95.8	-0.00936639	0.0145153	0.0172749
96	-0.00933773	0.0141121	0.0169217
96.2	-0.00933324	0.0137134	0.0165881
96.4	-0.00935194	0.0133177	0.0162733
96.6	-0.00939375	0.0129237	0.015977
96.8	-0.00945946	0.01253	0.0156998
97	-0.00955067	0.012136	0.0154434
97.2	-0.00966947	0.0117418	0.0152108
97.4	-0.00981843	0.0113482	0.0150061
97.6	-0.0100001	0.0109573	0.0148346
97.8	-0.010217	0.0105719	0.0147021
98	-0.0104711	0.010196	0.0146151
98.2	-0.0107642	0.00983412	0.01458
98.4	-0.0110967	0.00949178	0.0146025
98.6	-0.0114686	0.00917517	0.0146871
98.8	-0.0118785	0.00889075	0.0148373
99	-0.0123244	0.00864509	0.0150542
99.2	-0.0128027	0.0084447	0.0153369
99.4	-0.0133088	0.00829578	0.0156826
99.6	-0.013837	0.00820405	0.0160863
99.8	-0.0143807	0.00817444	0.0165417
100	-0.0149323	0.00821087	0.0170409
100.2	-0.0154833	0.00831611	0.0175753
100.4	-0.0160248	0.00849173	0.0181357
100.6	-0.0165473	0.00873791	0.0187127
100.8	-0.0170414	0.00905332	0.019297
101	-0.0174976	0.00943495	0.0198793
101.2	-0.0179066	0.00987783	0.0204504
101.4	-0.0182602	0.0103754	0.021002
101.6	-0.0185512	0.0109203	0.0215268
101.8	-0.0187732	0.0115038	0.0220175
102	-0.0189211	0.0121158	0.0224678
102.2	-0.0189917	0.0127453	0.0228719
102.4	-0.0189831	0.013381	0.0232252
102.6	-0.0188954	0.0140113	0.0235234
102.8	-0.0187301	0.0146245	0.0237633
103	-0.0184907	0.0152095	0.0239423
103.2	-0.0181821	0.0157557	0.024059
103.4	-0.0178111	0.0162535	0.0241125
103.6	-0.0173852	0.0166945	0.0241029
103.8	-0.0169136	0.0170716	0.0240314
104	-0.016406	0.0173795	0.0238999
104.2	-0.0158727	0.0176143	0.0237109
104.4	-0.0153245	0.0177741	0.0234683
104.6	-0.014772	0.0178587	0.0231764
104.8	-0.0142256	0.0178697	0.0228406
105	-0.0136948	0.01781	0.0224665
105.2	-0.0131887	0.0176843	0.0220608
105.4	-0.0127152	0.0174984	0.0216303
105.6	-0.0122808	0.0172592	0.0211825
105.8	-0.0118908	0.0169739	0.0207245
106	-0.0115493	0.0166507	0.0202641
106.2	-0.0112586	0.0162979	0.0198085
106.4	-0.0110198	0.0159234	0.0193647
106.6	-0.0108324	0.0155351	0.0189389
106.8	-0.010695	0.0151403	0.0185367
107	-0.0106051	0.0147455	0.0181631
107.2	-0.0105595	0.0143567	0.0178218
107.4	-0.0105544	0.0139786	0.0175156
107.6	-0.0105857	0.0136149	0.0172459
107.8	-0.0106489	0.0132683	0.0170131
108	-0.0107397	0.0129406	0.0168167
108.2	-0.0108539	0.0126329	0.0166553
108.4	-0.0109879	0.0123454	0.016527
108.6	-0.0111386	0.0120775	0.0164296
108.8	-0.0113034	0.0118284	0.0163609
109	-0.0114806	0.0115969	0.0163184
109.2	-0.0116688	0.0113817	0.0163004
109.4	-0.0118673	0.0111819	0.0163055
109.6	-0.0120762	0.0109967	0.0163328
109.8	-0.0122955	0.0108257	0.0163822
110	-0.0125258	0.010669	0.0164537
110.2	-0.0127677	0.0105273	0.0165481
110.4	-0.0130217	0.0104016	0.0166661
110.6	-0.0132881	0.0102938	0.0168088
110.8	-0.0135668	0.0102061	0.0169771
111	-0.0138572	0.0101409	0.0171715
111.2	-0.0141584	0.0101011	0.0173924
111.4	-0.0144687	0.0100896	0.0176393
111.6	-0.0147856	0.0101092	0.0179112
111.8	-0.0151062	0.0101624	0.0182064
112	-0.0154268	0.0102515	0.0185224
112.2	-0.0157433	0.0103782	0.0188563
112.4	-0.0160512	0.0105436	0.0192044
112.6	-0.0163455	0.0107482	0.0195627
112.8	-0.0166212	0.0109916	0.0199269
113	-0.016873	0.0112725	0.020292
113.2	-0.0170956	0.0115886	0.0206532
113.4	-0.0172839	0.0119368	0.0210052
113.6	-0.0174331	0.0123126	0.0213428
113.8	-0.0175393	0.0127109	0.0216609
114	-0.0175993	0.013126	0.0219551
114.2	-0.0176105	0.0135516	0.022221
114.4	-0.0175711	0.0139807	0.0224545
114.6	-0.0174805	0.014406	0.0226518
114.8	-0.0173393	0.0148199	0.0228097
115	-0.017149	0.0152151	0.0229257
115.2	-0.0169124	0.0155843	0.0229978
115.4	-0.016633	0.0159209	0.0230246
115.6	-0.0163157	0.0162186	0.0230053
115.8	-0.0159659	0.0164722	0.02294
116	-0.0155899	0.0166771	0.0228291
116.2	-0.0151946	0.01683	0.0226743
116.4	-0.0147871	0.0169286	0.0224774
116.6	-0.0143749	0.0169718	0.0222414
116.8	-0.0139654	0.0169596	0.0219696
117	-0.0135661	0.0168934	0.0216662
117.2	-0.0131838	0.0167755	0.0213361
117.4	-0.0128248	0.0166095	0.0209845
117.6	-0.0124948	0.0163995	0.020617
117.8	-0.0121985	0.0161507	0.0202398
118	-0.0119401	0.0158688	0.0198591
118.2	-0.0117225	0.01556	0.0194815
118.4	-0.0115476	0.0152306	0.0191133
118.6	-0.0114164	0.0148873	0.0187608
118.8	-0.0113289	0.0145363	0.0184295
119	-0.0112842	0.0141835	0.0181247
119.2	-0.0112806	0.0138345	0.0178506
119.4	-0.0113154	0.0134944	0.0176108
119.6	-0.0113857	0.0131678	0.0174076
119.8	-0.0114878	0.0128583	0.0172426
120	-0.0116182	0.0125692	0.0171163
120.2	-0.0117729	0.0123026	0.017028
120.4	-0.011948	0.0120601	0.0169765
120.6	-0.0121399	0.0118426	0.0169595
120.8	-0.012345	0.0116503	0.0169743
121	-0.0125601	0.0114832	0.0170182
121.2	-0.0127823	0.0113406	0.0170879
121.4	-0.0130094	0.0112217	0.0171805
121.6	-0.0132393	0.0111254	0.0172932
121.8	-0.0134706	0.0110507	0.0174234
122	-0.013702	0.0109963	0.0175688
122.2	-0.0139326	0.0109614	0.0177276
122.4	-0.0141616	0.0109453	0.0178983
122.6	-0.0143886	0.0109475	0.0180798
122.8	-0.0146133	0.0109678	0.0182713
123	-0.014835	0.0110061	0.0184719
123.2	-0.0150534	0.0110626	0.0186812
123.4	-0.0152675	0.0111378	0.0188983
123.6	-0.0154765	0.0112319	0.0191227
123.8	-0.015679	0.0113457	0.0193535
124	-0.0158735	0.0114796	0.0195896
124.2	-0.0160583	0.011634	0.0198298
124.4	-0.0162314	0.0118089	0.0200726
124.6	-0.0163904	0.0120042	0.0203162
124.8	-0.0165329	0.0122194	0.0205584
125	-0.0166562	0.0124532	0.0207969
125.2	-0.0167579	0.012704	0.021029
125.4	-0.0168354	0.0129699	0.0212521
125.6	-0.0168867	0.0132484	0.0214635
125.8	-0.0169095	0.0135366	0.0216604
126	-0.0169023	0.0138312	0.0218401
126.2	-0.0168636	0.0141282	0.0219997
126.4	-0.0167925	0.0144236	0.0221366
126.6	-0.0166888	0.0147128	0.0222482
126.8	-0.016553	0.0149911	0.0223324
127	-0.0163862	0.015254	0.0223873
127.2	-0.01619	0.0154969	0.0224114
127.4	-0.015967	0.0157157	0.0224037
127.6	-0.0157199	0.0159063	0.0223635
127.8	-0.0154525	0.0160652	0.0222905
128	-0.0151686	0.0161893	0.0221851
128.2	-0.0148728	0.0162762	0.022048
128.4	-0.01457	0.0163241	0.0218806
128.6	-0.014265	0.0163322	0.0216849
128.8	-0.0139631	0.0163003	0.0214632
129	-0.0136693	0.0162289	0.0212185
129.2	-0.0133884	0.0161195	0.0209544
129.4	-0.0131251	0.0159743	0.0206748
129.6	-0.0128836	0.0157959	0.0203837
129.8	-0.0126675	0.0155879	0.020086
130	-0.0124802	0.0153542	0.0197865
130.2	-0.0123243	0.0150991	0.0194902
130.4	-0.0122017	0.0148272	0.0192023
130.6	-0.0121136	0.0145434	0.0189275
130.8	-0.0120605	0.0142525	0.0186705
131	-0.0120421	0.0139592	0.0184356
131.2	-0.0120574	0.0136684	0.0182265
131.4	-0.012105	0.0133844	0.0180464
131.6	-0.0121828	0.0131113	0.0178977
131.8	-0.0122885	0.0128526	0.0177819
132	-0.0124191	0.0126116	0.0176999
132.2	-0.0125719	0.0123907	0.0176517
132.4	-0.0127435	0.0121918	0.0176363
132.6	-0.0129307	0.0120165	0.0176522
132.8	-0.01313	0.0118656	0.0176972
133	-0.0133383	0.0117398	0.0177689
133.2	-0.0135526	0.0116389	0.0178644
133.4	-0.0137701	0.0115627	0.0179809
133.6	-0.0139883	0.0115103	0.0181152
133.8	-0.0142047	0.0114809	0.0182643
134	-0.0144176	0.0114734	0.0184257
134.2	-0.0146253	0.0114866	0.0185968
134.4	-0.0148264	0.0115193	0.0187754
134.6	-0.0150198	0.0115703	0.0189596
134.8	-0.0152047	0.0116383	0.0191476
135	-0.0153801	0.0117221	0.019338
135.2	-0.0155456	0.0118208	0.0195294
135.4	-0.0157004	0.0119335	0.0197208
135.6	-0.015844	0.0120592	0.0199113
135.8	-0.0159759	0.0121973	0.0200998
136	-0.0160953	0.0123471	0.0202857
136.2	-0.0162016	0.0125078	0.0204679
136.4	-0.016294	0.0126787	0.0206457
136.6	-0.0163717	0.0128589	0.0208179
136.8	-0.016434	0.0130473	0.0209835
137	-0.01648	0.013243	0.0211416
137.2	-0.0165089	0.0134446	0.0212909
137.4	-0.0165198	0.0136509	0.0214301
137.6	-0.016512	0.01386	0.021558
137.8	-0.0164847	0.0140703	0.021673
138	-0.0164375	0.0142795	0.0217738
138.2	-0.0163701	0.0144855	0.0218589
138.4	-0.0162824	0.0146856	0.0219268
138.6	-0.0161746	0.0148774	0.0219762
138.8	-0.0160474	0.015058	0.0220059
139	-0.0159017	0.0152248	0.022015
139.2	-0.0157388	0.0153753	0.0220025
139.4	-0.0155606	0.0155069	0.021968
139.6	-0.0153689	0.0156173	0.0219113
139.8	-0.0151662	0.0157045	0.0218322
140	-0.0149552	0.0157668	0.0217313
140.2	-0.0147387	0.0158027	0.0216091
140.4	-0.01452	0.0158113	0.0214669
140.6	-0.0143022	0.0157921	0.0213059
140.8	-0.0140886	0.0157451	0.0211282
141	-0.0138827	0.0156709	0.0209358
141.2	-0.0136876	0.0155703	0.0207313
141.4	-0.0135064	0.0154449	0.0205175
141.6	-0.013342	0.0152965	0.0202976
141.8	-0.013197	0.0151275	0.0200749
142	-0.0130736	0.0149406	0.019853
142.2	-0.0129739	0.0147387	0.0196355
142.4	-0.012899	0.0145252	0.0194259
142.6	-0.0128499	0.0143034	0.0192278
142.8	-0.012827	0.0140771	0.0190445
143	-0.0128302	0.0138496	0.0188792
143.2	-0.012859	0.0136247	0.0187346
143.4	-0.0129126	0.0134055	0.018613
143.6	-0.0129895	0.0131954	0.0185161
143.8	-0.013088	0.0129972	0.0184451
144	-0.0132062	0.0128134	0.0184007
144.2	-0.0133418	0.0126463	0.0183829
144.4	-0.0134924	0.0124976	0.0183912
144.6	-0.0136553	0.0123687	0.0184242
144.8	-0.0138278	0.0122606	0.0184805
145	-0.0140071	0.012174	0.0185582
145.2	-0.0141906	0.0121091	0.0186548
145.4	-0.0143757	0.0120658	0.0187682
145.6	-0.0145602	0.0120437	0.0188957
145.8	-0.0147417	0.0120421	0.019035
146	-0.0149185	0.0120602	0.0191836
146.2	-0.0150889	0.0120967	0.0193392
146.4	-0.0152512	0.0121504	0.0194996
146.6	-0.0154044	0.01222	0.0196628
146.8	-0.0155473	0.0123041	0.019827
147	-0.0156791	0.0124011	0.0199905
147.2	-0.0157991	0.0125097	0.0201521
147.4	-0.0159068	0.0126286	0.0203103
147.6	-0.0160018	0.0127562	0.0204641
147.8	-0.0160837	0.0128915	0.0206125
148	-0.0161523	0.0130331	0.0207547
148.2	-0.0162077	0.0131799	0.0208901
148.4	-0.0162496	0.0133307	0.0210181
148.6	-0.0162782	0.0134847	0.021138
148.8	-0.0162933	0.0136405	0.0212494
149	-0.0162949	0.0137974	0.0213516
149.2	-0.0162831	0.013954	0.0214442
149.4	-0.016258	0.0141093	0.0215266
149.6	-0.0162194	0.0142621	0.0215981
149.8	-0.0161677	0.0144112	0.0216582
150	-0.0161031	0.0145553	0.0217063
150.2	-0.0160257	0.0146929	0.0217418
150.4	-0.0159362	0.0148227	0.021764
150.6	-0.0158349	0.0149432	0.0217726
150.8	-0.0157228	0.015053	0.0217669
151	-0.0156006	0.0151506	0.0217467
151.2	-0.0154696	0.0152346	0.0217117
151.4	-0.0153309	0.0153038	0.021662
151.6	-0.0151861	0.0153571	0.0215977
151.8	-0.0150369	0.0153934	0.0215189
152	-0.0148849	0.015412	0.0214263
152.2	-0.014732	0.0154122	0.0213206
152.4	-0.0145804	0.0153938	0.0212027
152.6	-0.014432	0.0153566	0.0210739
152.8	-0.014289	0.015301	0.0209355
153	-0.0141534	0.0152274	0.0207892
153.2	-0.0140273	0.0151366	0.0206369
153.4	-0.0139126	0.0150297	0.0204806
153.6	-0.0138111	0.0149082	0.0203224
153.8	-0.0137242	0.0147736	0.0201646
154	-0.0136534	0.0146279	0.0200098
154.2	-0.0135998	0.0144733	0.0198603
154.4	-0.0135643	0.014312	0.0197186
154.6	-0.0135473	0.0141464	0.019587
154.8	-0.0135492	0.0139791	0.0194679
155	-0.0135698	0.0138126	0.019363
155.2	-0.0136088	0.0136492	0.0192743
155.4	-0.0136653	0.0134915	0.0192032
155.6	-0.0137384	0.0133416	0.0191506
155.8	-0.0138269	0.0132018	0.0191173
156	-0.0139291	0.0130738	0.0191035
156.2	-0.0140436	0.0129593	0.0191093
156.4	-0.0141684	0.0128595	0.019134
156.6	-0.0143015	0.0127756	0.0191768
156.8	-0.0144408	0.0127083	0.0192364
157	-0.0145842	0.0126582	0.0193113
157.2	-0.0147296	0.0126254	0.0194
157.4	-0.014875	0.0126099	0.0195006
157.6	-0.0150186	0.0126113	0.0196113
157.8	-0.0151586	0.012629	0.01973
158	-0.0152933	0.0126622	0.0198549
158.2	-0.0154215	0.0127099	0.0199841
158.4	-0.0155417	0.012771	0.0201157
158.6	-0.0156529	0.0128442	0.0202482
158.8	-0.0157543	0.0129282	0.0203798
159	-0.0158451	0.0130216	0.0205093
159.2	-0.0159249	0.013123	0.0206353
159.4	-0.0159932	0.0132311	0.0207568
159.6	-0.0160499	0.0133444	0.0208728
159.8	-0.016095	0.0134618	0.0209826
160	-0.0161283	0.0135821	0.0210855
160.2	-0.0161502	0.0137041	0.0211809
160.4	-0.0161607	0.0138266	0.0212684
160.6	-0.0161603	0.0139488	0.0213476
160.8	-0.0161491	0.0140695	0.0214183
161	-0.0161275	0.0141879	0.02148
161.2	-0.016096	0.014303	0.0215327
161.4	-0.016055	0.014414	0.0215761
161.6	-0.0160049	0.0145201	0.02161
161.8	-0.0159463	0.0146205	0.0216343
162	-0.0158796	0.0147143	0.0216488
162.2	-0.0158055	0.0148007	0.0216535
162.4	-0.0157246	0.0148791	0.0216483
162.6	-0.0156375	0.0149487	0.0216332
162.8	-0.015545	0.0150087	0.0216081
163	-0.015448	0.0150585	0.0215731
163.2	-0.0153473	0.0150975	0.0215285
163.4	-0.0152439	0.0151252	0.0214744
163.6	-0.0151389	0.0151412	0.0214112
163.8	-0.0150333	0.015145	0.0213394
164	-0.0149284	0.0151364	0.0212596
164.2	-0.0148254	0.0151154	0.0211724
164.4	-0.0147255	0.015082	0.0210786
164.6	-0.0146301	0.0150365	0.0209794
164.8	-0.0145403	0.0149792	0.0208757
165	-0.0144574	0.0149106	0.0207688
165.2	-0.0143826	0.0148316	0.02066
165.4	-0.014317	0.014743	0.0205507
165.6	-0.0142615	0.014646	0.0204425
165.8	-0.0142172	0.0145416	0.0203369
166	-0.0141847	0.0144314	0.0202354
166.2	-0.0141647	0.0143169	0.0201398
166.4	-0.0141574	0.0141995	0.0200514
166.6	-0.0141632	0.0140809	0.0199717
166.8	-0.014182	0.013963	0.0199021
167	-0.0142136	0.0138472	0.0198437
167.2	-0.0142575	0.0137354	0.0197974
167.4	-0.0143132	0.0136291	0.0197641
167.6	-0.0143798	0.0135299	0.0197442
167.8	-0.0144562	0.0134391	0.0197381
168	-0.0145415	0.0133579	0.0197456
168.2	-0.0146343	0.0132875	0.0197666
168.4	-0.0147333	0.0132286	0.0198007
168.6	-0.014837	0.0131821	0.019847
168.8	-0.0149438	0.0131482	0.0199046
169	-0.0150523	0.0131273	0.0199724
169.2	-0.0151609	0.0131194	0.0200493
169.4	-0.0152683	0.0131243	0.0201338
169.6	-0.0153728	0.0131417	0.0202244
169.8	-0.0154734	0.0131709	0.0203199
170	-0.0155688	0.0132112	0.0204187
170.2	-0.015658	0.0132618	0.0205195
170.4	-0.0157401	0.0133217	0.0206208
170.6	-0.0158143	0.0133899	0.0207215
170.8	-0.01588	0.0134653	0.0208204
171	-0.0159368	0.0135467	0.0209164
171.2	-0.0159844	0.013633	0.0210085
171.4	-0.0160225	0.013723	0.021096
171.6	-0.0160511	0.0138156	0.0211781
171.8	-0.0160704	0.0139098	0.0212541
172	-0.0160804	0.0140044	0.0213238
172.2	-0.0160814	0.0140986	0.0213865
172.4	-0.0160737	0.0141914	0.021442
172.6	-0.0160578	0.014282	0.0214902
172.8	-0.0160341	0.0143696	0.0215308
173	-0.016003	0.0144534	0.0215638
173.2	-0.0159651	0.0145329	0.0215891
173.4	-0.0159209	0.0146074	0.0216067
173.6	-0.015871	0.0146764	0.0216168
173.8	-0.0158159	0.0147394	0.0216193
174	-0.0157563	0.0147959	0.0216144
174.2	-0.0156928	0.0148456	0.0216022
174.4	-0.015626	0.014888	0.021583
174.6	-0.0155565	0.014923	0.0215569
174.8	-0.015485	0.0149501	0.0215242
175	-0.0154121	0.0149692	0.0214851
175.2	-0.0153386	0.0149801	0.02144
175.4	-0.0152651	0.0149827	0.0213894
175.6	-0.0151925	0.0149768	0.0213335
175.8	-0.0151214	0.0149627	0.021273
176	-0.0150527	0.0149402	0.0212083
176.2	-0.014987	0.0149096	0.0211402
176.4	-0.0149252	0.0148712	0.0210693
176.6	-0.014868	0.0148253	0.0209964
176.8	-0.0148161	0.0147724	0.0209222
177	-0.0147703	0.0147129	0.0208478
177.2	-0.0147311	0.0146476	0.020774
177.4	-0.0146991	0.0145772	0.0207017
177.6	-0.014675	0.0145026	0.020632
177.8	-0.014659	0.0144246	0.0205659
178	-0.0146515	0.0143442	0.0205042
178.2	-0.0146528	0.0142625	0.020448
178.4	-0.0146628	0.0141806	0.0203982
178.6	-0.0146816	0.0140995	0.0203555
178.8	-0.014709	0.0140204	0.0203206
179	-0.0147447	0.0139445	0.0202942
179.2	-0.0147882	0.0138727	0.0202766
179.4	-0.014839	0.013806	0.0202683
179.6	-0.0148964	0.0137455	0.0202693
179.8	-0.0149597	0.013692	0.0202796
180	-0.015028	0.0136461	0.0202992
180.2	-0.0151003	0.0136086	0.0203276
180.4	-0.0151756	0.0135798	0.0203644
180.6	-0.015253	0.0135601	0.0204091
180.8	-0.0153313	0.0135497	0.0204608
181	-0.0154095	0.0135486	0.0205187
181.2	-0.0154866	0.0135567	0.020582
181.4	-0.0155615	0.0135737	0.0206496
181.6	-0.0156333	0.0135992	0.0207205
181.8	-0.0157011	0.0136327	0.0207937
182	-0.0157643	0.0136737	0.0208682
182.2	-0.015822	0.0137214	0.020943
182.4	-0.0158737	0.0137749	0.0210172
182.6	-0.015919	0.0138336	0.0210899
182.8	-0.0159574	0.0138965	0.0211602
183	-0.0159889	0.0139627	0.0212274
183.2	-0.0160131	0.0140314	0.0212908
183.4	-0.0160302	0.0141016	0.02135
183.6	-0.0160401	0.0141725	0.0214043
183.8	-0.016043	0.0142433	0.0214534
184	-0.0160392	0.0143132	0.021497
184.2	-0.0160288	0.0143814	0.0215348
184.4	-0.0160124	0.0144474	0.0215667
184.6	-0.0159903	0.0145104	0.0215926
184.8	-0.0159629	0.01457	0.0216124
185	-0.0159307	0.0146256	0.0216263
185.2	-0.0158942	0.0146768	0.0216341
185.4	-0.0158539	0.0147233	0.0216362
185.6	-0.0158104	0.0147647	0.0216325
185.8	-0.0157642	0.0148008	0.0216234
186	-0.0157157	0.0148313	0.021609
186.2	-0.0156656	0.0148561	0.0215896
186.4	-0.0156143	0.0148751	0.0215655
186.6	-0.0155623	0.0148881	0.021537
186.8	-0.0155103	0.0148952	0.0215043
187	-0.0154586	0.0148963	0.0214679
187.2	-0.0154079	0.0148916	0.0214281
187.4	-0.0153586	0.014881	0.0213853
187.6	-0.0153111	0.0148648	0.0213399
187.8	-0.0152661	0.014843	0.0212925
188	-0.0152239	0.014816	0.0212434
188.2	-0.0151851	0.014784	0.0211933
188.4	-0.01515	0.0147473	0.0211425
188.6	-0.0151191	0.0147064	0.0210918
188.8	-0.0150928	0.0146616	0.0210418
189	-0.0150714	0.0146134	0.0209929
189.2	-0.0150552	0.0145625	0.0209458
189.4	-0.0150445	0.0145093	0.0209011
189.6	-0.0150395	0.0144544	0.0208595
189.8	-0.0150403	0.0143987	0.0208215
190	-0.015047	0.0143426	0.0207876
190.2	-0.0150596	0.0142871	0.0207584
190.4	-0.0150779	0.0142327	0.0207344
190.6	-0.0151019	0.0141802	0.0207158
190.8	-0.0151312	0.0141303	0.0207031
191	-0.0151656	0.0140837	0.0206965
191.2	-0.0152046	0.014041	0.0206962
191.4	-0.0152478	0.0140029	0.0207021
191.6	-0.0152947	0.0139698	0.0207143
191.8	-0.0153445	0.0139422	0.0207326
192	-0.0153968	0.0139204	0.0207567
192.2	-0.0154508	0.0139049	0.0207864
192.4	-0.0155058	0.0138957	0.0208212
192.6	-0.0155611	0.013893	0.0208606
192.8	-0.015616	0.0138967	0.020904
193	-0.0156698	0.0139067	0.0209509
193.2	-0.0157218	0.0139229	0.0210005
193.4	-0.0157713	0.013945	0.0210523
193.6	-0.0158178	0.0139726	0.0211054
193.8	-0.0158607	0.0140052	0.0211591
194	-0.0158997	0.0140424	0.0212129
194.2	-0.0159341	0.0140835	0.021266
194.4	-0.0159639	0.014128	0.0213178
194.6	-0.0159886	0.0141753	0.0213676
194.8	-0.0160082	0.0142246	0.0214151
195	-0.0160226	0.0142755	0.0214596
195.2	-0.0160317	0.0143271	0.0215007
195.4	-0.0160357	0.0143788	0.0215382
195.6	-0.0160346	0.0144301	0.0215717
195.8	-0.0160286	0.0144804	0.0216009
196	-0.016018	0.0145291	0.0216258
196.2	-0.0160031	0.0145758	0.0216461
196.4	-0.0159842	0.0146199	0.0216618
196.6	-0.0159616	0.0146611	0.021673
196.8	-0.0159358	0.014699	0.0216797
197	-0.0159071	0.0147333	0.021682
197.2	-0.015876	0.0147638	0.0216799
197.4	-0.0158429	0.0147903	0.0216737
197.6	-0.0158082	0.0148126	0.0216636
197.8	-0.0157723	0.0148306	0.0216497
198	-0.0157357	0.0148442	0.0216324
198.2	-0.0156987	0.0148534	0.0216119
198.4	-0.0156618	0.0148582	0.0215884
198.6	-0.0156254	0.0148587	0.0215624
198.8	-0.0155898	0.014855	0.021534
199	-0.0155554	0.0148471	0.0215036
199.2	-0.0155225	0.0148352	0.0214717
199.4	-0.0154916	0.0148195	0.0214384
199.6	-0.0154628	0.0148001	0.0214042
199.8	-0.0154364	0.0147774	0.0213695
200	-0.0154129	0.0147515	0.0213346
200.2	-0.0153923	0.0147228	0.0212999
200.4	-0.015375	0.0146916	0.0212659
200.6	-0.0153612	0.0146583	0.0212328
200.8	-0.015351	0.0146231	0.0212011
201	-0.0153445	0.0145866	0.0211713
201.2	-0.0153419	0.014549	0.0211435
201.4	-0.0153433	0.0145109	0.0211183
201.6	-0.0153486	0.0144728	0.021096
201.8	-0.0153578	0.014435	0.0210768
202	-0.0153709	0.014398	0.021061
202.2	-0.0153878	0.0143623	0.021049
202.4	-0.0154083	0.0143284	0.0210409
202.6	-0.0154322	0.0142966	0.0210368
202.8	-0.0154592	0.0142675	0.0210368
203	-0.015489	0.0142414	0.0210411
203.2	-0.0155214	0.0142186	0.0210495
203.4	-0.0155558	0.0141995	0.021062
203.6	-0.015592	0.0141843	0.0210785
203.8	-0.0156294	0.0141733	0.0210988
204	-0.0156676	0.0141665	0.0211226
204.2	-0.0157061	0.0141641	0.0211496
204.4	-0.0157446	0.0141662	0.0211795
204.6	-0.0157823	0.0141726	0.0212119
204.8	-0.0158191	0.0141832	0.0212463
205	-0.0158543	0.014198	0.0212824
205.2	-0.0158875	0.0142167	0.0213196
205.4	-0.0159185	0.0142389	0.0213576
205.6	-0.0159468	0.0142645	0.0213957
205.8	-0.0159721	0.014293	0.0214335
206	-0.0159942	0.014324	0.0214707
206.2	-0.0160129	0.0143571	0.0215067
206.4	-0.016028	0.0143919	0.0215412
206.6	-0.0160394	0.0144279	0.0215738
206.8	-0.0160472	0.0144646	0.0216041
207	-0.0160513	0.0145017	0.0216319
207.2	-0.0160517	0.0145385	0.021657
207.4	-0.0160486	0.0145747	0.021679
207.6	-0.0160421	0.01461	0.021698
207.8	-0.0160325	0.0146438	0.0217137
208	-0.0160199	0.014676	0.021726
208.2	-0.0160046	0.014706	0.0217351
208.4	-0.0159868	0.0147337	0.0217408
208.6	-0.015967	0.0147589	0.0217432
208.8	-0.0159453	0.0147812	0.0217425
209	-0.0159221	0.0148006	0.0217387
209.2	-0.0158977	0.014817	0.021732
209.4	-0.0158724	0.0148302	0.0217225
209.6	-0.0158466	0.0148402	0.0217105
209.8	-0.0158206	0.0148469	0.0216962
210	-0.0157947	0.0148505	0.0216797
210.2	-0.0157692	0.0148509	0.0216614
210.4	-0.0157443	0.0148482	0.0216414
210.6	-0.0157203	0.0148425	0.0216201
210.8	-0.0156976	0.014834	0.0215977
211	-0.0156763	0.0148228	0.0215745
211.2	-0.0156566	0.014809	0.0215508
211.4	-0.0156387	0.0147929	0.0215267
211.6	-0.0156229	0.0147747	0.0215027
211.8	-0.0156093	0.0147545	0.021479
212	-0.015598	0.0147327	0.0214558
212.2	-0.0155892	0.0147095	0.0214334
212.4	-0.0155829	0.0146851	0.0214121
212.6	-0.0155793	0.0146599	0.0213922
212.8	-0.0155783	0.0146341	0.0213739
213	-0.0155801	0.014608	0.0213573
213.2	-0.0155846	0.014582	0.0213428
213.4	-0.0155917	0.0145563	0.0213304
213.6	-0.0156014	0.0145313	0.0213205
213.8	-0.0156137	0.0145072	0.021313
214	-0.0156284	0.0144843	0.0213083
214.2	-0.0156453	0.014463	0.0213062
214.4	-0.0156643	0.0144435	0.0213069
214.6	-0.0156852	0.014426	0.0213104
214.8	-0.0157077	0.0144108	0.0213168
215	-0.0157317	0.0143981	0.0213258
215.2	-0.0157568	0.014388	0.0213375
215.4	-0.0157827	0.0143807	0.0213518
215.6	-0.0158092	0.0143763	0.0213684
215.8	-0.015836	0.0143748	0.0213872
216	-0.0158627	0.0143763	0.021408
216.2	-0.015889	0.0143807	0.0214305
216.4	-0.0159146	0.0143881	0.0214544
216.6	-0.0159392	0.0143983	0.0214795
216.8	-0.0159626	0.0144111	0.0215055
217	-0.0159845	0.0144265	0.021532
217.2	-0.0160046	0.0144441	0.0215587
217.4	-0.0160227	0.0144638	0.0215854
217.6	-0.0160387	0.0144853	0.0216116
217.8	-0.0160523	0.0145083	0.0216372
218	-0.0160636	0.0145326	0.0216618
218.2	-0.0160723	0.0145577	0.0216852
218.4	-0.0160785	0.0145835	0.0217071
218.6	-0.0160821	0.0146096	0.0217272
218.8	-0.0160832	0.0146356	0.0217456
219	-0.0160818	0.0146613	0.0217618
219.2	-0.016078	0.0146863	0.0217759
219.4	-0.016072	0.0147105	0.0217878
219.6	-0.0160638	0.0147335	0.0217973
219.8	-0.0160537	0.0147551	0.0218044
220	-0.0160418	0.014775	0.0218092
220.2	-0.0160283	0.0147932	0.0218116
220.4	-0.0160135	0.0148094	0.0218117
220.6	-0.0159976	0.0148236	0.0218097
220.8	-0.0159808	0.0148355	0.0218055
221	-0.0159634	0.0148452	0.0217993
221.2	-0.0159456	0.0148526	0.0217913
221.4	-0.0159275	0.0148576	0.0217815
221.6	-0.0159096	0.0148604	0.0217703
221.8	-0.0158919	0.0148609	0.0217577
222	-0.0158747	0.0148592	0.021744
222.2	-0.0158581	0.0148553	0.0217292
222.4	-0.0158425	0.0148494	0.0217138
222.6	-0.0158279	0.0148415	0.0216978
222.8	-0.0158145	0.0148319	0.0216814
223	-0.0158024	0.0148207	0.0216649
223.2	-0.0157918	0.0148079	0.0216485
223.4	-0.0157828	0.0147939	0.0216323
223.6	-0.0157755	0.0147787	0.0216166
223.8	-0.0157699	0.0147626	0.0216015
224	-0.0157662	0.0147457	0.0215873
224.2	-0.0157643	0.0147284	0.021574
224.4	-0.0157643	0.0147107	0.0215619
224.6	-0.0157661	0.0146928	0.0215511
224.8	-0.0157698	0.0146751	0.0215417
225	-0.0157754	0.0146577	0.0215339
225.2	-0.0157827	0.0146408	0.0215278
225.4	-0.0157917	0.0146245	0.0215234
225.6	-0.0158024	0.0146092	0.0215208
225.8	-0.0158145	0.014595	0.0215201
226	-0.015828	0.0145821	0.0215212
226.2	-0.0158428	0.0145705	0.0215243
226.4	-0.0158587	0.0145605	0.0215292
226.6	-0.0158755	0.0145523	0.021536
226.8	-0.015893	0.0145458	0.0215445
227	-0.0159111	0.0145412	0.0215548
227.2	-0.0159295	0.0145386	0.0215666
227.4	-0.0159481	0.0145379	0.0215799
227.6	-0.0159666	0.0145393	0.0215945
227.8	-0.0159848	0.0145426	0.0216102
228	-0.0160026	0.0145479	0.021627
228.2	-0.0160198	0.0145551	0.0216445
228.4	-0.0160361	0.0145641	0.0216626
228.6	-0.0160514	0.0145748	0.0216811
228.8	-0.0160655	0.0145871	0.0216998
229	-0.0160783	0.0146007	0.0217185
229.2	-0.0160896	0.0146156	0.0217369
229.4	-0.0160994	0.0146316	0.0217549
229.6	-0.0161075	0.0146485	0.0217722
229.8	-0.016114	0.014666	0.0217888
230	-0.0161187	0.0146839	0.0218044
230.2	-0.0161217	0.0147021	0.0218188
230.4	-0.0161229	0.0147203	0.021832
230.6	-0.0161224	0.0147383	0.0218438
230.8	-0.0161203	0.0147559	0.0218541
231	-0.0161166	0.0147729	0.0218628
231.2	-0.0161114	0.0147892	0.02187
231.4	-0.0161048	0.0148045	0.0218755
231.6	-0.016097	0.0148187	0.0218794
231.8	-0.0160881	0.0148316	0.0218816
232	-0.0160782	0.0148433	0.0218822
232.2	-0.0160675	0.0148534	0.0218812
232.4	-0.0160561	0.0148621	0.0218788
232.6	-0.0160443	0.0148691	0.0218749
232.8	-0.0160322	0.0148746	0.0218697
233	-0.0160199	0.0148784	0.0218633
233.2	-0.0160077	0.0148806	0.0218558
233.4	-0.0159956	0.0148811	0.0218474
233.6	-0.0159839	0.0148801	0.0218381
233.8	-0.0159726	0.0148776	0.0218281
234	-0.015962	0.0148737	0.0218177
234.2	-0.0159521	0.0148684	0.0218068
234.4	-0.015943	0.0148618	0.0217957
234.6	-0.015935	0.014854	0.0217845
234.8	-0.0159279	0.0148453	0.0217734
235	-0.015922	0.0148356	0.0217625
235.2	-0.0159173	0.0148252	0.0217519
235.4	-0.0159139	0.0148141	0.0217419
235.6	-0.0159117	0.0148026	0.0217324
235.8	-0.0159108	0.0147907	0.0217236
236	-0.0159112	0.0147786	0.0217157
236.2	-0.0159129	0.0147664	0.0217087
236.4	-0.015916	0.0147544	0.0217028
236.6	-0.0159203	0.0147426	0.0216979
236.8	-0.0159258	0.0147312	0.0216942
237	-0.0159324	0.0147204	0.0216917
237.2	-0.0159402	0.0147101	0.0216905
237.4	-0.0159489	0.0147007	0.0216905
237.6	-0.0159586	0.0146922	0.0216919
237.8	-0.0159691	0.0146846	0.0216945
238	-0.0159804	0.0146782	0.0216984
238.2	-0.0159922	0.0146729	0.0217035
238.4	-0.0160045	0.0146688	0.0217099
238.6	-0.0160171	0.0146661	0.0217173
238.8	-0.01603	0.0146646	0.0217258
239	-0.0160429	0.0146645	0.0217353
239.2	-0.0160558	0.0146658	0.0217457
239.4	-0.0160685	0.0146684	0.0217568
239.6	-0.0160809	0.0146723	0.0217686
239.8	-0.0160928	0.0146775	0.0217809
240	-0.0161041	0.0146839	0.0217936
240.2	-0.0161148	0.0146915	0.0218065
240.4	-0.0161246	0.0147001	0.0218196
240.6	-0.0161336	0.0147096	0.0218327
240.8	-0.0161416	0.01472	0.0218456
241	-0.0161485	0.0147311	0.0218582
241.2	-0.0161543	0.0147428	0.0218704
241.4	-0.016159	0.014755	0.0218821
241.6	-0.0161626	0.0147675	0.0218931
241.8	-0.0161649	0.0147801	0.0219033
242	-0.016166	0.0147927	0.0219127
242.2	-0.016166	0.0148053	0.0219212
242.4	-0.0161649	0.0148176	0.0219286
242.6	-0.0161627	0.0148295	0.021935
242.8	-0.0161594	0.0148408	0.0219403
243	-0.0161552	0.0148516	0.0219445
243.2	-0.0161502	0.0148616	0.0219476
243.4	-0.0161443	0.0148708	0.0219495
243.6	-0.0161378	0.014879	0.0219503
243.8	-0.0161307	0.0148863	0.02195
244	-0.0161232	0.0148925	0.0219487
244.2	-0.0161153	0.0148976	0.0219463
244.4	-0.0161072	0.0149016	0.0219431
244.6	-0.016099	0.0149044	0.021939
244.8	-0.0160908	0.0149061	0.0219341
245	-0.0160827	0.0149067	0.0219286
245.2	-0.0160748	0.0149062	0.0219225
245.4	-0.0160673	0.0149047	0.0219159
245.6	-0.0160601	0.0149021	0.0219089
245.8	-0.0160535	0.0148986	0.0219017
246	-0.0160475	0.0148942	0.0218943
246.2	-0.0160422	0.014889	0.0218869
246.4	-0.0160376	0.0148831	0.0218795
246.6	-0.0160338	0.0148765	0.0218722
246.8	-0.0160308	0.0148694	0.0218652
247	-0.0160287	0.0148619	0.0218586
247.2	-0.0160275	0.0148541	0.0218523
247.4	-0.0160272	0.014846	0.0218466
247.6	-0.0160278	0.0148378	0.0218415
247.8	-0.0160293	0.0148296	0.0218371
248	-0.0160318	0.0148215	0.0218334
248.2	-0.016035	0.0148136	0.0218304
248.4	-0.0160392	0.014806	0.0218282
248.6	-0.0160441	0.0147988	0.0218269
248.8	-0.0160497	0.014792	0.0218265
249	-0.016056	0.0147858	0.0218269
249.2	-0.016063	0.0147802	0.0218283
249.4	-0.0160705	0.0147753	0.0218305
249.6	-0.0160785	0.0147712	0.0218336
249.8	-0.0160868	0.0147678	0.0218375
