# Time	Value
50.2	-0.0325851
50.4	-0.0314072
50.6	-0.0301935
50.8	-0.0289547
51	-0.0277011
51.2	-0.0264426
51.4	-0.025189
51.6	-0.0239492
51.8	-0.0227323
52	-0.0215461
52.2	-0.0203987
52.4	-0.0192975
52.6	-0.018249
52.8	-0.0172601
53	-0.0163371
53.2	-0.015486
53.4	-0.0147124
53.6	-0.0140218
53.8	-0.0134193
54	-0.0129092
54.2	-0.0124959
54.4	-0.0121836
54.6	-0.0119752
54.8	-0.0118732
55	-0.0118797
55.2	-0.0119954
55.4	-0.0122203
55.6	-0.0125533
55.8	-0.0129921
56	-0.0135336
56.2	-0.0141725
56.4	-0.0149026
56.6	-0.0157172
56.8	-0.0166085
57	-0.0175656
57.2	-0.0185784
57.4	-0.0196357
57.6	-0.0207249
57.8	-0.021834
58	-0.02295
58.2	-0.024059
58.4	-0.0251477
58.6	-0.0262031
58.8	-0.0272128
59	-0.0281648
59.2	-0.0290476
59.4	-0.0298513
59.6	-0.0305659
59.8	-0.031184
60	-0.0316996
60.2	-0.0321074
60.4	-0.0324042
60.6	-0.0325884
60.8	-0.0326597
61	-0.0326196
61.2	-0.0324713
61.4	-0.032219
61.6	-0.0318684
61.8	-0.0314265
62	-0.0309008
62.2	-0.0302996
62.4	-0.0296322
62.6	-0.028908
62.8	-0.0281363
63	-0.0273265
63.2	-0.026488
63.4	-0.0256296
63.6	-0.02476
63.8	-0.023887
64	-0.0230182
64.2	-0.0221604
64.4	-0.0213197
64.6	-0.0205022
64.8	-0.0197128
65	-0.0189566
65.2	-0.0182381
65.4	-0.0175617
65.6	-0.0169312
65.8	-0.0163509
66	-0.0158244
66.2	-0.0153553
66.4	-0.0149472
66.6	-0.0146034
66.8	-0.0143273
67	-0.0141217
67.2	-0.0139892
67.4	-0.0139321
67.6	-0.013952
67.8	-0.0140495
68	-0.014225
68.2	-0.0144778
68.4	-0.0148058
68.6	-0.0152061
68.8	-0.0156752
69	-0.016208
69.2	-0.0167986
69.4	-0.01744
69.6	-0.018124
69.8	-0.0188422
70	-0.0195857
70.2	-0.0203446
70.4	-0.0211083
70.6	-0.0218665
70.8	-0.0226089
71	-0.0233253
71.2	-0.0240063
71.4	-0.0246429
71.6	-0.025227
71.8	-0.0257508
72	-0.0262081
72.2	-0.0265929
72.4	-0.0269016
72.6	-0.0271315
72.8	-0.0272811
73	-0.0273499
73.2	-0.0273389
73.4	-0.0272505
73.6	-0.0270881
73.8	-0.026856
74	-0.0265592
74.2	-0.026204
74.4	-0.0257969
74.6	-0.0253448
74.8	-0.0248549
75	-0.0243344
75.2	-0.0237905
75.4	-0.0232303
75.6	-0.0226606
75.8	-0.0220878
76	-0.0215177
76.2	-0.0209556
76.4	-0.0204066
76.6	-0.0198749
76.8	-0.0193644
77	-0.0188787
77.2	-0.0184206
77.4	-0.0179931
77.6	-0.0175986
77.8	-0.0172396
78	-0.0169181
78.2	-0.0166359
78.4	-0.0163947
78.6	-0.0161962
78.8	-0.016042
79	-0.0159339
79.2	-0.0158731
79.4	-0.0158605
79.6	-0.0158968
79.8	-0.0159821
80	-0.0161166
80.2	-0.0162997
80.4	-0.0165298
80.6	-0.016805
80.8	-0.0171225
81	-0.0174792
81.2	-0.0178713
81.4	-0.0182944
81.6	-0.0187434
81.8	-0.0192121
82	-0.0196942
82.2	-0.0201833
82.4	-0.0206726
82.6	-0.0211553
82.8	-0.0216245
83	-0.0220736
83.2	-0.0224959
83.4	-0.0228855
83.6	-0.0232375
83.8	-0.023547
84	-0.0238102
84.2	-0.0240238
84.4	-0.0241854
84.6	-0.0242933
84.8	-0.024347
85	-0.024347
85.2	-0.0242948
85.4	-0.0241923
85.6	-0.0240422
85.8	-0.023848
86	-0.0236135
86.2	-0.0233433
86.4	-0.0230422
86.6	-0.0227155
86.8	-0.0223682
87	-0.0220055
87.2	-0.0216325
87.4	-0.0212541
87.6	-0.0208751
87.8	-0.0204996
88	-0.0201317
88.2	-0.0197752
88.4	-0.0194332
88.6	-0.0191088
88.8	-0.0188042
89	-0.0185217
89.2	-0.0182631
89.4	-0.0180299
89.6	-0.0178235
89.8	-0.0176451
90	-0.0174956
90.2	-0.0173759
90.4	-0.0172867
90.6	-0.0172282
90.8	-0.0172009
91	-0.0172047
91.2	-0.0172399
91.4	-0.0173061
91.6	-0.0174032
91.8	-0.0175306
92	-0.0176873
92.2	-0.017872
92.4	-0.0180827
92.6	-0.0183176
92.8	-0.0185741
93	-0.0188495
93.2	-0.0191404
93.4	-0.0194434
93.6	-0.0197548
93.8	-0.0200707
94	-0.0203867
94.2	-0.0206988
94.4	-0.0210026
94.6	-0.0212937
94.8	-0.0215681
95	-0.0218218
95.2	-0.0220514
95.4	-0.0222537
95.6	-0.0224259
95.8	-0.0225658
96	-0.0226715
96.2	-0.022742
96.4	-0.0227769
96.6	-0.0227765
96.8	-0.0227412
97	-0.0226724
97.2	-0.0225716
97.4	-0.0224411
97.6	-0.0222833
97.8	-0.0221012
98	-0.0218979
98.2	-0.0216769
98.4	-0.0214418
98.6	-0.0211961
98.8	-0.0209436
99	-0.0206875
99.2	-0.0204313
99.4	-0.0201782
99.6	-0.0199312
99.8	-0.0196929
100	-0.0194659
100.2	-0.0192523
100.4	-0.0190541
100.6	-0.0188729
100.8	-0.0187099
101	-0.0185665
101.2	-0.0184433
101.4	-0.0183411
101.6	-0.0182603
101.8	-0.0182011
102	-0.0181637
102.2	-0.0181482
102.4	-0.0181543
102.6	-0.0181818
102.8	-0.0182303
103	-0.0182994
103.2	-0.0183884
103.4	-0.0184965
103.6	-0.0186227
103.8	-0.0187656
104	-0.0189239
104.2	-0.0190957
104.4	-0.0192794
104.6	-0.0194729
104.8	-0.0196742
105	-0.0198808
105.2	-0.0200905
105.4	-0.0203005
105.6	-0.0205084
105.8	-0.0207113
106	-0.0209067
106.2	-0.021092
106.4	-0.0212646
106.6	-0.0214223
106.8	-0.0215629
107	-0.0216844
107.2	-0.0217854
107.4	-0.0218646
107.6	-0.0219212
107.8	-0.0219547
108	-0.0219648
108.2	-0.0219518
108.4	-0.0219161
108.6	-0.0218587
108.8	-0.0217807
109	-0.0216836
109.2	-0.0215692
109.4	-0.0214393
109.6	-0.0212962
109.8	-0.0211421
110	-0.0209795
110.2	-0.0208106
110.4	-0.0206381
110.6	-0.0204642
110.8	-0.0202913
111	-0.0201216
111.2	-0.0199572
111.4	-0.0198
111.6	-0.0196517
111.8	-0.0195138
112	-0.0193878
112.2	-0.0192746
112.4	-0.0191752
112.6	-0.0190904
112.8	-0.0190207
113	-0.0189665
113.2	-0.018928
113.4	-0.0189052
113.6	-0.0188982
113.8	-0.0189066
114	-0.0189302
114.2	-0.0189686
114.4	-0.0190211
114.6	-0.0190872
114.8	-0.0191662
115	-0.019257
115.2	-0.0193588
115.4	-0.0194705
115.6	-0.0195908
115.8	-0.0197183
116	-0.0198517
116.2	-0.0199896
116.4	-0.0201304
116.6	-0.0202724
116.8	-0.0204142
117	-0.020554
117.2	-0.0206901
117.4	-0.020821
117.6	-0.020945
117.8	-0.0210605
118	-0.0211662
118.2	-0.0212607
118.4	-0.021343
118.6	-0.021412
118.8	-0.0214669
119	-0.0215072
119.2	-0.0215325
119.4	-0.0215427
119.6	-0.0215376
119.8	-0.0215178
120	-0.0214835
120.2	-0.0214356
120.4	-0.0213749
120.6	-0.0213024
120.8	-0.0212193
121	-0.021127
121.2	-0.021027
121.4	-0.0209206
121.6	-0.0208096
121.8	-0.0206955
122	-0.02058
122.2	-0.0204645
122.4	-0.0203506
122.6	-0.0202399
122.8	-0.0201335
123	-0.0200329
123.2	-0.0199392
123.4	-0.0198533
123.6	-0.0197761
123.8	-0.0197085
124	-0.0196509
124.2	-0.0196038
124.4	-0.0195676
124.6	-0.0195425
124.8	-0.0195286
125	-0.0195257
125.2	-0.0195337
125.4	-0.0195524
125.6	-0.0195814
125.8	-0.0196202
126	-0.0196684
126.2	-0.0197252
126.4	-0.01979
126.6	-0.0198621
126.8	-0.0199405
127	-0.0200244
127.2	-0.0201129
127.4	-0.0202049
127.6	-0.0202994
127.8	-0.0203954
128	-0.0204917
128.2	-0.0205873
128.4	-0.0206812
128.6	-0.0207723
128.8	-0.0208596
129	-0.020942
129.2	-0.0210186
129.4	-0.0210887
129.6	-0.0211514
129.8	-0.021206
130	-0.0212519
130.2	-0.0212888
130.4	-0.0213161
130.6	-0.0213338
130.8	-0.0213417
131	-0.0213399
131.2	-0.0213285
131.4	-0.0213078
131.6	-0.0212783
131.8	-0.0212404
132	-0.0211948
132.2	-0.0211423
132.4	-0.0210838
132.6	-0.02102
132.8	-0.0209519
133	-0.0208806
133.2	-0.020807
133.4	-0.0207323
133.6	-0.0206574
133.8	-0.0205833
134	-0.020511
134.2	-0.0204414
134.4	-0.0203754
134.6	-0.0203138
134.8	-0.0202573
135	-0.0202065
135.2	-0.020162
135.4	-0.0201241
135.6	-0.0200934
135.8	-0.02007
136	-0.0200541
136.2	-0.0200458
136.4	-0.020045
136.6	-0.0200517
136.8	-0.0200656
137	-0.0200865
137.2	-0.0201141
137.4	-0.020148
137.6	-0.0201877
137.8	-0.0202328
138	-0.0202825
138.2	-0.0203365
138.4	-0.0203939
138.6	-0.0204542
138.8	-0.0205166
139	-0.0205805
139.2	-0.020645
139.4	-0.0207096
139.6	-0.0207735
139.8	-0.020836
140	-0.0208964
140.2	-0.0209541
140.4	-0.0210084
140.6	-0.0210588
140.8	-0.0211048
141	-0.0211459
141.2	-0.0211817
141.4	-0.0212119
141.6	-0.0212362
141.8	-0.0212544
142	-0.0212664
142.2	-0.0212721
142.4	-0.0212716
142.6	-0.021265
142.8	-0.0212526
143	-0.0212345
143.2	-0.0212111
143.4	-0.0211829
143.6	-0.0211502
143.8	-0.0211137
144	-0.0210738
144.2	-0.0210311
144.4	-0.0209864
144.6	-0.0209401
144.8	-0.0208931
145	-0.0208458
145.2	-0.020799
145.4	-0.0207533
145.6	-0.0207092
145.8	-0.0206674
146	-0.0206284
146.2	-0.0205926
146.4	-0.0205604
146.6	-0.0205323
146.8	-0.0205086
147	-0.0204894
147.2	-0.020475
147.4	-0.0204655
147.6	-0.020461
147.8	-0.0204615
148	-0.0204668
148.2	-0.020477
148.4	-0.0204917
148.6	-0.0205109
148.8	-0.0205341
149	-0.0205612
149.2	-0.0205918
149.4	-0.0206254
149.6	-0.0206617
149.8	-0.0207002
150	-0.0207405
150.2	-0.0207821
150.4	-0.0208245
150.6	-0.0208673
150.8	-0.02091
151	-0.0209521
151.2	-0.0209932
151.4	-0.0210328
151.6	-0.0210705
151.8	-0.021106
152	-0.0211389
152.2	-0.0211689
152.4	-0.0211956
152.6	-0.0212189
152.8	-0.0212386
153	-0.0212545
153.2	-0.0212665
153.4	-0.0212745
153.6	-0.0212786
153.8	-0.0212787
154	-0.0212751
154.2	-0.0212677
154.4	-0.0212568
154.6	-0.0212426
154.8	-0.0212254
155	-0.0212054
155.2	-0.021183
155.4	-0.0211586
155.6	-0.0211324
155.8	-0.0211049
156	-0.0210764
156.2	-0.0210475
156.4	-0.0210184
156.6	-0.0209896
156.8	-0.0209615
157	-0.0209345
157.2	-0.0209088
157.4	-0.0208849
157.6	-0.020863
157.8	-0.0208435
158	-0.0208265
158.2	-0.0208122
158.4	-0.0208009
158.6	-0.0207926
158.8	-0.0207874
159	-0.0207854
159.2	-0.0207866
159.4	-0.0207909
159.6	-0.0207983
159.8	-0.0208086
160	-0.0208218
160.2	-0.0208376
160.4	-0.0208558
160.6	-0.0208762
160.8	-0.0208986
161	-0.0209226
161.2	-0.0209481
161.4	-0.0209746
161.6	-0.0210019
161.8	-0.0210297
162	-0.0210577
162.2	-0.0210856
162.4	-0.021113
162.6	-0.0211397
162.8	-0.0211655
163	-0.02119
163.2	-0.021213
163.4	-0.0212343
163.6	-0.0212537
163.8	-0.021271
164	-0.0212861
164.2	-0.0212989
164.4	-0.0213093
164.6	-0.0213172
164.8	-0.0213226
165	-0.0213256
165.2	-0.0213261
165.4	-0.0213242
165.6	-0.02132
165.8	-0.0213136
166	-0.0213052
166.2	-0.0212949
166.4	-0.021283
166.6	-0.0212695
166.8	-0.0212548
167	-0.021239
167.2	-0.0212225
167.4	-0.0212054
167.6	-0.0211879
167.8	-0.0211705
168	-0.0211532
168.2	-0.0211364
168.4	-0.0211202
168.6	-0.0211049
168.8	-0.0210908
169	-0.0210779
169.2	-0.0210664
169.4	-0.0210565
169.6	-0.0210484
169.8	-0.0210421
170	-0.0210377
170.2	-0.0210353
170.4	-0.0210348
170.6	-0.0210364
170.8	-0.0210399
171	-0.0210453
171.2	-0.0210525
171.4	-0.0210616
171.6	-0.0210722
171.8	-0.0210844
172	-0.021098
172.2	-0.0211127
172.4	-0.0211285
172.6	-0.0211452
172.8	-0.0211625
173	-0.0211803
173.2	-0.0211984
173.4	-0.0212165
173.6	-0.0212346
173.8	-0.0212523
174	-0.0212696
174.2	-0.0212862
174.4	-0.021302
174.6	-0.0213169
174.8	-0.0213306
175	-0.0213432
175.2	-0.0213544
175.4	-0.0213642
175.6	-0.0213726
175.8	-0.0213794
176	-0.0213847
176.2	-0.0213884
176.4	-0.0213906
176.6	-0.0213913
176.8	-0.0213905
177	-0.0213883
177.2	-0.0213847
177.4	-0.0213799
177.6	-0.0213739
177.8	-0.0213669
178	-0.021359
178.2	-0.0213504
178.4	-0.0213411
178.6	-0.0213314
178.8	-0.0213213
179	-0.0213111
179.2	-0.0213008
179.4	-0.0212907
179.6	-0.0212809
179.8	-0.0212715
180	-0.0212627
180.2	-0.0212546
180.4	-0.0212473
180.6	-0.0212408
180.8	-0.0212354
181	-0.021231
181.2	-0.0212278
181.4	-0.0212257
181.6	-0.0212249
181.8	-0.0212253
182	-0.0212269
182.2	-0.0212297
182.4	-0.0212337
182.6	-0.0212389
182.8	-0.0212451
183	-0.0212524
183.2	-0.0212605
183.4	-0.0212695
183.6	-0.0212793
183.8	-0.0212896
184	-0.0213005
184.2	-0.0213118
184.4	-0.0213233
184.6	-0.021335
184.8	-0.0213468
185	-0.0213584
185.2	-0.0213699
185.4	-0.021381
185.6	-0.0213917
185.8	-0.0214019
186	-0.0214115
186.2	-0.0214204
186.4	-0.0214285
186.6	-0.0214358
186.8	-0.0214423
187	-0.0214478
187.2	-0.0214523
187.4	-0.0214559
187.6	-0.0214586
187.8	-0.0214602
188	-0.021461
188.2	-0.0214608
188.4	-0.0214598
188.6	-0.0214579
188.8	-0.0214553
189	-0.021452
189.2	-0.021448
189.4	-0.0214436
189.6	-0.0214386
189.8	-0.0214333
190	-0.0214278
190.2	-0.021422
190.4	-0.0214162
190.6	-0.0214104
190.8	-0.0214046
191	-0.0213991
191.2	-0.0213938
191.4	-0.0213889
191.6	-0.0213844
191.8	-0.0213804
192	-0.021377
192.2	-0.0213742
192.4	-0.0213721
192.6	-0.0213706
192.8	-0.0213699
193	-0.0213699
193.2	-0.0213707
193.4	-0.0213722
193.6	-0.0213745
193.8	-0.0213775
194	-0.0213812
194.2	-0.0213855
194.4	-0.0213905
194.6	-0.021396
194.8	-0.021402
195	-0.0214084
195.2	-0.0214152
195.4	-0.0214224
195.6	-0.0214297
195.8	-0.0214373
196	-0.0214449
196.2	-0.0214525
196.4	-0.02146
196.6	-0.0214674
196.8	-0.0214746
197	-0.0214816
197.2	-0.0214882
197.4	-0.0214944
197.6	-0.0215002
197.8	-0.0215055
198	-0.0215103
198.2	-0.0215145
198.4	-0.0215182
198.6	-0.0215213
198.8	-0.0215238
199	-0.0215257
199.2	-0.021527
199.4	-0.0215277
199.6	-0.0215279
199.8	-0.0215276
200	-0.0215267
200.2	-0.0215254
200.4	-0.0215237
200.6	-0.0215216
200.8	-0.0215192
201	-0.0215165
201.2	-0.0215136
201.4	-0.0215106
201.6	-0.0215074
201.8	-0.0215042
202	-0.021501
202.2	-0.0214979
202.4	-0.0214949
202.6	-0.0214921
202.8	-0.0214895
203	-0.0214871
203.2	-0.0214851
203.4	-0.0214835
203.6	-0.0214822
203.8	-0.0214813
204	-0.0214808
204.2	-0.0214808
204.4	-0.0214813
204.6	-0.0214821
204.8	-0.0214835
205	-0.0214853
205.2	-0.0214875
205.4	-0.0214902
205.6	-0.0214932
205.8	-0.0214966
206	-0.0215004
206.2	-0.0215044
206.4	-0.0215087
206.6	-0.0215133
206.8	-0.021518
207	-0.0215228
207.2	-0.0215278
207.4	-0.0215327
207.6	-0.0215377
207.8	-0.0215426
208	-0.0215474
208.2	-0.0215521
208.4	-0.0215567
208.6	-0.021561
208.8	-0.021565
209	-0.0215688
209.2	-0.0215723
209.4	-0.0215755
209.6	-0.0215784
209.8	-0.0215809
210	-0.021583
210.2	-0.0215848
210.4	-0.0215862
210.6	-0.0215873
210.8	-0.021588
211	-0.0215883
211.2	-0.0215884
211.4	-0.0215881
211.6	-0.0215876
211.8	-0.0215868
212	-0.0215858
212.2	-0.0215846
212.4	-0.0215832
212.6	-0.0215818
212.8	-0.0215802
213	-0.0215785
213.2	-0.0215769
213.4	-0.0215752
213.6	-0.0215736
213.8	-0.0215721
214	-0.0215707
214.2	-0.0215695
214.4	-0.0215684
214.6	-0.0215675
214.8	-0.0215668
215	-0.0215663
215.2	-0.0215661
215.4	-0.0215662
215.6	-0.0215665
215.8	-0.0215671
216	-0.021568
216.2	-0.0215691
216.4	-0.0215705
216.6	-0.0215722
216.8	-0.0215742
217	-0.0215763
217.2	-0.0215787
217.4	-0.0215813
217.6	-0.021584
217.8	-0.021587
218	-0.02159
218.2	-0.0215931
218.4	-0.0215964
218.6	-0.0215996
218.8	-0.0216029
219	-0.0216062
219.2	-0.0216094
219.4	-0.0216126
219.6	-0.0216157
219.8	-0.0216187
220	-0.0216216
220.2	-0.0216243
220.4	-0.0216268
220.6	-0.0216291
220.8	-0.0216313
221	-0.0216333
221.2	-0.021635
221.4	-0.0216365
221.6	-0.0216378
221.8	-0.0216389
222	-0.0216397
222.2	-0.0216404
222.4	-0.0216408
222.6	-0.021641
222.8	-0.0216411
223	-0.021641
223.2	-0.0216407
223.4	-0.0216404
223.6	-0.0216398
223.8	-0.0216392
224	-0.0216386
224.2	-0.0216379
224.4	-0.0216371
224.6	-0.0216363
224.8	-0.0216356
225	-0.0216349
225.2	-0.0216342
225.4	-0.0216336
225.6	-0.0216331
225.8	-0.0216327
226	-0.0216324
226.2	-0.0216322
226.4	-0.0216322
226.6	-0.0216323
226.8	-0.0216326
227	-0.0216331
227.2	-0.0216337
227.4	-0.0216345
227.6	-0.0216354
227.8	-0.0216365
228	-0.0216378
228.2	-0.0216392
228.4	-0.0216408
228.6	-0.0216425
228.8	-0.0216443
229	-0.0216462
229.2	-0.0216482
229.4	-0.0216502
229.6	-0.0216524
229.8	-0.0216545
230	-0.0216567
230.2	-0.0216589
230.4	-0.0216611
230.6	-0.0216633
230.8	-0.0216654
231	-0.0216675
231.2	-0.0216695
231.4	-0.0216714
231.6	-0.0216733
231.8	-0.021675
232	-0.0216766
232.2	-0.0216781
232.4	-0.0216795
232.6	-0.0216807
232.8	-0.0216818
233	-0.0216828
233.2	-0.0216836
233.4	-0.0216843
233.6	-0.0216848
233.8	-0.0216853
234	-0.0216856
234.2	-0.0216858
234.4	-0.0216859
234.6	-0.021686
234.8	-0.0216859
235	-0.0216858
235.2	-0.0216856
235.4	-0.0216854
235.6	-0.0216852
235.8	-0.0216849
236	-0.0216846
236.2	-0.0216844
236.4	-0.0216841
236.6	-0.0216839
236.8	-0.0216837
237	-0.0216836
237.2	-0.0216836
237.4	-0.0216836
237.6	-0.0216837
237.8	-0.0216839
238	-0.0216842
238.2	-0.0216846
238.4	-0.021685
238.6	-0.0216856
238.8	-0.0216863
239	-0.0216871
239.2	-0.0216879
239.4	-0.0216889
239.6	-0.02169
239.8	-0.0216911
240	-0.0216923
240.2	-0.0216936
240.4	-0.0216949
240.6	-0.0216963
240.8	-0.0216977
241	-0.0216992
241.2	-0.0217007
241.4	-0.0217022
241.6	-0.0217037
241.8	-0.0217052
242	-0.0217067
242.2	-0.0217081
242.4	-0.0217095
242.6	-0.0217109
242.8	-0.0217122
243	-0.0217135
243.2	-0.0217147
243.4	-0.0217158
243.6	-0.0217169
243.8	-0.0217178
244	-0.0217187
244.2	-0.0217195
244.4	-0.0217203
244.6	-0.0217209
244.8	-0.0217215
245	-0.021722
245.2	-0.0217224
245.4	-0.0217227
245.6	-0.021723
245.8	-0.0217232
246	-0.0217234
246.2	-0.0217235
246.4	-0.0217236
246.6	-0.0217236
246.8	-0.0217237
247	-0.0217237
247.2	-0.0217237
247.4	-0.0217237
247.6	-0.0217237
247.8	-0.0217237
248	-0.0217237
248.2	-0.0217238
248.4	-0.0217238
248.6	-0.021724
248.8	-0.0217242
249	-0.0217244
249.2	-0.0217247
249.4	-0.021725
249.6	-0.0217254
249.8	-0.0217258
