# Time	U	V	U_magnitude
0	-1.96967e-28	3.17005e-28	3.73214e-28
0.2	-0.00177252	0.000112824	0.00177611
0.4	-0.0140376	6.84295e-05	0.0140378
0.6	-0.0121174	0.000587724	0.0121317
0.8	-0.00804354	0.000789924	0.00808223
1	-0.0115827	0.000478125	0.0115926
1.2	-0.016474	0.00166605	0.016558
1.4	-0.0150973	0.00240736	0.015288
1.6	-0.0123572	0.00200373	0.0125186
1.8	-0.0153212	0.00244278	0.0155147
2	-0.0183352	0.00387815	0.0187408
2.2	-0.0168983	0.00463642	0.0175228
2.4	-0.0161258	0.00443192	0.0167238
2.6	-0.0186291	0.00529292	0.0193664
2.8	-0.0204206	0.00710709	0.0216221
3	-0.0198756	0.00782252	0.0213596
3.2	-0.0201082	0.00800658	0.0216436
3.4	-0.0222515	0.00940724	0.0241584
3.6	-0.0236541	0.011279	0.0262056
3.8	-0.0237463	0.0121298	0.026665
4	-0.0246593	0.0128063	0.0277863
4.2	-0.0265483	0.0145862	0.0302914
4.4	-0.0278482	0.0165167	0.0323778
4.6	-0.0285384	0.0175894	0.0335235
4.8	-0.0297868	0.0187958	0.0352212
5	-0.0315691	0.0208788	0.0378488
5.2	-0.0329654	0.0228971	0.0401372
5.4	-0.0340478	0.0243316	0.0418483
5.6	-0.0355177	0.0260497	0.0440465
5.8	-0.0372776	0.0284072	0.0468678
6	-0.0387945	0.0306315	0.0494298
6.2	-0.0401439	0.0325126	0.0516585
6.4	-0.0417367	0.0347311	0.0542974
6.6	-0.0435044	0.0373985	0.0573697
6.8	-0.045105	0.0399439	0.0602493
7	-0.0465937	0.0423354	0.0629544
7.2	-0.0482395	0.045055	0.0660076
7.4	-0.0499798	0.0480942	0.0693616
7.6	-0.0515856	0.051061	0.0725831
7.8	-0.0531039	0.0539999	0.0757365
8	-0.0547137	0.0572384	0.0791822
8.2	-0.0563608	0.0607292	0.0828527
8.4	-0.057894	0.0642387	0.0864773
8.6	-0.0593732	0.0678921	0.0901915
8.8	-0.0609422	0.0720069	0.0943342
9	-0.0625773	0.0766822	0.0989751
9.2	-0.0642018	0.081966	0.104117
9.4	-0.0658703	0.0881486	0.110041
9.6	-0.067639	0.0955364	0.117057
9.8	-0.0694016	0.104132	0.12514
10	-0.0710003	0.113753	0.134092
10.2	-0.072364	0.124238	0.143777
10.4	-0.0734304	0.135355	0.15399
10.6	-0.0740658	0.146674	0.164313
10.8	-0.0741611	0.157737	0.174301
11	-0.0737102	0.168222	0.183662
11.2	-0.0727336	0.177858	0.192155
11.4	-0.0712206	0.186344	0.19949
11.6	-0.0691931	0.193444	0.205446
11.8	-0.0667412	0.199076	0.209965
12	-0.0639575	0.203223	0.213049
12.2	-0.0609014	0.205875	0.214694
12.4	-0.0576469	0.207101	0.214974
12.6	-0.0542964	0.207075	0.214075
12.8	-0.0509292	0.206001	0.212203
13	-0.0475857	0.204071	0.209546
13.2	-0.0443058	0.2015	0.206313
13.4	-0.0411343	0.198529	0.202746
13.6	-0.0380872	0.195361	0.199039
13.8	-0.0351521	0.192137	0.195326
14	-0.0323221	0.188971	0.191715
14.2	-0.0295968	0.185957	0.188297
14.4	-0.0269606	0.183133	0.185107
14.6	-0.0243904	0.180491	0.182132
14.8	-0.0218779	0.178012	0.179352
15	-0.019424	0.175674	0.176744
15.2	-0.0170229	0.17343	0.174264
15.4	-0.0146686	0.171229	0.171856
15.6	-0.0123678	0.169031	0.169483
15.8	-0.0101313	0.166808	0.167115
16	-0.00796246	0.164528	0.16472
16.2	-0.0058654	0.162163	0.162269
16.4	-0.00385095	0.159703	0.159749
16.6	-0.00193003	0.157145	0.157157
16.8	-0.000104802	0.154483	0.154483
17	0.00161992	0.151718	0.151726
17.2	0.00323611	0.148857	0.148892
17.4	0.00473968	0.145911	0.145988
17.6	0.00613055	0.142889	0.14302
17.8	0.00740718	0.139798	0.139994
18	0.00856628	0.136652	0.136921
18.2	0.00960795	0.133465	0.13381
18.4	0.010535	0.130244	0.13067
18.6	0.011348	0.127	0.127506
18.8	0.0120466	0.123744	0.124329
19	0.0126335	0.120485	0.121146
19.2	0.0131122	0.117229	0.11796
19.4	0.0134844	0.113985	0.11478
19.6	0.0137517	0.110759	0.11161
19.8	0.0139179	0.107558	0.108455
20	0.0139863	0.104385	0.105318
20.2	0.013959	0.101247	0.102204
20.4	0.0138385	0.0981467	0.0991175
20.6	0.0136284	0.0950883	0.0960599
20.8	0.0133321	0.0920744	0.0930346
21	0.0129517	0.0891084	0.0900447
21.2	0.0124898	0.0861928	0.087093
21.4	0.0119506	0.0833297	0.0841823
21.6	0.0113367	0.0805213	0.0813154
21.8	0.0106507	0.0777699	0.0784958
22	0.0098959	0.0750771	0.0757265
22.2	0.00907564	0.0724443	0.0730106
22.4	0.00819271	0.0698733	0.070352
22.6	0.00724973	0.0673654	0.0677543
22.8	0.00624974	0.0649214	0.0652216
23	0.00519616	0.0625432	0.0627587
23.2	0.004092	0.0602318	0.0603707
23.4	0.00294037	0.057989	0.0580635
23.6	0.00174395	0.0558148	0.0558421
23.8	0.000506155	0.0537106	0.053713
24	-0.00076992	0.051678	0.0516838
24.2	-0.00208115	0.0497182	0.0497617
24.4	-0.00342452	0.0478311	0.0479535
24.6	-0.00479641	0.0460184	0.0462677
24.8	-0.00619419	0.0442814	0.0447125
25	-0.0076147	0.0426206	0.0432955
25.2	-0.00905391	0.0410362	0.0420231
25.4	-0.0105092	0.0395301	0.0409032
25.6	-0.011978	0.0381029	0.0399412
25.8	-0.0134564	0.036754	0.0391399
26	-0.0149409	0.0354852	0.0385024
26.2	-0.0164289	0.0342973	0.0380291
26.4	-0.0179174	0.0331897	0.0377173
26.6	-0.0194028	0.0321633	0.0375626
26.8	-0.0208823	0.0312183	0.0375587
27	-0.0223525	0.0303543	0.0376964
27.2	-0.02381	0.029572	0.037966
27.4	-0.0252521	0.0288713	0.0383565
27.6	-0.0266756	0.0282512	0.0388551
27.8	-0.028077	0.027712	0.0394497
28	-0.029454	0.0272532	0.0401283
28.2	-0.0308034	0.0268735	0.0408782
28.4	-0.0321219	0.0265722	0.0416881
28.6	-0.0334066	0.0263486	0.0425471
28.8	-0.0346542	0.026201	0.0434443
29	-0.0358613	0.0261287	0.0443705
29.2	-0.0370254	0.0261301	0.0453173
29.4	-0.0381432	0.026203	0.0462764
29.6	-0.0392115	0.0263457	0.0472402
29.8	-0.040228	0.0265561	0.0482028
30	-0.04119	0.0268319	0.0491586
30.2	-0.0420945	0.0271707	0.0501019
30.4	-0.0429388	0.0275704	0.0510282
30.6	-0.0437206	0.0280281	0.0519332
30.8	-0.0444372	0.0285407	0.0528132
31	-0.0450861	0.0291049	0.0536643
31.2	-0.0456647	0.0297175	0.0544829
31.4	-0.0461706	0.0303742	0.0552659
31.6	-0.0466024	0.031071	0.0560107
31.8	-0.0469584	0.0318042	0.056715
32	-0.0472367	0.0325698	0.0573768
32.2	-0.0474356	0.0333632	0.0579934
32.4	-0.0475536	0.0341794	0.0585626
32.6	-0.0475901	0.0350133	0.0590826
32.8	-0.0475445	0.0358601	0.0595518
33	-0.047416	0.036715	0.0599688
33.2	-0.0472043	0.0375723	0.0603317
33.4	-0.0469097	0.0384261	0.060639
33.6	-0.046533	0.0392709	0.0608894
33.8	-0.0460748	0.0401012	0.0610818
34	-0.0455361	0.0409111	0.0612148
34.2	-0.0449188	0.0416946	0.0612873
34.4	-0.0442247	0.0424458	0.0612982
34.6	-0.0434565	0.0431589	0.0612467
34.8	-0.0426169	0.0438285	0.0611322
35	-0.0417092	0.0444489	0.0609538
35.2	-0.0407373	0.0450145	0.060711
35.4	-0.0397051	0.04552	0.0604034
35.6	-0.0386175	0.0459603	0.0600305
35.8	-0.0374794	0.0463308	0.0595924
36	-0.0362965	0.0466272	0.0590892
36.2	-0.0350743	0.0468456	0.0585211
36.4	-0.0338191	0.0469822	0.0578883
36.6	-0.0325375	0.0470337	0.0571914
36.8	-0.0312364	0.0469976	0.0564312
37	-0.0299227	0.0468715	0.0556085
37.2	-0.028604	0.0466538	0.0547244
37.4	-0.0272878	0.0463436	0.0537806
37.6	-0.0259817	0.0459403	0.0527784
37.8	-0.0246936	0.045444	0.0517198
38	-0.0234312	0.0448559	0.0506071
38.2	-0.0222019	0.0441772	0.0494424
38.4	-0.0210136	0.04341	0.0482286
38.6	-0.0198739	0.0425575	0.0469693
38.8	-0.0187897	0.0416228	0.0456674
39	-0.0177685	0.0406097	0.0443268
39.2	-0.0168172	0.0395226	0.0429518
39.4	-0.0159416	0.0383674	0.0415474
39.6	-0.0151476	0.0371492	0.0401187
39.8	-0.014441	0.035874	0.0386715
40	-0.0138265	0.0345485	0.0372125
40.2	-0.0133088	0.0331799	0.0357496
40.4	-0.012892	0.0317758	0.0342915
40.6	-0.0125785	0.0303441	0.0328479
40.8	-0.0123714	0.0288929	0.0314301
41	-0.0122726	0.0274302	0.0300505
41.2	-0.0122832	0.025965	0.0287238
41.4	-0.0124041	0.0245063	0.0274667
41.6	-0.012635	0.0230629	0.0262972
41.8	-0.0129745	0.0216439	0.0252348
42	-0.0134209	0.0202588	0.024301
42.2	-0.0139714	0.018917	0.0235171
42.4	-0.0146227	0.0176279	0.0229034
42.6	-0.015371	0.0164006	0.0224777
42.8	-0.0162108	0.0152432	0.0222519
43	-0.0171357	0.0141645	0.022232
43.2	-0.0181392	0.0131731	0.0224179
43.4	-0.0192144	0.0122759	0.0228011
43.6	-0.0203523	0.0114797	0.0233666
43.8	-0.0215437	0.0107916	0.0240955
44	-0.0227798	0.0102168	0.024966
44.2	-0.0240498	0.00975994	0.0259547
44.4	-0.0253436	0.0094253	0.0270395
44.6	-0.026651	0.00921474	0.0281991
44.8	-0.0279594	0.00913046	0.0294125
45	-0.0292575	0.00917341	0.0306619
45.2	-0.030533	0.0093428	0.0319304
45.4	-0.0317747	0.00963698	0.033204
45.6	-0.0329718	0.0100533	0.0344704
45.8	-0.0341125	0.0105882	0.035718
46	-0.0351862	0.0112366	0.0369368
46.2	-0.0361824	0.0119921	0.0381179
46.4	-0.0370907	0.0128474	0.0392528
46.6	-0.0379021	0.0137928	0.0403337
46.8	-0.0386089	0.0148195	0.0413554
47	-0.0392039	0.0159176	0.0423121
47.2	-0.0396805	0.017075	0.0431983
47.4	-0.0400344	0.0182798	0.0440103
47.6	-0.0402619	0.0195201	0.0447444
47.8	-0.0403608	0.0207823	0.0453971
48	-0.0403305	0.0220538	0.0459665
48.2	-0.0401713	0.0233213	0.0464501
48.4	-0.0398856	0.0245719	0.046847
48.6	-0.0394769	0.0257931	0.0471562
48.8	-0.0389498	0.0269728	0.0473774
49	-0.0383107	0.0280996	0.047511
49.2	-0.0375666	0.029163	0.0475576
49.4	-0.0367257	0.0301533	0.0475184
49.6	-0.0357973	0.0310619	0.047395
49.8	-0.0347908	0.0318817	0.0471895
50	-0.0337166	0.0326063	0.0469039
50.2	-0.0325851	0.0332306	0.046541
50.4	-0.0314072	0.0337509	0.0461035
50.6	-0.0301935	0.0341643	0.0455944
50.8	-0.0289547	0.0344692	0.0450167
51	-0.0277011	0.0346652	0.0443737
51.2	-0.0264426	0.0347523	0.0436684
51.4	-0.025189	0.0347316	0.0429041
51.6	-0.0239492	0.0346046	0.0420838
51.8	-0.0227323	0.0343739	0.0412107
52	-0.0215461	0.0340421	0.0402877
52.2	-0.0203987	0.0336125	0.0393181
52.4	-0.0192975	0.0330891	0.0383051
52.6	-0.018249	0.0324756	0.0372517
52.8	-0.0172601	0.0317765	0.0361616
53	-0.0163371	0.0309972	0.0350389
53.2	-0.015486	0.0301422	0.0338875
53.4	-0.0147124	0.029217	0.0327122
53.6	-0.0140218	0.0282277	0.0315185
53.8	-0.0134193	0.0271812	0.0303132
54	-0.0129092	0.0260838	0.0291035
54.2	-0.0124959	0.0249433	0.0278983
54.4	-0.0121836	0.0237677	0.0267085
54.6	-0.0119752	0.0225656	0.0255462
54.8	-0.0118732	0.0213464	0.0244262
55	-0.0118797	0.0201197	0.0233652
55.2	-0.0119954	0.0188959	0.0223818
55.4	-0.0122203	0.017686	0.0214972
55.6	-0.0125533	0.0165008	0.0207331
55.8	-0.0129921	0.0153516	0.0201114
56	-0.0135336	0.01425	0.0196525
56.2	-0.0141725	0.0132063	0.0193718
56.4	-0.0149026	0.0122322	0.0192799
56.6	-0.0157172	0.0113386	0.0193803
56.8	-0.0166085	0.0105341	0.0196674
57	-0.0175656	0.00982785	0.020128
57.2	-0.0185784	0.00922828	0.0207441
57.4	-0.0196357	0.00874162	0.0214937
57.6	-0.0207249	0.00837332	0.0223525
57.8	-0.021834	0.00812732	0.0232976
58	-0.02295	0.00800537	0.0243061
58.2	-0.024059	0.00800836	0.0253568
58.4	-0.0251477	0.00813522	0.0264308
58.6	-0.0262031	0.00838333	0.0275115
58.8	-0.0272128	0.00874877	0.0285846
59	-0.0281648	0.00922573	0.0296373
59.2	-0.0290476	0.00980699	0.0306585
59.4	-0.0298513	0.0104841	0.0316388
59.6	-0.0305659	0.0112467	0.0325693
59.8	-0.031184	0.0120835	0.0334433
60	-0.0316996	0.0129831	0.0342553
60.2	-0.0321074	0.0139333	0.0350003
60.4	-0.0324042	0.0149204	0.0356742
60.6	-0.0325884	0.0159315	0.0362741
60.8	-0.0326597	0.0169537	0.0367978
61	-0.0326196	0.0179736	0.0372436
61.2	-0.0324713	0.018979	0.037611
61.4	-0.032219	0.0199582	0.0378998
61.6	-0.0318684	0.0208998	0.0381104
61.8	-0.0314265	0.0217942	0.0382441
62	-0.0309008	0.0226325	0.0383026
62.2	-0.0302996	0.0234069	0.0382878
62.4	-0.0296322	0.024111	0.0382023
62.6	-0.028908	0.0247398	0.0380491
62.8	-0.0281363	0.0252895	0.0378313
63	-0.0273265	0.0257573	0.0375524
63.2	-0.026488	0.0261417	0.0372156
63.4	-0.0256296	0.0264419	0.0368246
63.6	-0.02476	0.0266585	0.0363831
63.8	-0.023887	0.0267923	0.0358945
64	-0.0230182	0.0268452	0.0353625
64.2	-0.0221604	0.0268194	0.0347903
64.4	-0.0213197	0.0267173	0.034181
64.6	-0.0205022	0.0265416	0.033538
64.8	-0.0197128	0.0262955	0.0328641
65	-0.0189566	0.0259819	0.0321623
65.2	-0.0182381	0.0256041	0.0314357
65.4	-0.0175617	0.0251656	0.0306875
65.6	-0.0169312	0.0246697	0.0299209
65.8	-0.0163509	0.0241199	0.0291396
66	-0.0158244	0.0235197	0.0283476
66.2	-0.0153553	0.0228733	0.0275494
66.4	-0.0149472	0.0221853	0.0267508
66.6	-0.0146034	0.0214604	0.0259579
66.8	-0.0143273	0.0207036	0.0251776
67	-0.0141217	0.0199205	0.0244181
67.2	-0.0139892	0.0191176	0.0236892
67.4	-0.0139321	0.0183015	0.0230011
67.6	-0.013952	0.0174796	0.022365
67.8	-0.0140495	0.0166598	0.0217931
68	-0.014225	0.0158506	0.0212977
68.2	-0.0144778	0.01506	0.0208904
68.4	-0.0148058	0.014297	0.020582
68.6	-0.0152061	0.0135706	0.0203811
68.8	-0.0156752	0.0128897	0.0202942
69	-0.016208	0.0122624	0.0203241
69.2	-0.0167986	0.011697	0.0204698
69.4	-0.01744	0.0112006	0.020727
69.6	-0.018124	0.0107798	0.0210875
69.8	-0.0188422	0.0104404	0.0215413
70	-0.0195857	0.0101867	0.0220764
70.2	-0.0203446	0.0100214	0.0226789
70.4	-0.0211083	0.00994658	0.0233344
70.6	-0.0218665	0.00996295	0.0240293
70.8	-0.0226089	0.0100695	0.0247499
71	-0.0233253	0.0102638	0.0254836
71.2	-0.0240063	0.0105422	0.0262191
71.4	-0.0246429	0.0108999	0.0269459
71.6	-0.025227	0.011331	0.0276549
71.8	-0.0257508	0.0118282	0.0283375
72	-0.0262081	0.0123836	0.0289865
72.2	-0.0265929	0.0129881	0.0295952
72.4	-0.0269016	0.0136316	0.0301582
72.6	-0.0271315	0.0143047	0.0306716
72.8	-0.0272811	0.0149973	0.0311317
73	-0.0273499	0.0156995	0.0315355
73.2	-0.0273389	0.0164007	0.031881
73.4	-0.0272505	0.0170916	0.032167
73.6	-0.0270881	0.0177634	0.032393
73.8	-0.026856	0.0184077	0.0325589
74	-0.0265592	0.0190166	0.0326653
74.2	-0.026204	0.0195834	0.0327133
74.4	-0.0257969	0.0201027	0.0327047
74.6	-0.0253448	0.0205699	0.0326417
74.8	-0.0248549	0.0209813	0.0325266
75	-0.0243344	0.0213343	0.0323622
75.2	-0.0237905	0.0216271	0.0321515
75.4	-0.0232303	0.021859	0.0318977
75.6	-0.0226606	0.0220302	0.0316043
75.8	-0.0220878	0.0221415	0.0312748
76	-0.0215177	0.0221943	0.0309127
76.2	-0.0209556	0.0221905	0.0305215
76.4	-0.0204066	0.0221325	0.0301044
76.6	-0.0198749	0.0220226	0.0296649
76.8	-0.0193644	0.0218639	0.0292063
77	-0.0188787	0.0216591	0.0287319
77.2	-0.0184206	0.0214111	0.0282446
77.4	-0.0179931	0.021123	0.0277477
77.6	-0.0175986	0.0207977	0.0272444
77.8	-0.0172396	0.0204382	0.0267381
78	-0.0169181	0.0200475	0.0262321
78.2	-0.0166359	0.0196287	0.0257302
78.4	-0.0163947	0.0191851	0.0252359
78.6	-0.0161962	0.0187199	0.0247538
78.8	-0.016042	0.0182369	0.0242885
79	-0.0159339	0.0177398	0.0238451
79.2	-0.0158731	0.0172324	0.0234288
79.4	-0.0158605	0.016719	0.0230452
79.6	-0.0158968	0.0162046	0.0227001
79.8	-0.0159821	0.0156941	0.0223994
80	-0.0161166	0.0151928	0.0221487
80.2	-0.0162997	0.0147057	0.0219531
80.4	-0.0165298	0.0142383	0.0218166
80.6	-0.016805	0.0137965	0.0217428
80.8	-0.0171225	0.0133859	0.0217339
81	-0.0174792	0.0130119	0.0217907
81.2	-0.0178713	0.0126799	0.0219126
81.4	-0.0182944	0.0123941	0.0220975
81.6	-0.0187434	0.0121586	0.0223416
81.8	-0.0192121	0.0119768	0.0226395
82	-0.0196942	0.0118516	0.0229853
82.2	-0.0201833	0.0117851	0.0233721
82.4	-0.0206726	0.0117782	0.0237924
82.6	-0.0211553	0.011831	0.0242388
82.8	-0.0216245	0.0119425	0.0247031
83	-0.0220736	0.0121109	0.0251777
83.2	-0.0224959	0.0123333	0.0256549
83.4	-0.0228855	0.0126059	0.0261277
83.6	-0.0232375	0.0129242	0.0265898
83.8	-0.023547	0.0132831	0.0270352
84	-0.0238102	0.0136768	0.0274588
84.2	-0.0240238	0.0140992	0.0278555
84.4	-0.0241854	0.0145434	0.0282214
84.6	-0.0242933	0.0150026	0.0285525
84.8	-0.024347	0.0154694	0.0288458
85	-0.024347	0.0159368	0.0290992
85.2	-0.0242948	0.0163984	0.0293111
85.4	-0.0241923	0.0168476	0.0294806
85.6	-0.0240422	0.0172785	0.029607
85.8	-0.023848	0.0176857	0.0296902
86	-0.0236135	0.0180639	0.0297305
86.2	-0.0233433	0.018409	0.0297288
86.4	-0.0230422	0.0187175	0.0296865
86.6	-0.0227155	0.0189866	0.0296055
86.8	-0.0223682	0.0192145	0.0294878
87	-0.0220055	0.0193997	0.0293358
87.2	-0.0216325	0.0195418	0.0291521
87.4	-0.0212541	0.0196407	0.0289395
87.6	-0.0208751	0.019697	0.0287009
87.8	-0.0204996	0.0197118	0.0284392
88	-0.0201317	0.0196866	0.0281576
88.2	-0.0197752	0.0196232	0.0278591
88.4	-0.0194332	0.0195238	0.0275468
88.6	-0.0191088	0.0193907	0.0272239
88.8	-0.0188042	0.0192265	0.0268934
89	-0.0185217	0.0190338	0.0265582
89.2	-0.0182631	0.0188151	0.0262212
89.4	-0.0180299	0.0185733	0.0258852
89.6	-0.0178235	0.0183108	0.0255532
89.8	-0.0176451	0.0180304	0.0252279
90	-0.0174956	0.0177348	0.0249122
90.2	-0.0173759	0.0174265	0.024609
90.4	-0.0172867	0.0171081	0.0243211
90.6	-0.0172282	0.0167824	0.0240512
90.8	-0.0172009	0.0164521	0.0238021
91	-0.0172047	0.0161203	0.0235768
91.2	-0.0172399	0.0157899	0.023378
91.4	-0.0173061	0.015464	0.0232085
91.6	-0.0174032	0.0151458	0.0230709
91.8	-0.0175306	0.0148384	0.0229674
92	-0.0176873	0.0145451	0.0228998
92.2	-0.017872	0.0142691	0.0228695
92.4	-0.0180827	0.0140137	0.0228773
92.6	-0.0183176	0.0137823	0.0229235
92.8	-0.0185741	0.0135778	0.0230077
93	-0.0188495	0.013403	0.0231288
93.2	-0.0191404	0.0132606	0.0232851
93.4	-0.0194434	0.0131526	0.0234742
93.6	-0.0197548	0.0130809	0.0236931
93.8	-0.0200707	0.0130468	0.0239384
94	-0.0203867	0.0130508	0.0242062
94.2	-0.0206988	0.0130931	0.0244923
94.4	-0.0210026	0.0131732	0.024792
94.6	-0.0212937	0.0132901	0.0251008
94.8	-0.0215681	0.0134421	0.025414
95	-0.0218218	0.0136271	0.0257272
95.2	-0.0220514	0.0138423	0.026036
95.4	-0.0222537	0.0140844	0.0263362
95.6	-0.0224259	0.0143497	0.026624
95.8	-0.0225658	0.0146341	0.0268956
96	-0.0226715	0.0149331	0.0271476
96.2	-0.022742	0.0152421	0.0273774
96.4	-0.0227769	0.0155564	0.0275824
96.6	-0.0227765	0.0158714	0.0277609
96.8	-0.0227412	0.0161828	0.0279114
97	-0.0226724	0.016486	0.0280325
97.2	-0.0225716	0.016777	0.0281237
97.4	-0.0224411	0.0170519	0.0281846
97.6	-0.0222833	0.0173073	0.0282151
97.8	-0.0221012	0.01754	0.0282155
98	-0.0218979	0.0177474	0.0281867
98.2	-0.0216769	0.0179274	0.0281297
98.4	-0.0214418	0.0180784	0.028046
98.6	-0.0211961	0.0181994	0.0279373
98.8	-0.0209436	0.0182899	0.0278056
99	-0.0206875	0.0183497	0.0276529
99.2	-0.0204313	0.0183792	0.0274815
99.4	-0.0201782	0.018379	0.0272937
99.6	-0.0199312	0.0183503	0.0270921
99.8	-0.0196929	0.0182943	0.0268792
100	-0.0194659	0.0182128	0.0266576
100.2	-0.0192523	0.0181074	0.0264297
100.4	-0.0190541	0.0179803	0.0261983
100.6	-0.0188729	0.0178335	0.0259657
100.8	-0.0187099	0.017669	0.0257344
101	-0.0185665	0.0174893	0.0255066
101.2	-0.0184433	0.0172963	0.0252847
101.4	-0.0183411	0.0170922	0.0250707
101.6	-0.0182603	0.0168794	0.0248667
101.8	-0.0182011	0.01666	0.0246746
102	-0.0181637	0.0164362	0.0244963
102.2	-0.0181482	0.0162101	0.0243336
102.4	-0.0181543	0.015984	0.0241881
102.6	-0.0181818	0.0157599	0.0240614
102.8	-0.0182303	0.0155399	0.0239548
103	-0.0182994	0.0153262	0.0238697
103.2	-0.0183884	0.0151208	0.023807
103.4	-0.0184965	0.0149258	0.0237676
103.6	-0.0186227	0.0147431	0.0237521
103.8	-0.0187656	0.0145746	0.0237606
104	-0.0189239	0.0144223	0.0237932
104.2	-0.0190957	0.014288	0.0238494
104.4	-0.0192794	0.0141735	0.0239287
104.6	-0.0194729	0.0140802	0.0240301
104.8	-0.0196742	0.0140094	0.0241524
105	-0.0198808	0.0139622	0.0242938
105.2	-0.0200905	0.0139392	0.0244526
105.4	-0.0203005	0.0139411	0.0246265
105.6	-0.0205084	0.0139678	0.0248131
105.8	-0.0207113	0.0140191	0.0250099
106	-0.0209067	0.0140946	0.0252141
106.2	-0.021092	0.0141933	0.0254229
106.4	-0.0212646	0.0143139	0.0256334
106.6	-0.0214223	0.0144547	0.0258429
106.8	-0.0215629	0.014614	0.0260485
107	-0.0216844	0.0147893	0.0262476
107.2	-0.0217854	0.0149781	0.0264376
107.4	-0.0218646	0.0151777	0.0266163
107.6	-0.0219212	0.0153852	0.0267815
107.8	-0.0219547	0.0155977	0.0269313
108	-0.0219648	0.0158122	0.0270643
108.2	-0.0219518	0.0160257	0.0271791
108.4	-0.0219161	0.0162351	0.0272744
108.6	-0.0218587	0.0164378	0.0273496
108.8	-0.0217807	0.0166309	0.0274041
109	-0.0216836	0.016812	0.0274376
109.2	-0.0215692	0.0169789	0.0274501
109.4	-0.0214393	0.0171294	0.027442
109.6	-0.0212962	0.017262	0.0274136
109.8	-0.0211421	0.0173753	0.0273658
110	-0.0209795	0.0174681	0.0272997
110.2	-0.0208106	0.01754	0.0272164
110.4	-0.0206381	0.0175904	0.0271173
110.6	-0.0204642	0.0176193	0.0270041
110.8	-0.0202913	0.017627	0.0268784
111	-0.0201216	0.0176141	0.026742
111.2	-0.0199572	0.0175812	0.0265968
111.4	-0.0198	0.0175296	0.0264447
111.6	-0.0196517	0.0174602	0.0262878
111.8	-0.0195138	0.0173745	0.0261278
112	-0.0193878	0.0172741	0.0259669
112.2	-0.0192746	0.0171604	0.0258068
112.4	-0.0191752	0.0170352	0.0256493
112.6	-0.0190904	0.0169001	0.0254962
112.8	-0.0190207	0.016757	0.0253492
113	-0.0189665	0.0166075	0.0252099
113.2	-0.018928	0.0164535	0.0250796
113.4	-0.0189052	0.0162966	0.0249597
113.6	-0.0188982	0.0161385	0.0248514
113.8	-0.0189066	0.015981	0.0247558
114	-0.0189302	0.0158255	0.0246739
114.2	-0.0189686	0.0156738	0.0246064
114.4	-0.0190211	0.0155273	0.024554
114.6	-0.0190872	0.0153874	0.0245173
114.8	-0.0191662	0.0152557	0.0244965
115	-0.019257	0.0151333	0.0244918
115.2	-0.0193588	0.0150216	0.0245033
115.4	-0.0194705	0.0149216	0.0245307
115.6	-0.0195908	0.0148345	0.0245736
115.8	-0.0197183	0.0147613	0.0246314
116	-0.0198517	0.0147026	0.0247034
116.2	-0.0199896	0.0146593	0.0247887
116.4	-0.0201304	0.0146319	0.0248862
116.6	-0.0202724	0.0146207	0.0249948
116.8	-0.0204142	0.014626	0.0251129
117	-0.020554	0.0146476	0.0252392
117.2	-0.0206901	0.0146853	0.025372
117.4	-0.020821	0.0147388	0.0255097
117.6	-0.020945	0.0148073	0.0256505
117.8	-0.0210605	0.0148901	0.0257926
118	-0.0211662	0.014986	0.0259343
118.2	-0.0212607	0.0150938	0.0260738
118.4	-0.021343	0.0152121	0.0262093
118.6	-0.021412	0.0153392	0.0263394
118.8	-0.0214669	0.0154736	0.0264624
119	-0.0215072	0.0156134	0.026577
119.2	-0.0215325	0.0157567	0.0266819
119.4	-0.0215427	0.0159016	0.0267759
119.6	-0.0215376	0.0160462	0.026858
119.8	-0.0215178	0.0161886	0.0269274
120	-0.0214835	0.0163269	0.0269835
120.2	-0.0214356	0.0164593	0.0270258
120.4	-0.0213749	0.0165841	0.027054
120.6	-0.0213024	0.0166999	0.027068
120.8	-0.0212193	0.0168051	0.0270679
121	-0.021127	0.0168987	0.027054
121.2	-0.021027	0.0169796	0.0270266
121.4	-0.0209206	0.0170469	0.0269865
121.6	-0.0208096	0.0171002	0.0269343
121.8	-0.0206955	0.017139	0.026871
122	-0.02058	0.0171632	0.0267976
122.2	-0.0204645	0.0171728	0.0267152
122.4	-0.0203506	0.017168	0.026625
122.6	-0.0202399	0.0171493	0.0265283
122.8	-0.0201335	0.0171173	0.0264265
123	-0.0200329	0.0170727	0.026321
123.2	-0.0199392	0.0170164	0.0262132
123.4	-0.0198533	0.0169495	0.0261043
123.6	-0.0197761	0.0168729	0.025996
123.8	-0.0197085	0.0167879	0.0258893
124	-0.0196509	0.0166958	0.0257858
124.2	-0.0196038	0.0165977	0.0256865
124.4	-0.0195676	0.016495	0.0255926
124.6	-0.0195425	0.016389	0.0255051
124.8	-0.0195286	0.016281	0.0254251
125	-0.0195257	0.0161722	0.0253534
125.2	-0.0195337	0.0160639	0.0252906
125.4	-0.0195524	0.0159573	0.0252375
125.6	-0.0195814	0.0158536	0.0251946
125.8	-0.0196202	0.0157539	0.0251623
126	-0.0196684	0.0156592	0.0251407
126.2	-0.0197252	0.0155706	0.0251302
126.4	-0.01979	0.0154888	0.0251306
126.6	-0.0198621	0.0154148	0.025142
126.8	-0.0199405	0.0153493	0.025164
127	-0.0200244	0.015293	0.0251963
127.2	-0.0201129	0.0152464	0.0252385
127.4	-0.0202049	0.01521	0.0252899
127.6	-0.0202994	0.0151841	0.02535
127.8	-0.0203954	0.0151689	0.0254179
128	-0.0204917	0.0151648	0.0254927
128.2	-0.0205873	0.0151715	0.0255737
128.4	-0.0206812	0.0151891	0.0256597
128.6	-0.0207723	0.0152172	0.0257498
128.8	-0.0208596	0.0152555	0.0258428
129	-0.020942	0.0153036	0.0259377
129.2	-0.0210186	0.0153608	0.0260334
129.4	-0.0210887	0.0154264	0.0261286
129.6	-0.0211514	0.0154995	0.0262224
129.8	-0.021206	0.0155793	0.0263136
130	-0.0212519	0.0156647	0.0264013
130.2	-0.0212888	0.0157547	0.0264844
130.4	-0.0213161	0.0158481	0.026562
130.6	-0.0213338	0.0159436	0.0266333
130.8	-0.0213417	0.0160402	0.0266975
131	-0.0213399	0.0161365	0.0267541
131.2	-0.0213285	0.0162315	0.0268023
131.4	-0.0213078	0.0163238	0.0268419
131.6	-0.0212783	0.0164123	0.0268724
131.8	-0.0212404	0.016496	0.0268937
132	-0.0211948	0.0165739	0.0269057
132.2	-0.0211423	0.0166451	0.0269083
132.4	-0.0210838	0.0167087	0.0269018
132.6	-0.02102	0.0167641	0.0268863
132.8	-0.0209519	0.0168108	0.0268623
133	-0.0208806	0.0168483	0.0268303
133.2	-0.020807	0.0168762	0.0267907
133.4	-0.0207323	0.0168946	0.0267442
133.6	-0.0206574	0.0169032	0.0266917
133.8	-0.0205833	0.0169022	0.0266337
134	-0.020511	0.0168919	0.0265714
134.2	-0.0204414	0.0168726	0.0265054
134.4	-0.0203754	0.0168448	0.0264368
134.6	-0.0203138	0.0168089	0.0263665
134.8	-0.0202573	0.0167657	0.0262954
135	-0.0202065	0.0167159	0.0262244
135.2	-0.020162	0.0166601	0.0261546
135.4	-0.0201241	0.0165994	0.0260868
135.6	-0.0200934	0.0165344	0.0260218
135.8	-0.02007	0.0164662	0.0259604
136	-0.0200541	0.0163957	0.0259034
136.2	-0.0200458	0.0163236	0.0258514
136.4	-0.020045	0.0162511	0.025805
136.6	-0.0200517	0.0161788	0.0257648
136.8	-0.0200656	0.0161078	0.0257311
137	-0.0200865	0.0160387	0.0257043
137.2	-0.0201141	0.0159725	0.0256846
137.4	-0.020148	0.0159098	0.0256723
137.6	-0.0201877	0.0158514	0.0256673
137.8	-0.0202328	0.0157978	0.0256697
138	-0.0202825	0.0157496	0.0256794
138.2	-0.0203365	0.0157073	0.0256961
138.4	-0.0203939	0.0156713	0.0257197
138.6	-0.0204542	0.015642	0.0257497
138.8	-0.0205166	0.0156196	0.0257857
139	-0.0205805	0.0156044	0.0258274
139.2	-0.020645	0.0155964	0.025874
139.4	-0.0207096	0.0155957	0.0259252
139.6	-0.0207735	0.0156022	0.0259801
139.8	-0.020836	0.0156158	0.0260383
140	-0.0208964	0.0156363	0.0260989
140.2	-0.0209541	0.0156634	0.0261613
140.4	-0.0210084	0.0156967	0.0262248
140.6	-0.0210588	0.0157359	0.0262886
140.8	-0.0211048	0.0157803	0.0263521
141	-0.0211459	0.0158295	0.0264145
141.2	-0.0211817	0.0158828	0.0264751
141.4	-0.0212119	0.0159396	0.0265333
141.6	-0.0212362	0.0159992	0.0265885
141.8	-0.0212544	0.0160608	0.0266401
142	-0.0212664	0.0161236	0.0266876
142.2	-0.0212721	0.0161871	0.0267305
142.4	-0.0212716	0.0162502	0.0267685
142.6	-0.021265	0.0163124	0.026801
142.8	-0.0212526	0.0163728	0.026828
143	-0.0212345	0.0164308	0.0268491
143.2	-0.0212111	0.0164856	0.0268642
143.4	-0.0211829	0.0165367	0.0268734
143.6	-0.0211502	0.0165835	0.0268765
143.8	-0.0211137	0.0166255	0.0268737
144	-0.0210738	0.0166622	0.0268651
144.2	-0.0210311	0.0166933	0.026851
144.4	-0.0209864	0.0167186	0.0268317
144.6	-0.0209401	0.0167377	0.0268075
144.8	-0.0208931	0.0167506	0.0267788
145	-0.0208458	0.0167573	0.0267461
145.2	-0.020799	0.0167577	0.0267099
145.4	-0.0207533	0.0167521	0.0266708
145.6	-0.0207092	0.0167406	0.0266293
145.8	-0.0206674	0.0167235	0.0265861
146	-0.0206284	0.0167012	0.0265417
146.2	-0.0205926	0.016674	0.0264967
146.4	-0.0205604	0.0166424	0.0264519
146.6	-0.0205323	0.0166069	0.0264077
146.8	-0.0205086	0.016568	0.0263648
147	-0.0204894	0.0165264	0.0263237
147.2	-0.020475	0.0164825	0.0262849
147.4	-0.0204655	0.016437	0.026249
147.6	-0.020461	0.0163905	0.0262164
147.8	-0.0204615	0.0163436	0.0261875
148	-0.0204668	0.0162969	0.0261626
148.2	-0.020477	0.016251	0.0261419
148.4	-0.0204917	0.0162064	0.0261258
148.6	-0.0205109	0.0161637	0.0261144
148.8	-0.0205341	0.0161234	0.0261078
149	-0.0205612	0.016086	0.026106
149.2	-0.0205918	0.0160518	0.026109
149.4	-0.0206254	0.0160212	0.0261168
149.6	-0.0206617	0.0159945	0.0261291
149.8	-0.0207002	0.0159721	0.0261459
150	-0.0207405	0.0159541	0.0261668
150.2	-0.0207821	0.0159407	0.0261916
150.4	-0.0208245	0.015932	0.02622
150.6	-0.0208673	0.0159281	0.0262517
150.8	-0.02091	0.0159289	0.0262861
151	-0.0209521	0.0159345	0.026323
151.2	-0.0209932	0.0159446	0.0263618
151.4	-0.0210328	0.0159592	0.0264021
151.6	-0.0210705	0.0159779	0.0264436
151.8	-0.021106	0.0160007	0.0264856
152	-0.0211389	0.0160271	0.0265277
152.2	-0.0211689	0.0160568	0.0265696
152.4	-0.0211956	0.0160895	0.0266106
152.6	-0.0212189	0.0161247	0.0266505
152.8	-0.0212386	0.016162	0.0266887
153	-0.0212545	0.016201	0.026725
153.2	-0.0212665	0.0162411	0.0267589
153.4	-0.0212745	0.016282	0.0267901
153.6	-0.0212786	0.0163231	0.0268183
153.8	-0.0212787	0.016364	0.0268433
154	-0.0212751	0.0164041	0.0268649
154.2	-0.0212677	0.0164431	0.0268829
154.4	-0.0212568	0.0164804	0.0268972
154.6	-0.0212426	0.0165158	0.0269076
154.8	-0.0212254	0.0165487	0.0269143
155	-0.0212054	0.0165788	0.0269171
155.2	-0.021183	0.0166059	0.0269161
155.4	-0.0211586	0.0166297	0.0269116
155.6	-0.0211324	0.0166499	0.0269035
155.8	-0.0211049	0.0166664	0.0268921
156	-0.0210764	0.016679	0.0268776
156.2	-0.0210475	0.0166876	0.0268603
156.4	-0.0210184	0.0166923	0.0268404
156.6	-0.0209896	0.0166931	0.0268184
156.8	-0.0209615	0.0166901	0.0267945
157	-0.0209345	0.0166833	0.0267691
157.2	-0.0209088	0.0166729	0.0267426
157.4	-0.0208849	0.0166592	0.0267153
157.6	-0.020863	0.0166424	0.0266877
157.8	-0.0208435	0.0166228	0.0266602
158	-0.0208265	0.0166006	0.0266331
158.2	-0.0208122	0.0165764	0.0266068
158.4	-0.0208009	0.0165503	0.0265817
158.6	-0.0207926	0.0165227	0.0265581
158.8	-0.0207874	0.0164942	0.0265363
159	-0.0207854	0.016465	0.0265166
159.2	-0.0207866	0.0164355	0.0264992
159.4	-0.0207909	0.0164062	0.0264845
159.6	-0.0207983	0.0163774	0.0264724
159.8	-0.0208086	0.0163494	0.0264633
160	-0.0208218	0.0163227	0.0264571
160.2	-0.0208376	0.0162975	0.026454
160.4	-0.0208558	0.0162742	0.026454
160.6	-0.0208762	0.016253	0.0264571
160.8	-0.0208986	0.0162341	0.0264631
161	-0.0209226	0.0162178	0.0264721
161.2	-0.0209481	0.0162043	0.026484
161.4	-0.0209746	0.0161936	0.0264984
161.6	-0.0210019	0.0161859	0.0265153
161.8	-0.0210297	0.0161812	0.0265345
162	-0.0210577	0.0161796	0.0265557
162.2	-0.0210856	0.016181	0.0265787
162.4	-0.021113	0.0161854	0.0266031
162.6	-0.0211397	0.0161928	0.0266288
162.8	-0.0211655	0.0162029	0.0266554
163	-0.02119	0.0162157	0.0266827
163.2	-0.021213	0.016231	0.0267102
163.4	-0.0212343	0.0162486	0.0267378
163.6	-0.0212537	0.0162683	0.0267652
163.8	-0.021271	0.0162897	0.026792
164	-0.0212861	0.0163127	0.026818
164.2	-0.0212989	0.016337	0.0268429
164.4	-0.0213093	0.0163623	0.0268665
164.6	-0.0213172	0.0163882	0.0268886
164.8	-0.0213226	0.0164145	0.026909
165	-0.0213256	0.0164409	0.0269274
165.2	-0.0213261	0.0164671	0.0269438
165.4	-0.0213242	0.0164928	0.026958
165.6	-0.02132	0.0165177	0.0269699
165.8	-0.0213136	0.0165415	0.0269795
166	-0.0213052	0.016564	0.0269866
166.2	-0.0212949	0.0165849	0.0269914
166.4	-0.021283	0.0166041	0.0269937
166.6	-0.0212695	0.0166214	0.0269938
166.8	-0.0212548	0.0166365	0.0269915
167	-0.021239	0.0166494	0.026987
167.2	-0.0212225	0.01666	0.0269805
167.4	-0.0212054	0.0166681	0.0269721
167.6	-0.0211879	0.0166738	0.0269619
167.8	-0.0211705	0.016677	0.0269502
168	-0.0211532	0.0166777	0.0269371
168.2	-0.0211364	0.0166761	0.0269228
168.4	-0.0211202	0.0166721	0.0269077
168.6	-0.0211049	0.0166659	0.0268918
168.8	-0.0210908	0.0166576	0.0268755
169	-0.0210779	0.0166474	0.0268591
169.2	-0.0210664	0.0166354	0.0268427
169.4	-0.0210565	0.0166218	0.0268265
169.6	-0.0210484	0.016607	0.0268109
169.8	-0.0210421	0.0165909	0.0267961
170	-0.0210377	0.0165741	0.0267822
170.2	-0.0210353	0.0165565	0.0267694
170.4	-0.0210348	0.0165386	0.026758
170.6	-0.0210364	0.0165205	0.026748
170.8	-0.0210399	0.0165026	0.0267397
171	-0.0210453	0.0164849	0.0267331
171.2	-0.0210525	0.0164678	0.0267282
171.4	-0.0210616	0.0164515	0.0267253
171.6	-0.0210722	0.0164362	0.0267243
171.8	-0.0210844	0.0164221	0.0267252
172	-0.021098	0.0164093	0.0267281
172.2	-0.0211127	0.016398	0.0267328
172.4	-0.0211285	0.0163884	0.0267394
172.6	-0.0211452	0.0163805	0.0267477
172.8	-0.0211625	0.0163744	0.0267577
173	-0.0211803	0.0163702	0.0267692
173.2	-0.0211984	0.0163679	0.026782
173.4	-0.0212165	0.0163675	0.0267962
173.6	-0.0212346	0.016369	0.0268114
173.8	-0.0212523	0.0163725	0.0268276
174	-0.0212696	0.0163777	0.0268445
174.2	-0.0212862	0.0163847	0.0268619
174.4	-0.021302	0.0163934	0.0268797
174.6	-0.0213169	0.0164036	0.0268977
174.8	-0.0213306	0.0164152	0.0269157
175	-0.0213432	0.0164281	0.0269335
175.2	-0.0213544	0.0164421	0.0269509
175.4	-0.0213642	0.016457	0.0269678
175.6	-0.0213726	0.0164727	0.026984
175.8	-0.0213794	0.016489	0.0269993
176	-0.0213847	0.0165056	0.0270137
176.2	-0.0213884	0.0165224	0.027027
176.4	-0.0213906	0.0165393	0.027039
176.6	-0.0213913	0.016556	0.0270497
176.8	-0.0213905	0.0165723	0.0270591
177	-0.0213883	0.0165881	0.027067
177.2	-0.0213847	0.0166032	0.0270734
177.4	-0.0213799	0.0166174	0.0270784
177.6	-0.0213739	0.0166307	0.0270818
177.8	-0.0213669	0.0166428	0.0270837
178	-0.021359	0.0166537	0.0270842
178.2	-0.0213504	0.0166633	0.0270833
178.4	-0.0213411	0.0166715	0.027081
178.6	-0.0213314	0.0166782	0.0270775
178.8	-0.0213213	0.0166834	0.0270728
179	-0.0213111	0.0166871	0.027067
179.2	-0.0213008	0.0166893	0.0270602
179.4	-0.0212907	0.0166899	0.0270527
179.6	-0.0212809	0.016689	0.0270444
179.8	-0.0212715	0.0166868	0.0270357
180	-0.0212627	0.0166831	0.0270265
180.2	-0.0212546	0.0166782	0.027017
180.4	-0.0212473	0.0166721	0.0270075
180.6	-0.0212408	0.0166649	0.026998
180.8	-0.0212354	0.0166568	0.0269887
181	-0.021231	0.0166478	0.0269797
181.2	-0.0212278	0.0166382	0.0269712
181.4	-0.0212257	0.016628	0.0269634
181.6	-0.0212249	0.0166174	0.0269562
181.8	-0.0212253	0.0166067	0.0269499
182	-0.0212269	0.0165958	0.0269444
182.2	-0.0212297	0.016585	0.02694
182.4	-0.0212337	0.0165745	0.0269367
182.6	-0.0212389	0.0165643	0.0269345
182.8	-0.0212451	0.0165546	0.0269334
183	-0.0212524	0.0165455	0.0269335
183.2	-0.0212605	0.0165372	0.0269349
183.4	-0.0212695	0.0165297	0.0269374
183.6	-0.0212793	0.0165231	0.0269411
183.8	-0.0212896	0.0165176	0.0269459
184	-0.0213005	0.0165132	0.0269517
184.2	-0.0213118	0.0165099	0.0269586
184.4	-0.0213233	0.0165078	0.0269665
184.6	-0.021335	0.0165068	0.0269752
184.8	-0.0213468	0.0165071	0.0269846
185	-0.0213584	0.0165085	0.0269947
185.2	-0.0213699	0.0165112	0.0270054
185.4	-0.021381	0.0165149	0.0270165
185.6	-0.0213917	0.0165198	0.0270279
185.8	-0.0214019	0.0165256	0.0270396
186	-0.0214115	0.0165324	0.0270513
186.2	-0.0214204	0.01654	0.027063
186.4	-0.0214285	0.0165485	0.0270746
186.6	-0.0214358	0.0165575	0.0270859
186.8	-0.0214423	0.0165672	0.0270969
187	-0.0214478	0.0165773	0.0271074
187.2	-0.0214523	0.0165877	0.0271174
187.4	-0.0214559	0.0165983	0.0271268
187.6	-0.0214586	0.0166091	0.0271354
187.8	-0.0214602	0.0166198	0.0271433
188	-0.021461	0.0166304	0.0271504
188.2	-0.0214608	0.0166407	0.0271566
188.4	-0.0214598	0.0166507	0.0271619
188.6	-0.0214579	0.0166603	0.0271663
188.8	-0.0214553	0.0166693	0.0271697
189	-0.021452	0.0166776	0.0271722
189.2	-0.021448	0.0166853	0.0271739
189.4	-0.0214436	0.0166922	0.0271746
189.6	-0.0214386	0.0166983	0.0271744
189.8	-0.0214333	0.0167035	0.0271734
190	-0.0214278	0.0167078	0.0271717
190.2	-0.021422	0.0167111	0.0271692
190.4	-0.0214162	0.0167136	0.0271661
190.6	-0.0214104	0.016715	0.0271624
190.8	-0.0214046	0.0167156	0.0271582
191	-0.0213991	0.0167152	0.0271536
191.2	-0.0213938	0.016714	0.0271487
191.4	-0.0213889	0.0167119	0.0271436
191.6	-0.0213844	0.016709	0.0271383
191.8	-0.0213804	0.0167055	0.0271329
192	-0.021377	0.0167013	0.0271276
192.2	-0.0213742	0.0166965	0.0271225
192.4	-0.0213721	0.0166912	0.0271175
192.6	-0.0213706	0.0166855	0.0271129
192.8	-0.0213699	0.0166795	0.0271087
193	-0.0213699	0.0166733	0.0271048
193.2	-0.0213707	0.0166669	0.0271015
193.4	-0.0213722	0.0166605	0.0270988
193.6	-0.0213745	0.0166542	0.0270967
193.8	-0.0213775	0.016648	0.0270953
194	-0.0213812	0.0166421	0.0270945
194.2	-0.0213855	0.0166364	0.0270945
194.4	-0.0213905	0.0166312	0.0270952
194.6	-0.021396	0.0166264	0.0270966
194.8	-0.021402	0.0166222	0.0270987
195	-0.0214084	0.0166185	0.0271016
195.2	-0.0214152	0.0166155	0.0271051
195.4	-0.0214224	0.0166131	0.0271093
195.6	-0.0214297	0.0166115	0.0271141
195.8	-0.0214373	0.0166106	0.0271195
196	-0.0214449	0.0166104	0.0271254
196.2	-0.0214525	0.0166109	0.0271317
196.4	-0.02146	0.0166122	0.0271385
196.6	-0.0214674	0.0166142	0.0271456
196.8	-0.0214746	0.0166169	0.0271529
197	-0.0214816	0.0166202	0.0271604
197.2	-0.0214882	0.0166241	0.027168
197.4	-0.0214944	0.0166287	0.0271757
197.6	-0.0215002	0.0166337	0.0271834
197.8	-0.0215055	0.0166392	0.027191
198	-0.0215103	0.0166451	0.0271984
198.2	-0.0215145	0.0166513	0.0272055
198.4	-0.0215182	0.0166578	0.0272124
198.6	-0.0215213	0.0166645	0.0272189
198.8	-0.0215238	0.0166713	0.0272251
199	-0.0215257	0.0166782	0.0272308
199.2	-0.021527	0.016685	0.027236
199.4	-0.0215277	0.0166917	0.0272407
199.6	-0.0215279	0.0166983	0.0272449
199.8	-0.0215276	0.0167046	0.0272485
200	-0.0215267	0.0167107	0.0272515
200.2	-0.0215254	0.0167164	0.027254
200.4	-0.0215237	0.0167217	0.0272559
200.6	-0.0215216	0.0167266	0.0272573
200.8	-0.0215192	0.0167309	0.027258
201	-0.0215165	0.0167348	0.0272583
201.2	-0.0215136	0.0167381	0.027258
201.4	-0.0215106	0.0167409	0.0272573
201.6	-0.0215074	0.0167431	0.0272562
201.8	-0.0215042	0.0167447	0.0272547
202	-0.021501	0.0167458	0.0272528
202.2	-0.0214979	0.0167462	0.0272506
202.4	-0.0214949	0.0167462	0.0272482
202.6	-0.0214921	0.0167456	0.0272456
202.8	-0.0214895	0.0167444	0.0272429
203	-0.0214871	0.0167429	0.0272401
203.2	-0.0214851	0.0167408	0.0272372
203.4	-0.0214835	0.0167384	0.0272344
203.6	-0.0214822	0.0167357	0.0272317
203.8	-0.0214813	0.0167326	0.0272292
204	-0.0214808	0.0167294	0.0272268
204.2	-0.0214808	0.0167259	0.0272246
204.4	-0.0214813	0.0167223	0.0272228
204.6	-0.0214821	0.0167187	0.0272212
204.8	-0.0214835	0.016715	0.0272201
205	-0.0214853	0.0167114	0.0272193
205.2	-0.0214875	0.0167078	0.0272189
205.4	-0.0214902	0.0167045	0.0272189
205.6	-0.0214932	0.0167013	0.0272193
205.8	-0.0214966	0.0166984	0.0272202
206	-0.0215004	0.0166957	0.0272216
206.2	-0.0215044	0.0166934	0.0272233
206.4	-0.0215087	0.0166915	0.0272256
206.6	-0.0215133	0.0166899	0.0272282
206.8	-0.021518	0.0166887	0.0272312
207	-0.0215228	0.016688	0.0272346
207.2	-0.0215278	0.0166878	0.0272383
207.4	-0.0215327	0.0166879	0.0272423
207.6	-0.0215377	0.0166885	0.0272466
207.8	-0.0215426	0.0166896	0.0272512
208	-0.0215474	0.0166911	0.0272559
208.2	-0.0215521	0.016693	0.0272608
208.4	-0.0215567	0.0166953	0.0272658
208.6	-0.021561	0.016698	0.0272709
208.8	-0.021565	0.0167011	0.0272759
209	-0.0215688	0.0167044	0.027281
209.2	-0.0215723	0.016708	0.027286
209.4	-0.0215755	0.0167119	0.0272908
209.6	-0.0215784	0.0167159	0.0272956
209.8	-0.0215809	0.0167201	0.0273001
210	-0.021583	0.0167244	0.0273044
210.2	-0.0215848	0.0167288	0.0273085
210.4	-0.0215862	0.0167331	0.0273123
210.6	-0.0215873	0.0167375	0.0273158
210.8	-0.021588	0.0167418	0.027319
211	-0.0215883	0.016746	0.0273219
211.2	-0.0215884	0.01675	0.0273244
211.4	-0.0215881	0.0167539	0.0273265
211.6	-0.0215876	0.0167575	0.0273283
211.8	-0.0215868	0.0167609	0.0273298
212	-0.0215858	0.016764	0.0273309
212.2	-0.0215846	0.0167668	0.0273317
212.4	-0.0215832	0.0167693	0.0273322
212.6	-0.0215818	0.0167715	0.0273323
212.8	-0.0215802	0.0167733	0.0273322
213	-0.0215785	0.0167748	0.0273318
213.2	-0.0215769	0.0167759	0.0273312
213.4	-0.0215752	0.0167767	0.0273304
213.6	-0.0215736	0.0167771	0.0273294
213.8	-0.0215721	0.0167772	0.0273282
214	-0.0215707	0.0167769	0.027327
214.2	-0.0215695	0.0167764	0.0273256
214.4	-0.0215684	0.0167756	0.0273243
214.6	-0.0215675	0.0167745	0.0273229
214.8	-0.0215668	0.0167732	0.0273215
215	-0.0215663	0.0167717	0.0273202
215.2	-0.0215661	0.01677	0.027319
215.4	-0.0215662	0.0167682	0.027318
215.6	-0.0215665	0.0167662	0.027317
215.8	-0.0215671	0.0167642	0.0273163
216	-0.021568	0.0167622	0.0273157
216.2	-0.0215691	0.0167601	0.0273154
216.4	-0.0215705	0.0167581	0.0273153
216.6	-0.0215722	0.0167562	0.0273154
216.8	-0.0215742	0.0167543	0.0273158
217	-0.0215763	0.0167526	0.0273164
217.2	-0.0215787	0.016751	0.0273173
217.4	-0.0215813	0.0167496	0.0273185
217.6	-0.021584	0.0167484	0.02732
217.8	-0.021587	0.0167475	0.0273217
218	-0.02159	0.0167468	0.0273236
218.2	-0.0215931	0.0167463	0.0273258
218.4	-0.0215964	0.0167461	0.0273283
218.6	-0.0215996	0.0167461	0.0273309
218.8	-0.0216029	0.0167464	0.0273337
219	-0.0216062	0.016747	0.0273366
219.2	-0.0216094	0.0167479	0.0273397
219.4	-0.0216126	0.016749	0.0273429
219.6	-0.0216157	0.0167504	0.0273462
219.8	-0.0216187	0.016752	0.0273496
220	-0.0216216	0.0167539	0.027353
220.2	-0.0216243	0.0167559	0.0273563
220.4	-0.0216268	0.0167582	0.0273597
220.6	-0.0216291	0.0167605	0.027363
220.8	-0.0216313	0.0167631	0.0273663
221	-0.0216333	0.0167657	0.0273695
221.2	-0.021635	0.0167684	0.0273725
221.4	-0.0216365	0.0167712	0.0273754
221.6	-0.0216378	0.0167741	0.0273782
221.8	-0.0216389	0.0167769	0.0273807
222	-0.0216397	0.0167797	0.0273831
222.2	-0.0216404	0.0167825	0.0273853
222.4	-0.0216408	0.0167852	0.0273873
222.6	-0.021641	0.0167878	0.0273891
222.8	-0.0216411	0.0167902	0.0273907
223	-0.021641	0.0167926	0.027392
223.2	-0.0216407	0.0167948	0.0273932
223.4	-0.0216404	0.0167968	0.0273941
223.6	-0.0216398	0.0167986	0.0273948
223.8	-0.0216392	0.0168003	0.0273954
224	-0.0216386	0.0168017	0.0273957
224.2	-0.0216379	0.0168029	0.0273959
224.4	-0.0216371	0.0168039	0.0273959
224.6	-0.0216363	0.0168047	0.0273958
224.8	-0.0216356	0.0168053	0.0273956
225	-0.0216349	0.0168057	0.0273952
225.2	-0.0216342	0.0168059	0.0273948
225.4	-0.0216336	0.0168058	0.0273943
225.6	-0.0216331	0.0168056	0.0273938
225.8	-0.0216327	0.0168052	0.0273932
226	-0.0216324	0.0168047	0.0273927
226.2	-0.0216322	0.016804	0.0273921
226.4	-0.0216322	0.0168033	0.0273916
226.6	-0.0216323	0.0168024	0.0273912
226.8	-0.0216326	0.0168014	0.0273908
227	-0.0216331	0.0168004	0.0273905
227.2	-0.0216337	0.0167993	0.0273904
227.4	-0.0216345	0.0167982	0.0273903
227.6	-0.0216354	0.0167971	0.0273904
227.8	-0.0216365	0.0167961	0.0273906
228	-0.0216378	0.016795	0.027391
228.2	-0.0216392	0.0167941	0.0273915
228.4	-0.0216408	0.0167932	0.0273922
228.6	-0.0216425	0.0167924	0.0273931
228.8	-0.0216443	0.0167917	0.0273941
229	-0.0216462	0.0167912	0.0273953
229.2	-0.0216482	0.0167908	0.0273966
229.4	-0.0216502	0.0167905	0.0273981
229.6	-0.0216524	0.0167904	0.0273997
229.8	-0.0216545	0.0167904	0.0274014
230	-0.0216567	0.0167906	0.0274033
230.2	-0.0216589	0.016791	0.0274052
230.4	-0.0216611	0.0167915	0.0274073
230.6	-0.0216633	0.0167922	0.0274094
230.8	-0.0216654	0.0167931	0.0274116
231	-0.0216675	0.0167941	0.0274139
231.2	-0.0216695	0.0167952	0.0274162
231.4	-0.0216714	0.0167965	0.0274185
231.6	-0.0216733	0.0167979	0.0274208
231.8	-0.021675	0.0167994	0.0274231
232	-0.0216766	0.016801	0.0274253
232.2	-0.0216781	0.0168027	0.0274275
232.4	-0.0216795	0.0168044	0.0274297
232.6	-0.0216807	0.0168062	0.0274318
232.8	-0.0216818	0.016808	0.0274337
233	-0.0216828	0.0168099	0.0274356
233.2	-0.0216836	0.0168117	0.0274374
233.4	-0.0216843	0.0168136	0.0274391
233.6	-0.0216848	0.0168154	0.0274406
233.8	-0.0216853	0.0168171	0.0274421
234	-0.0216856	0.0168188	0.0274434
234.2	-0.0216858	0.0168204	0.0274445
234.4	-0.0216859	0.0168219	0.0274455
234.6	-0.021686	0.0168234	0.0274465
234.8	-0.0216859	0.0168247	0.0274472
235	-0.0216858	0.0168259	0.0274479
235.2	-0.0216856	0.016827	0.0274484
235.4	-0.0216854	0.016828	0.0274488
235.6	-0.0216852	0.0168289	0.0274492
235.8	-0.0216849	0.0168296	0.0274494
236	-0.0216846	0.0168301	0.0274495
236.2	-0.0216844	0.0168306	0.0274496
236.4	-0.0216841	0.0168309	0.0274496
236.6	-0.0216839	0.0168311	0.0274496
236.8	-0.0216837	0.0168312	0.0274495
237	-0.0216836	0.0168312	0.0274494
237.2	-0.0216836	0.0168311	0.0274493
237.4	-0.0216836	0.0168309	0.0274492
237.6	-0.0216837	0.0168306	0.0274491
237.8	-0.0216839	0.0168302	0.027449
238	-0.0216842	0.0168298	0.027449
238.2	-0.0216846	0.0168293	0.027449
238.4	-0.021685	0.0168288	0.027449
238.6	-0.0216856	0.0168283	0.0274492
238.8	-0.0216863	0.0168277	0.0274494
239	-0.0216871	0.0168272	0.0274497
239.2	-0.0216879	0.0168267	0.02745
239.4	-0.0216889	0.0168262	0.0274505
239.6	-0.02169	0.0168257	0.027451
239.8	-0.0216911	0.0168253	0.0274517
240	-0.0216923	0.016825	0.0274524
240.2	-0.0216936	0.0168247	0.0274533
240.4	-0.0216949	0.0168245	0.0274542
240.6	-0.0216963	0.0168244	0.0274552
240.8	-0.0216977	0.0168243	0.0274563
241	-0.0216992	0.0168244	0.0274575
241.2	-0.0217007	0.0168246	0.0274588
241.4	-0.0217022	0.0168248	0.0274601
241.6	-0.0217037	0.0168252	0.0274615
241.8	-0.0217052	0.0168256	0.027463
242	-0.0217067	0.0168262	0.0274645
242.2	-0.0217081	0.0168268	0.0274661
242.4	-0.0217095	0.0168275	0.0274676
242.6	-0.0217109	0.0168284	0.0274692
242.8	-0.0217122	0.0168293	0.0274708
243	-0.0217135	0.0168302	0.0274724
243.2	-0.0217147	0.0168313	0.027474
243.4	-0.0217158	0.0168323	0.0274755
243.6	-0.0217169	0.0168335	0.027477
243.8	-0.0217178	0.0168346	0.0274785
244	-0.0217187	0.0168358	0.02748
244.2	-0.0217195	0.0168371	0.0274814
244.4	-0.0217203	0.0168383	0.0274827
244.6	-0.0217209	0.0168395	0.0274839
244.8	-0.0217215	0.0168407	0.0274851
245	-0.021722	0.0168419	0.0274862
245.2	-0.0217224	0.016843	0.0274873
245.4	-0.0217227	0.0168442	0.0274882
245.6	-0.021723	0.0168452	0.0274891
245.8	-0.0217232	0.0168463	0.0274899
246	-0.0217234	0.0168472	0.0274906
246.2	-0.0217235	0.0168481	0.0274913
246.4	-0.0217236	0.0168489	0.0274918
246.6	-0.0217236	0.0168497	0.0274923
246.8	-0.0217237	0.0168504	0.0274928
247	-0.0217237	0.016851	0.0274931
247.2	-0.0217237	0.0168515	0.0274935
247.4	-0.0217237	0.0168519	0.0274937
247.6	-0.0217237	0.0168523	0.0274939
247.8	-0.0217237	0.0168526	0.0274941
248	-0.0217237	0.0168528	0.0274943
248.2	-0.0217238	0.0168529	0.0274944
248.4	-0.0217238	0.016853	0.0274945
248.6	-0.021724	0.016853	0.0274946
248.8	-0.0217242	0.016853	0.0274948
249	-0.0217244	0.0168529	0.0274949
249.2	-0.0217247	0.0168527	0.027495
249.4	-0.021725	0.0168526	0.0274952
249.6	-0.0217254	0.0168524	0.0274954
249.8	-0.0217258	0.0168522	0.0274956
