# Time	U	V	U_magnitude
0	-6.49211e-116	3.32261e-115	3.38544e-115
0.2	-1.66655e-08	1.20085e-08	2.05413e-08
0.4	-0.0025594	0.000139419	0.00256319
0.6	-0.0114899	3.66071e-05	0.0114899
0.8	-0.0128394	0.000175473	0.0128406
1	-0.011328	0.000437044	0.0113364
1.2	-0.0085512	0.000842684	0.00859262
1.4	-0.00634881	0.000811063	0.00640041
1.6	-0.00692174	0.000795803	0.00696734
1.8	-0.0116218	0.00104234	0.0116684
2	-0.0143124	0.00157987	0.0143994
2.2	-0.0152221	0.00194191	0.0153455
2.4	-0.0135546	0.00232664	0.0137528
2.6	-0.0101807	0.00242169	0.0104648
2.8	-0.00909345	0.00247686	0.00942473
3	-0.0115386	0.00267025	0.0118436
3.2	-0.0149497	0.00305631	0.0152589
3.4	-0.0170521	0.00371827	0.0174528
3.6	-0.0164516	0.00463043	0.0170908
3.8	-0.013948	0.00508765	0.0148469
4	-0.0125789	0.00501663	0.0135424
4.2	-0.0135233	0.00494797	0.0144001
4.4	-0.0158809	0.00530431	0.0167433
4.6	-0.0182559	0.00630154	0.0193129
4.8	-0.0191548	0.00752151	0.0205786
5	-0.0182406	0.00826907	0.0200274
5.2	-0.0168303	0.00846144	0.0188376
5.4	-0.0164962	0.00843111	0.0185259
5.6	-0.0179106	0.00858721	0.0198628
5.8	-0.0203812	0.00938147	0.0224367
6	-0.0221214	0.010722	0.0245829
6.2	-0.0221394	0.0120219	0.0251928
6.4	-0.0211762	0.0127697	0.0247285
6.6	-0.0206785	0.0128399	0.0243406
6.8	-0.021507	0.0127453	0.0249999
7	-0.0233546	0.0132711	0.0268619
7.2	-0.0251019	0.0146217	0.0290499
7.4	-0.0259373	0.0162841	0.0306254
7.6	-0.0259058	0.0175309	0.0312801
7.8	-0.0256425	0.0179943	0.0313262
8	-0.0259244	0.0180172	0.0315704
8.2	-0.0270947	0.0183387	0.0327174
8.4	-0.0287366	0.0194281	0.0346878
8.6	-0.030078	0.021146	0.0367673
8.8	-0.0306724	0.0228667	0.0382581
9	-0.0307468	0.0239717	0.0389872
9.2	-0.0309747	0.0243928	0.0394264
9.4	-0.0318263	0.0246691	0.0402676
9.6	-0.0331654	0.025479	0.0418225
9.8	-0.0344955	0.0270775	0.0438535
10	-0.0354467	0.0290727	0.0458442
10.2	-0.036021	0.0307681	0.0473729
10.4	-0.0365051	0.0317792	0.0483998
10.6	-0.037195	0.0323359	0.0492857
10.8	-0.0381872	0.0330614	0.0505106
11	-0.0393609	0.0344481	0.0523063
11.2	-0.0404866	0.03645	0.0544773
11.4	-0.0413985	0.03855	0.056568
11.6	-0.0421225	0.0402126	0.0582354
11.8	-0.0428346	0.0413127	0.0595109
12	-0.0436914	0.0422189	0.0607567
12.2	-0.0447041	0.0434742	0.0623575
12.4	-0.045759	0.0453421	0.0644189
12.6	-0.0467455	0.0476101	0.0667223
12.8	-0.0476442	0.0497868	0.0689108
13	-0.0484972	0.0515137	0.0707505
13.2	-0.0493432	0.0528495	0.0723037
13.4	-0.0501993	0.0541958	0.0738726
13.6	-0.0510787	0.0559534	0.0757616
13.8	-0.0519935	0.0582042	0.0780452
14	-0.0529317	0.0606686	0.0805136
14.2	-0.0538505	0.0629619	0.0828498
14.4	-0.0547109	0.064921	0.0849001
14.6	-0.0555158	0.0667349	0.0868076
14.8	-0.0563138	0.0687995	0.0889078
15	-0.0571683	0.0714297	0.0914899
15.2	-0.0581196	0.0746667	0.0946203
15.4	-0.0591629	0.0783246	0.0981581
15.6	-0.0602515	0.0822132	0.101928
15.8	-0.061324	0.0863408	0.105903
16	-0.0623504	0.090935	0.110258
16.2	-0.0633593	0.0962761	0.115254
16.4	-0.0644109	0.102487	0.121047
16.6	-0.0655287	0.109447	0.127565
16.8	-0.0666524	0.11688	0.134549
17	-0.0676614	0.124537	0.141731
17.2	-0.0684543	0.132325	0.148983
17.4	-0.0690116	0.140292	0.156347
17.6	-0.0693871	0.148505	0.163915
17.8	-0.0696408	0.156916	0.171675
18	-0.0697719	0.165333	0.179452
18.2	-0.069707	0.173494	0.186974
18.4	-0.0693482	0.181185	0.194003
18.6	-0.0686425	0.188312	0.200432
18.8	-0.0676201	0.194878	0.206277
19	-0.0663699	0.200903	0.211582
19.2	-0.0649702	0.206335	0.216322
19.4	-0.0634306	0.211035	0.220361
19.6	-0.0616957	0.214836	0.223519
19.8	-0.0597103	0.217636	0.225679
20	-0.057488	0.219454	0.226859
20.2	-0.0551222	0.220407	0.227195
20.4	-0.0527294	0.220636	0.226849
20.6	-0.0503766	0.220237	0.225925
20.8	-0.0480543	0.219255	0.224459
21	-0.045714	0.217728	0.222475
21.2	-0.0433316	0.21575	0.220058
21.4	-0.0409423	0.213487	0.217377
21.6	-0.0386209	0.211141	0.214645
21.8	-0.0364271	0.208889	0.212042
22	-0.0343602	0.206831	0.209665
22.2	-0.0323612	0.204986	0.207524
22.4	-0.0303576	0.203336	0.205589
22.6	-0.028317	0.201871	0.203848
22.8	-0.0262636	0.200618	0.202329
23	-0.024248	0.199615	0.201082
23.2	-0.0222962	0.198881	0.200127
23.4	-0.0203838	0.198376	0.199421
23.6	-0.0184542	0.198014	0.198872
23.8	-0.0164648	0.197698	0.198383
24	-0.0144179	0.197369	0.197894
24.2	-0.0123552	0.197017	0.197404
24.4	-0.0103219	0.196668	0.196939
24.6	-0.0083319	0.196332	0.196509
24.8	-0.00636133	0.195982	0.196085
25	-0.00437266	0.195559	0.195607
25.2	-0.00234833	0.195004	0.195018
25.4	-0.000306876	0.194301	0.194301
25.6	0.00171039	0.193477	0.193484
25.8	0.00367107	0.192576	0.192611
26	0.00557365	0.191624	0.191705
26.2	0.00744477	0.190609	0.190754
26.4	0.00931283	0.189491	0.18972
26.6	0.0111835	0.188242	0.188573
26.8	0.0130346	0.186864	0.187318
27	0.0148338	0.185395	0.185988
27.2	0.0165641	0.183878	0.184622
27.4	0.0182333	0.182327	0.183236
27.6	0.0198659	0.180727	0.181815
27.8	0.0214802	0.179045	0.180329
28	0.0230745	0.177264	0.178759
28.2	0.024627	0.175395	0.177116
28.4	0.0261145	0.173475	0.17543
28.6	0.027528	0.171534	0.173729
28.8	0.0288795	0.169577	0.172019
29	0.0301897	0.167583	0.17028
29.2	0.0314701	0.165523	0.168488
29.4	0.0327147	0.163391	0.166634
29.6	0.0339037	0.161203	0.164729
29.8	0.0350191	0.158989	0.1628
30	0.0360593	0.15677	0.160864
30.2	0.0370367	0.15454	0.158916
30.4	0.0379673	0.152276	0.156938
30.6	0.0388577	0.14996	0.154912
30.8	0.0396988	0.147592	0.152837
31	0.0404735	0.145192	0.150728
31.2	0.0411696	0.142786	0.148603
31.4	0.0417893	0.140383	0.14647
31.6	0.0423458	0.137971	0.144323
31.8	0.0428518	0.135531	0.142144
32	0.0433096	0.133053	0.139925
32.2	0.0437089	0.130546	0.137669
32.4	0.0440353	0.128029	0.13539
32.6	0.0442818	0.125521	0.133103
32.8	0.0444541	0.123022	0.130807
33	0.0445653	0.12052	0.128496
33.2	0.0446252	0.118001	0.126157
33.4	0.0446329	0.115462	0.123788
33.6	0.0445779	0.112917	0.121398
33.8	0.0444494	0.110384	0.118997
34	0.0442452	0.107872	0.116593
34.2	0.0439738	0.105377	0.114184
34.4	0.0436477	0.102887	0.111763
34.6	0.0432734	0.100395	0.109324
34.8	0.0428477	0.0979045	0.10687
35	0.0423609	0.0954295	0.104409
35.2	0.0418057	0.0929829	0.101949
35.4	0.0411845	0.090568	0.0994923
35.6	0.0405076	0.0881778	0.097037
35.8	0.0397859	0.0858029	0.0945783
36	0.0390228	0.0834412	0.0921152
36.2	0.0382129	0.0811003	0.089652
36.4	0.037348	0.0787924	0.0871958
36.6	0.0364252	0.0765246	0.0847515
36.8	0.0354504	0.0742956	0.0823199
37	0.0344342	0.0720977	0.0798986
37.2	0.0333847	0.0699253	0.0774861
37.4	0.0323022	0.0677803	0.075084
37.6	0.0311804	0.065671	0.0726973
37.8	0.0300135	0.0636059	0.0703316
38	0.0288025	0.0615876	0.0679898
38.2	0.0275554	0.0596118	0.0656724
38.4	0.0262818	0.0576724	0.0633785
38.6	0.0249865	0.055767	0.0611088
38.8	0.0236669	0.0538997	0.0588668
39	0.0223171	0.0520777	0.0566581
39.2	0.0209343	0.0503056	0.0544876
39.4	0.0195227	0.0485825	0.0523583
39.6	0.0180908	0.0469036	0.0502715
39.8	0.016646	0.0452647	0.0482284
40	0.0151895	0.0436662	0.0462327
40.2	0.0137172	0.0421126	0.0442904
40.4	0.0122247	0.0406089	0.042409
40.6	0.0107123	0.0391565	0.0405954
40.8	0.00918625	0.0377527	0.0388542
41	0.00765406	0.0363935	0.0371896
41.2	0.00611999	0.0350766	0.0356065
41.4	0.00458264	0.0338042	0.0341134
41.6	0.00303765	0.0325797	0.032721
41.8	0.00148322	0.0314062	0.0314412
42	-7.80733e-05	0.0302828	0.0302829
42.2	-0.00163934	0.0292066	0.0292526
42.4	-0.00319552	0.0281746	0.0283552
42.6	-0.00474566	0.0271865	0.0275976
42.8	-0.00629281	0.0262445	0.0269884
43	-0.00784045	0.0253512	0.026536
43.2	-0.00938834	0.0245076	0.0262443
43.4	-0.0109327	0.0237119	0.0261109
43.6	-0.012468	0.0229616	0.0261283
43.8	-0.0139919	0.0222548	0.0262878
44	-0.015505	0.0215922	0.0265825
44.2	-0.0170107	0.0209757	0.0270064
44.4	-0.0185105	0.0204067	0.0275513
44.6	-0.0200026	0.0198849	0.0282049
44.8	-0.021483	0.0194083	0.0289518
45	-0.0229479	0.0189748	0.0297767
45.2	-0.0243966	0.0185837	0.0306684
45.4	-0.025831	0.018236	0.0316195
45.6	-0.0272534	0.0179329	0.0326242
45.8	-0.0286636	0.0176749	0.033675
46	-0.0300589	0.0174609	0.0347623
46.2	-0.0314356	0.0172892	0.0358763
46.4	-0.0327917	0.0171583	0.0370095
46.6	-0.0341279	0.0170683	0.0381581
46.8	-0.0354459	0.0170197	0.0393203
47	-0.0367466	0.0170133	0.0404941
47.2	-0.0380285	0.0170489	0.0416753
47.4	-0.0392886	0.0171252	0.0428587
47.6	-0.0405241	0.0172407	0.0440392
47.8	-0.0417346	0.0173945	0.0452145
48	-0.0429209	0.0175867	0.0463842
48.2	-0.0440841	0.0178179	0.0475487
48.4	-0.0452236	0.0180881	0.0487068
48.6	-0.0463373	0.0183967	0.0498556
48.8	-0.0474223	0.0187421	0.0509915
49	-0.0484771	0.0191229	0.0521125
49.2	-0.0495019	0.0195387	0.0532184
49.4	-0.0504976	0.0199896	0.0543101
49.6	-0.0514641	0.0204759	0.0553878
49.8	-0.0523999	0.0209972	0.0564503
50	-0.0533026	0.0215521	0.0574949
50.2	-0.0541706	0.0221391	0.05852
50.4	-0.055003	0.0227575	0.0595251
50.6	-0.0558001	0.0234067	0.0605105
50.8	-0.0565618	0.0240864	0.0614768
51	-0.0572878	0.0247961	0.0624238
51.2	-0.0579762	0.0255353	0.0633505
51.4	-0.0586249	0.0263025	0.064255
51.6	-0.0592328	0.027096	0.0651361
51.8	-0.0597996	0.0279147	0.0659941
52	-0.0603254	0.0287581	0.0668295
52.2	-0.0608099	0.0296255	0.0676426
52.4	-0.0612519	0.0305161	0.0684327
52.6	-0.0616498	0.0314285	0.0691986
52.8	-0.062002	0.0323609	0.0699391
53	-0.062308	0.0333115	0.0706537
53.2	-0.0625676	0.034279	0.0713426
53.4	-0.0627808	0.0352625	0.0720061
53.6	-0.062947	0.0362609	0.0726441
53.8	-0.0630648	0.0372726	0.0732558
54	-0.0631331	0.0382956	0.0738399
54.2	-0.063151	0.0393277	0.0743957
54.4	-0.0631184	0.040367	0.0749228
54.6	-0.0630353	0.041412	0.0754215
54.8	-0.0629016	0.0424612	0.0758918
55	-0.0627167	0.0435128	0.0763332
55.2	-0.0624797	0.0445647	0.0767446
55.4	-0.0621901	0.0456145	0.0771252
55.6	-0.0618477	0.0466596	0.0774743
55.8	-0.0614528	0.0476981	0.0777918
56	-0.0610058	0.0487281	0.0780777
56.2	-0.0605067	0.0497477	0.0783319
56.4	-0.0599553	0.0507546	0.0785536
56.6	-0.0593516	0.0517463	0.0787419
56.8	-0.0586956	0.0527202	0.0788961
57	-0.057988	0.0536737	0.0790156
57.2	-0.0572296	0.0546048	0.0791006
57.4	-0.0564212	0.0555115	0.079151
57.6	-0.0555633	0.0563916	0.0791662
57.8	-0.0546565	0.0572425	0.0791457
58	-0.0537014	0.0580616	0.0790885
58.2	-0.0526992	0.0588464	0.0789943
58.4	-0.051651	0.0595946	0.0788628
58.6	-0.0505585	0.0603042	0.0786941
58.8	-0.049423	0.0609733	0.078488
59	-0.0482457	0.0615994	0.0782441
59.2	-0.047028	0.0621803	0.0779616
59.4	-0.0457715	0.0627134	0.0776402
59.6	-0.0444781	0.0631969	0.0772796
59.8	-0.04315	0.0636286	0.0768799
60	-0.0417893	0.0640071	0.0764411
60.2	-0.0403981	0.0643303	0.0759631
60.4	-0.0389785	0.0645964	0.0754455
60.6	-0.0375328	0.0648034	0.0748879
60.8	-0.0360634	0.0649496	0.0742901
61	-0.0345732	0.0650334	0.0736522
61.2	-0.033065	0.0650537	0.0729745
61.4	-0.0315417	0.0650092	0.072257
61.6	-0.0300061	0.0648988	0.0714998
61.8	-0.0284611	0.064721	0.0707025
62	-0.0269098	0.0644748	0.0698651
62.2	-0.0253554	0.0641593	0.0689878
62.4	-0.0238014	0.0637741	0.0680708
62.6	-0.0222513	0.0633186	0.0671146
62.8	-0.0207085	0.0627925	0.0661191
63	-0.0191764	0.0621954	0.0650846
63.2	-0.0176585	0.0615271	0.064011
63.4	-0.0161585	0.0607877	0.0628987
63.6	-0.0146802	0.0599774	0.0617478
63.8	-0.0132274	0.0590967	0.0605589
64	-0.0118039	0.0581463	0.0593324
64.2	-0.0104134	0.057127	0.0580683
64.4	-0.00905965	0.0560395	0.0567671
64.6	-0.00774645	0.0548849	0.0554289
64.8	-0.00647765	0.0536647	0.0540542
65	-0.00525731	0.0523803	0.0526435
65.2	-0.00408923	0.0510337	0.0511973
65.4	-0.00297727	0.0496268	0.049716
65.6	-0.00192496	0.0481617	0.0482001
65.8	-0.000936107	0.0466406	0.04665
66	-1.41036e-05	0.0450663	0.0450663
66.2	0.000837219	0.0434416	0.0434496
66.4	0.00161451	0.0417696	0.0418008
66.6	0.00231467	0.0400538	0.0401206
66.8	0.00293456	0.0382974	0.0384097
67	0.00347128	0.0365044	0.0366691
67.2	0.00392209	0.0346787	0.0348998
67.4	0.00428442	0.0328245	0.0331029
67.6	0.00455575	0.0309463	0.0312799
67.8	0.00473385	0.029049	0.0294321
68	0.00481684	0.0271373	0.0275615
68.2	0.00480317	0.0252164	0.0256698
68.4	0.00469153	0.0232915	0.0237593
68.6	0.00448091	0.0213682	0.0218329
68.8	0.00417058	0.0194521	0.0198941
69	0.00376021	0.0175491	0.0179474
69.2	0.00324994	0.0156651	0.0159987
69.4	0.00264024	0.0138062	0.0140563
69.6	0.00193216	0.0119784	0.0121332
69.8	0.00112725	0.0101881	0.0102502
70	0.000227227	0.00844112	0.00844418
70.2	-0.000765512	0.00674405	0.00678735
70.4	-0.00184812	0.0051028	0.00542716
70.6	-0.0030175	0.00352345	0.00463897
70.8	-0.00427002	0.00201127	0.00471999
71	-0.00560206	0.000572041	0.00563119
71.2	-0.00700912	-0.000789754	0.00705348
71.4	-0.00848753	-0.00206948	0.00873618
71.6	-0.0100324	-0.00326345	0.0105498
71.8	-0.0116392	-0.00436794	0.0124318
72	-0.0133028	-0.00537971	0.0143494
72.2	-0.0150184	-0.00629579	0.0162846
72.4	-0.0167805	-0.00711283	0.0182258
72.6	-0.0185836	-0.00782865	0.0201653
72.8	-0.0204227	-0.00844079	0.0220983
73	-0.0222918	-0.00894663	0.0240201
73.2	-0.0241848	-0.00934465	0.0259273
73.4	-0.026096	-0.00963331	0.0278173
73.6	-0.0280193	-0.00981129	0.0296874
73.8	-0.0299487	-0.00987747	0.0315355
74	-0.031878	-0.00983105	0.0333595
74.2	-0.0338009	-0.00967158	0.0351573
74.4	-0.0357109	-0.00939902	0.0369271
74.6	-0.0376018	-0.00901365	0.0386671
74.8	-0.0394672	-0.00851623	0.0403756
75	-0.0413007	-0.0079079	0.042051
75.2	-0.0430955	-0.00719008	0.0436912
75.4	-0.0448456	-0.00636403	0.0452949
75.6	-0.0465452	-0.00543254	0.0468611
75.8	-0.048187	-0.00439803	0.0483873
76	-0.0497662	-0.00326352	0.0498731
76.2	-0.0512757	-0.00203264	0.051316
76.4	-0.0527107	-0.000709439	0.0527154
76.6	-0.0540651	0.000701842	0.0540697
76.8	-0.0553337	0.00219569	0.0553773
77	-0.0565117	0.00376707	0.0566371
77.2	-0.057594	0.00541023	0.0578476
77.4	-0.0585763	0.00711888	0.0590073
77.6	-0.0594543	0.00888682	0.0601148
77.8	-0.0602244	0.0107074	0.0611688
78	-0.0608831	0.0125736	0.0621679
78.2	-0.0614277	0.0144783	0.0631109
78.4	-0.0618557	0.016414	0.0639964
78.6	-0.0621649	0.0183732	0.0648233
78.8	-0.0623541	0.0203483	0.0655903
79	-0.0624223	0.0223315	0.0662966
79.2	-0.062369	0.024315	0.0669411
79.4	-0.0621946	0.026291	0.0675232
79.6	-0.0618998	0.0282518	0.0680423
79.8	-0.0614858	0.0301899	0.0684977
80	-0.0609547	0.0320976	0.0688893
80.2	-0.0603087	0.0339678	0.0692167
80.4	-0.059551	0.0357934	0.0694802
80.6	-0.0586851	0.0375676	0.0696798
80.8	-0.057715	0.0392841	0.0698159
81	-0.0566452	0.0409367	0.0698891
81.2	-0.0554805	0.0425199	0.0699001
81.4	-0.0542262	0.0440285	0.0698497
81.6	-0.0528878	0.0454578	0.069739
81.8	-0.0514714	0.0468036	0.0695692
82	-0.0499828	0.0480622	0.0693416
82.2	-0.0484282	0.0492305	0.0690575
82.4	-0.0468139	0.0503059	0.0687184
82.6	-0.0451462	0.051286	0.068326
82.8	-0.0434313	0.0521694	0.0678817
83	-0.0416753	0.0529546	0.0673871
83.2	-0.0398842	0.0536408	0.0668438
83.4	-0.0380639	0.0542276	0.0662532
83.6	-0.0362198	0.0547146	0.0656168
83.8	-0.0343574	0.0551021	0.0649359
84	-0.0324819	0.0553902	0.0642117
84.2	-0.030598	0.0555794	0.0634453
84.4	-0.0287104	0.0556703	0.0626376
84.6	-0.0268237	0.0556636	0.0617896
84.8	-0.0249419	0.0555601	0.0609017
85	-0.0230692	0.0553604	0.0599746
85.2	-0.0212094	0.0550653	0.0590087
85.4	-0.0193663	0.0546758	0.0580042
85.6	-0.0175436	0.0541924	0.0569613
85.8	-0.0157451	0.0536159	0.05588
86	-0.0139744	0.0529471	0.0547602
86.2	-0.0122352	0.0521866	0.0536017
86.4	-0.0105315	0.0513352	0.0524043
86.6	-0.0088671	0.0503935	0.0511677
86.8	-0.00724631	0.0493624	0.0498914
87	-0.00567351	0.0482427	0.0485752
87.2	-0.00415338	0.0470355	0.0472185
87.4	-0.00269085	0.045742	0.0458211
87.6	-0.00129113	0.0443636	0.0443824
87.8	4.03195e-05	0.0429021	0.0429021
88	0.00129771	0.0413595	0.0413799
88.2	0.00247578	0.0397385	0.0398155
88.4	0.00356872	0.0380417	0.0382087
88.6	0.004571	0.0362727	0.0365596
88.8	0.00547678	0.0344353	0.0348681
89	0.0062804	0.0325341	0.0331348
89.2	0.00697641	0.0305741	0.0313599
89.4	0.00755902	0.0285608	0.0295442
89.6	0.00802343	0.0265009	0.0276889
89.8	0.00836484	0.0244012	0.0257951
90	0.00857878	0.0222689	0.0238642
90.2	0.00866127	0.0201124	0.0218981
90.4	0.00860932	0.0179407	0.0198994
90.6	0.00842048	0.0157628	0.0178709
90.8	0.00809309	0.0135887	0.0158161
91	0.00762626	0.0114285	0.0137394
91.2	0.00702015	0.00929297	0.0116465
91.4	0.006276	0.00719302	0.00954608
91.6	0.0053959	0.00513971	0.00745201
91.8	0.00438331	0.0031446	0.00539462
92	0.00324218	0.0012187	0.00346366
92.2	0.00197821	-0.000626827	0.00207515
92.4	0.000597679	-0.0023817	0.00245555
92.6	-0.000892241	-0.00403769	0.0041351
92.8	-0.00248278	-0.00558757	0.00611434
93	-0.00416629	-0.00702378	0.00816648
93.2	-0.00593449	-0.0083401	0.010236
93.4	-0.0077782	-0.0095309	0.012302
93.6	-0.00968846	-0.0105909	0.0143538
93.8	-0.011656	-0.0115159	0.0163853
94	-0.0136713	-0.012302	0.0183914
94.2	-0.0157249	-0.0129464	0.0203686
94.4	-0.017807	-0.0134464	0.0223136
94.6	-0.0199078	-0.0138004	0.0242234
94.8	-0.0220176	-0.0140073	0.0260956
95	-0.0241267	-0.0140666	0.0279279
95.2	-0.0262251	-0.0139786	0.029718
95.4	-0.0283032	-0.0137441	0.0314638
95.6	-0.0303513	-0.0133646	0.0331635
95.8	-0.0323599	-0.0128426	0.0348152
96	-0.0343197	-0.012181	0.0364173
96.2	-0.0362214	-0.0113837	0.0379682
96.4	-0.0380562	-0.0104549	0.0394662
96.6	-0.0398157	-0.00939994	0.0409103
96.8	-0.0414915	-0.00822457	0.0422988
97	-0.0430759	-0.00693552	0.0436306
97.2	-0.0445616	-0.00553996	0.0449046
97.4	-0.0459418	-0.00404579	0.0461196
97.6	-0.0472105	-0.00246161	0.0472746
97.8	-0.0483619	-0.000796685	0.0483685
98	-0.0493914	0.000938873	0.0494003
98.2	-0.0502948	0.00273446	0.0503691
98.4	-0.0510689	0.00457979	0.0512738
98.6	-0.0517111	0.00646438	0.0521136
98.8	-0.0522198	0.00837771	0.0528875
99	-0.0525943	0.0103093	0.0535952
99.2	-0.0528347	0.0122487	0.0542359
99.4	-0.052942	0.0141857	0.0548096
99.6	-0.0529182	0.0161104	0.0553161
99.8	-0.0527659	0.0180132	0.0557558
100	-0.0524887	0.019885	0.0561291
100.2	-0.0520909	0.0217171	0.0564367
100.4	-0.0515776	0.0235016	0.0566796
100.6	-0.0509544	0.0252312	0.0568592
100.8	-0.0502276	0.0268991	0.0569769
101	-0.0494037	0.0284997	0.0570348
101.2	-0.04849	0.030028	0.0570347
101.4	-0.0474936	0.0314798	0.0569791
101.6	-0.0464221	0.0328518	0.0568705
101.8	-0.0452829	0.0341415	0.0567114
102	-0.0440833	0.0353473	0.0565046
102.2	-0.0428306	0.0364683	0.056253
102.4	-0.0415316	0.0375041	0.0559592
102.6	-0.0401927	0.0384551	0.055626
102.8	-0.03882	0.0393221	0.055256
103	-0.0374189	0.0401063	0.0548515
103.2	-0.0359943	0.0408091	0.0544148
103.4	-0.0345504	0.041432	0.0539476
103.6	-0.0330912	0.0419768	0.0534516
103.8	-0.0316197	0.042445	0.0529281
104	-0.0301387	0.0428381	0.0523779
104.2	-0.0286506	0.0431573	0.0518017
104.4	-0.0271573	0.0434037	0.0511996
104.6	-0.0256604	0.0435778	0.0505715
104.8	-0.0241615	0.0436799	0.049917
105	-0.0226618	0.04371	0.0492353
105.2	-0.0211627	0.0436675	0.0485253
105.4	-0.0196656	0.0435515	0.0477857
105.6	-0.0181721	0.0433608	0.0470147
105.8	-0.0166841	0.0430937	0.0462107
106	-0.0152037	0.0427485	0.0453717
106.2	-0.0137337	0.0423231	0.0444956
106.4	-0.0122772	0.0418152	0.0435802
106.6	-0.0108379	0.0412226	0.0426235
106.8	-0.00942018	0.0405432	0.0416232
107	-0.00802909	0.0397752	0.0405775
107.2	-0.00667022	0.0389168	0.0394843
107.4	-0.00534981	0.037967	0.0383421
107.6	-0.00407464	0.0369253	0.0371494
107.8	-0.00285185	0.0357916	0.035905
108	-0.00168931	0.0345668	0.0346081
108.2	-0.000594912	0.0332529	0.0332582
108.4	0.000423427	0.0318524	0.0318552
108.6	0.00135738	0.0303687	0.030399
108.8	0.00219945	0.0288068	0.0288906
109	0.00294197	0.0271716	0.0273304
109.2	0.00357785	0.02547	0.0257201
109.4	0.00410067	0.0237093	0.0240613
109.6	0.00450397	0.0218972	0.0223556
109.8	0.00478286	0.0200433	0.0206061
110	0.00493286	0.018157	0.0188152
110.2	0.00495044	0.0162487	0.0169861
110.4	0.00483308	0.0143292	0.0151223
110.6	0.00457937	0.0124099	0.0132278
110.8	0.00418905	0.0105024	0.0113071
111	0.0036631	0.00861874	0.00936488
111.2	0.00300329	0.00677086	0.00740704
111.4	0.00221336	0.00497098	0.00544148
111.6	0.0012972	0.00323075	0.00348145
111.8	0.000261063	0.00156185	0.00158351
112	-0.000888636	-2.43668e-05	0.00088897
112.2	-0.0021434	-0.00151797	0.00262648
112.4	-0.0034951	-0.00291062	0.00454834
112.6	-0.00493531	-0.00419389	0.00647657
112.8	-0.00645468	-0.00536163	0.00839106
113	-0.00804314	-0.00640785	0.0102836
113.2	-0.00969116	-0.00732723	0.0121494
113.4	-0.0113885	-0.00811597	0.0139845
113.6	-0.013125	-0.00877035	0.0157855
113.8	-0.0148901	-0.00928816	0.0175495
114	-0.0166739	-0.00966754	0.0192738
114.2	-0.0184657	-0.00990767	0.0209557
114.4	-0.0202554	-0.0100086	0.0225932
114.6	-0.0220329	-0.0099711	0.0241841
114.8	-0.0237883	-0.00979671	0.0257266
115	-0.0255119	-0.00948781	0.027219
115.2	-0.0271943	-0.00904757	0.0286599
115.4	-0.0288264	-0.00847999	0.0300478
115.6	-0.0303993	-0.0077896	0.0313814
115.8	-0.0319048	-0.0069819	0.0326598
116	-0.0333351	-0.00606308	0.033882
116.2	-0.0346828	-0.00503994	0.0350471
116.4	-0.0359412	-0.00391994	0.0361544
116.6	-0.0371042	-0.00271129	0.0372031
116.8	-0.0381663	-0.00142267	0.0381928
117	-0.0391227	-6.3437e-05	0.0391228
117.2	-0.0399697	0.00135637	0.0399927
117.4	-0.0407039	0.0028268	0.0408019
117.6	-0.0413231	0.00433779	0.0415502
117.8	-0.0418259	0.00587927	0.0422371
118	-0.0422116	0.00744118	0.0428625
118.2	-0.0424806	0.0090136	0.0434263
118.4	-0.0426341	0.0105868	0.0439288
118.6	-0.042674	0.0121515	0.0443703
118.8	-0.0426031	0.0136985	0.0447513
119	-0.0424251	0.0152193	0.0450724
119.2	-0.0421443	0.016706	0.0453347
119.4	-0.0417655	0.0181511	0.0455392
119.6	-0.0412943	0.0195479	0.0456874
119.8	-0.0407366	0.0208904	0.0457808
120	-0.040099	0.0221734	0.0458213
120.2	-0.0393881	0.0233925	0.0458108
120.4	-0.0386108	0.0245442	0.0457516
120.6	-0.0377742	0.0256257	0.0456461
120.8	-0.0368854	0.026635	0.0454968
121	-0.0359513	0.0275712	0.0453063
121.2	-0.0349786	0.0284337	0.0450774
121.4	-0.0339737	0.0292229	0.0448128
121.6	-0.0329426	0.0299396	0.0445151
121.8	-0.0318906	0.0305854	0.0441869
122	-0.0308228	0.0311621	0.0438306
122.2	-0.0297434	0.0316716	0.0434484
122.4	-0.0286561	0.0321165	0.0430423
122.6	-0.0275638	0.032499	0.0426139
122.8	-0.026469	0.0328214	0.0421646
123	-0.0253735	0.033086	0.0416953
123.2	-0.0242787	0.0332946	0.0412066
123.4	-0.0231856	0.0334489	0.0406989
123.6	-0.0220947	0.0335501	0.0401719
123.8	-0.0210064	0.0335989	0.0396251
124	-0.0199209	0.0335957	0.0390578
124.2	-0.0188385	0.0335403	0.0384687
124.4	-0.0177595	0.0334321	0.0378564
124.6	-0.0166844	0.0332701	0.0372192
124.8	-0.0156139	0.0330528	0.0365552
125	-0.0145492	0.0327785	0.0358623
125.2	-0.0134919	0.0324449	0.0351384
125.4	-0.0124442	0.03205	0.0343811
125.6	-0.0114089	0.0315914	0.0335884
125.8	-0.0103892	0.0310667	0.0327579
126	-0.00938924	0.0304739	0.0318876
126.2	-0.00841355	0.029811	0.0309756
126.4	-0.0074674	0.0290766	0.0300201
126.6	-0.00655657	0.0282696	0.02902
126.8	-0.00568721	0.0273898	0.027974
127	-0.00486617	0.0264374	0.0268815
127.2	-0.00410014	0.0254137	0.0257424
127.4	-0.00339654	0.0243208	0.0245568
127.6	-0.00276219	0.0231616	0.0233257
127.8	-0.0022045	0.0219404	0.0220509
128	-0.00173007	0.0206616	0.0207339
128.2	-0.00134538	0.0193317	0.0193784
128.4	-0.0010564	0.0179574	0.0179885
128.6	-0.000868341	0.0165466	0.0165693
128.8	-0.000785595	0.0151077	0.0151282
129	-0.000811643	0.0136503	0.0136744
129.2	-0.000948944	0.0121842	0.0122211
129.4	-0.00119884	0.0107201	0.0107869
129.6	-0.00156152	0.0092688	0.00939941
129.8	-0.00203609	0.00784153	0.00810156
130	-0.00261984	0.00644876	0.0069606
130.2	-0.00330969	0.00510245	0.00608186
130.4	-0.00410066	0.00381238	0.00559908
130.6	-0.00498713	0.00258926	0.00561923
130.8	-0.00596253	0.00144217	0.00613446
131	-0.00701927	0.000380127	0.00702955
131.2	-0.00814862	-0.000589508	0.00816992
131.4	-0.00934296	-0.00145961	0.00945629
131.6	-0.0105917	-0.00222518	0.0108229
131.8	-0.0118868	-0.00288128	0.012231
132	-0.0132173	-0.00342463	0.0136537
132.2	-0.0145741	-0.00385296	0.0150748
132.4	-0.0159473	-0.00416422	0.0164821
132.6	-0.017327	-0.00435811	0.0178667
132.8	-0.0187036	-0.00443507	0.0192223
133	-0.020068	-0.0043963	0.0205439
133.2	-0.0214111	-0.00424384	0.0218277
133.4	-0.0227243	-0.00398063	0.0230704
133.6	-0.0239994	-0.00361038	0.0242695
133.8	-0.0252283	-0.00313733	0.0254226
134	-0.0264041	-0.00256643	0.0265286
134.2	-0.0275202	-0.0019036	0.0275859
134.4	-0.0285701	-0.00115484	0.0285934
134.6	-0.0295484	-0.000327085	0.0295502
134.8	-0.0304503	0.000572454	0.0304557
135	-0.0312714	0.00153609	0.0313091
135.2	-0.0320082	0.00255589	0.0321101
135.4	-0.0326578	0.00362378	0.0328583
135.6	-0.033218	0.0047315	0.0335532
135.8	-0.0336872	0.00587075	0.0341949
136	-0.0340647	0.00703325	0.0347832
136.2	-0.0343504	0.00821078	0.035318
136.4	-0.0345449	0.0093953	0.0357997
136.6	-0.0346495	0.010579	0.0362285
136.8	-0.0346662	0.0117543	0.0366047
137	-0.0345974	0.0129141	0.0369291
137.2	-0.0344464	0.0140515	0.0372022
137.4	-0.0342168	0.0151603	0.0374249
137.6	-0.0339126	0.0162346	0.0375982
137.8	-0.0335385	0.0172693	0.0377234
138	-0.0330993	0.0182595	0.0378017
138.2	-0.0326002	0.0192013	0.0378347
138.4	-0.0320466	0.0200912	0.0378238
138.6	-0.0314441	0.0209264	0.037771
138.8	-0.0307984	0.0217046	0.037678
139	-0.0301149	0.0224245	0.0375469
139.2	-0.0293995	0.0230849	0.0373797
139.4	-0.0286573	0.0236856	0.0371786
139.6	-0.0278937	0.0242267	0.0369458
139.8	-0.0271136	0.0247088	0.0366834
140	-0.0263214	0.025133	0.0363935
140.2	-0.0255215	0.0255008	0.0360782
140.4	-0.0247174	0.0258138	0.0357394
140.6	-0.0239125	0.0260741	0.0353789
140.8	-0.0231094	0.0262837	0.0349983
141	-0.0223105	0.0264448	0.0345989
141.2	-0.0215174	0.0265594	0.0341819
141.4	-0.0207315	0.0266296	0.0337481
141.6	-0.0199538	0.0266572	0.0332981
141.8	-0.0191848	0.0266438	0.0328321
142	-0.0184248	0.0265905	0.0323501
142.2	-0.0176741	0.0264985	0.0318519
142.4	-0.0169327	0.0263682	0.0313368
142.6	-0.0162005	0.0261999	0.0308041
142.8	-0.0154779	0.0259934	0.0302526
143	-0.014765	0.0257483	0.0296813
143.2	-0.0140625	0.0254639	0.0290889
143.4	-0.0133711	0.0251391	0.0284739
143.6	-0.0126923	0.0247728	0.0278349
143.8	-0.0120277	0.0243636	0.0271708
144	-0.0113793	0.0239104	0.0264801
144.2	-0.0107499	0.0234119	0.0257619
144.4	-0.0101426	0.022867	0.0250154
144.6	-0.00956079	0.0222749	0.0242401
144.8	-0.00900853	0.0216353	0.0234359
145	-0.00849013	0.0209481	0.0226033
145.2	-0.00801015	0.020214	0.0217432
145.4	-0.00757352	0.0194341	0.0208577
145.6	-0.00718522	0.0186102	0.0199491
145.8	-0.00685014	0.017745	0.0190213
146	-0.00657325	0.0168418	0.0180791
146.2	-0.00635927	0.0159049	0.0171291
146.4	-0.00621256	0.0149391	0.0161794
146.6	-0.00613703	0.0139501	0.0152404
146.8	-0.00613603	0.0129443	0.014325
147	-0.00621222	0.0119287	0.0134494
147.2	-0.00636753	0.0109108	0.012633
147.4	-0.00660302	0.00989859	0.0118988
147.6	-0.00691892	0.00890016	0.0112732
147.8	-0.0073144	0.00792385	0.0107837
148	-0.00778759	0.00697807	0.0104566
148.2	-0.00833613	0.00607104	0.0103125
148.4	-0.0089562	0.0052107	0.0103617
148.6	-0.00964358	0.0044044	0.0106018
148.8	-0.0103929	0.00365946	0.0110183
149	-0.0111986	0.00298181	0.0115887
149.2	-0.0120535	0.00237754	0.0122858
149.4	-0.0129518	0.00185133	0.0130834
149.6	-0.0138849	0.00140713	0.013956
149.8	-0.0148454	0.00104841	0.0148824
150	-0.0158258	0.000777483	0.0158449
150.2	-0.0168184	0.000595596	0.016829
150.4	-0.0178145	0.000503345	0.0178216
150.6	-0.0188062	0.000500509	0.0188129
150.8	-0.0197861	0.000585936	0.0197948
151	-0.0207463	0.000757591	0.0207601
151.2	-0.0216803	0.00101273	0.0217039
151.4	-0.0225813	0.00134811	0.0226215
151.6	-0.0234432	0.00175963	0.0235091
151.8	-0.0242596	0.00224252	0.024363
152	-0.0250257	0.00279151	0.0251809
152.2	-0.0257371	0.00340123	0.0259608
152.4	-0.0263893	0.00406538	0.0267006
152.6	-0.0269794	0.00477791	0.0273992
152.8	-0.0275043	0.00553216	0.0280552
153	-0.0279621	0.00632159	0.0286678
153.2	-0.0283512	0.00713943	0.0292363
153.4	-0.0286707	0.00797903	0.0297603
153.6	-0.0289205	0.00883377	0.0302396
153.8	-0.0291008	0.00969716	0.030674
154	-0.0292125	0.010563	0.0310636
154.2	-0.0292571	0.0114251	0.0314088
154.4	-0.0292364	0.0122779	0.0317098
154.6	-0.0291527	0.013116	0.0319673
154.8	-0.0290089	0.0139343	0.0321819
155	-0.0288079	0.0147282	0.0323546
155.2	-0.0285533	0.0154937	0.0324861
155.4	-0.0282487	0.0162269	0.0325776
155.6	-0.0278979	0.0169246	0.0326303
155.8	-0.027505	0.017584	0.0326454
156	-0.0270742	0.0182028	0.0326244
156.2	-0.0266096	0.018779	0.0325687
156.4	-0.0261154	0.0193113	0.0324799
156.6	-0.0255959	0.0197987	0.0323596
156.8	-0.0250552	0.0202405	0.0322094
157	-0.0244972	0.0206367	0.032031
157.2	-0.0239258	0.0209872	0.0318262
157.4	-0.0233446	0.0212926	0.0315966
157.6	-0.0227569	0.0215537	0.0313439
157.8	-0.0221661	0.0217715	0.0310698
158	-0.0215748	0.0219471	0.0307757
158.2	-0.0209856	0.022082	0.0304633
158.4	-0.0204008	0.0221775	0.0301337
158.6	-0.0198224	0.0222353	0.0297882
158.8	-0.0192518	0.0222569	0.0294279
159	-0.0186904	0.0222437	0.0290536
159.2	-0.0181392	0.0221973	0.0286662
159.4	-0.0175989	0.0221189	0.0282661
159.6	-0.0170703	0.0220098	0.0278536
159.8	-0.0165536	0.0218708	0.0274291
160	-0.0160492	0.0217028	0.0269924
160.2	-0.0155573	0.0215065	0.0265435
160.4	-0.0150782	0.0212821	0.0260822
160.6	-0.0146123	0.0210298	0.025608
160.8	-0.0141599	0.0207498	0.0251208
161	-0.0137217	0.0204418	0.0246201
161.2	-0.0132985	0.0201056	0.0241057
161.4	-0.0128915	0.0197409	0.0235774
161.6	-0.0125018	0.0193475	0.0230353
161.8	-0.0121313	0.0189252	0.0224796
162	-0.0117817	0.0184737	0.0219109
162.2	-0.0114553	0.0179933	0.0213303
162.4	-0.0111545	0.0174842	0.0207393
162.6	-0.0108819	0.0169471	0.02014
162.8	-0.0106404	0.016383	0.0195351
163	-0.0104327	0.0157935	0.0189282
163.2	-0.010262	0.0151803	0.0183235
163.4	-0.010131	0.014546	0.0177263
163.6	-0.0100428	0.0138933	0.017143
163.8	-0.00999977	0.0132258	0.0165806
164	-0.0100044	0.0125473	0.0160475
164.2	-0.0100587	0.0118622	0.0155528
164.4	-0.0101642	0.0111753	0.0151062
164.6	-0.0103222	0.0104916	0.0147181
164.8	-0.010533	0.00981663	0.0143983
165	-0.0107968	0.00915587	0.0141563
165.2	-0.0111129	0.00851493	0.014
165.4	-0.01148	0.00789962	0.0139353
165.6	-0.0118963	0.00731527	0.0139655
165.8	-0.0123591	0.00676732	0.0140906
166	-0.0128657	0.00626083	0.0143082
166.2	-0.0134122	0.00580024	0.0146126
166.4	-0.0139943	0.00538994	0.0149964
166.6	-0.0146078	0.00503367	0.0154508
166.8	-0.0152479	0.0047344	0.015966
167	-0.0159091	0.00449467	0.0165318
167.2	-0.0165859	0.00431648	0.0171384
167.4	-0.0172729	0.00420117	0.0177765
167.6	-0.0179644	0.00414939	0.0184374
167.8	-0.0186548	0.00416119	0.0191133
168	-0.0193386	0.00423599	0.0197971
168.2	-0.0200102	0.00437264	0.0204824
168.4	-0.0206642	0.00456939	0.0211634
168.6	-0.0212957	0.00482382	0.0218352
168.8	-0.0218999	0.00513317	0.0224935
169	-0.0224726	0.00549435	0.0231346
169.2	-0.0230097	0.00590375	0.023755
169.4	-0.0235071	0.00635704	0.0243515
169.6	-0.0239622	0.00685002	0.024922
169.8	-0.0243718	0.00737819	0.0254642
170	-0.0247339	0.00793652	0.025976
170.2	-0.0250465	0.00852021	0.0264561
170.4	-0.0253085	0.00912411	0.0269029
170.6	-0.0255189	0.00974315	0.0273156
170.8	-0.0256774	0.0103723	0.0276932
171	-0.0257841	0.0110065	0.028035
171.2	-0.0258397	0.0116409	0.0283408
171.4	-0.0258452	0.0122708	0.0286102
171.6	-0.0258019	0.0128919	0.0288433
171.8	-0.0257117	0.0134997	0.0290402
172	-0.0255767	0.0140905	0.0292012
172.2	-0.0253993	0.0146608	0.0293268
172.4	-0.0251822	0.0152071	0.0294177
172.6	-0.0249284	0.0157268	0.0294747
172.8	-0.0246409	0.0162174	0.0294987
173	-0.0243228	0.0166766	0.0294909
173.2	-0.0239776	0.0171029	0.0294523
173.4	-0.0236086	0.0174949	0.0293843
173.6	-0.0232191	0.0178516	0.0292883
173.8	-0.0228123	0.0181724	0.0291657
174	-0.0223917	0.0184571	0.0290181
174.2	-0.0219602	0.0187055	0.028847
174.4	-0.021521	0.0189181	0.0286539
174.6	-0.0210768	0.0190952	0.0284405
174.8	-0.0206304	0.0192378	0.0282082
175	-0.0201841	0.0193466	0.0279587
175.2	-0.0197403	0.0194227	0.0276934
175.4	-0.019301	0.0194674	0.0274137
175.6	-0.018868	0.0194819	0.0271209
175.8	-0.0184429	0.0194674	0.0268164
176	-0.0180269	0.0194252	0.0265011
176.2	-0.0176213	0.0193568	0.0261763
176.4	-0.017227	0.0192633	0.0258427
176.6	-0.0168448	0.0191458	0.0255011
176.8	-0.0164752	0.0190055	0.0251523
177	-0.0161187	0.0188433	0.0247968
177.2	-0.0157757	0.0186601	0.024435
177.4	-0.0154465	0.0184566	0.0240674
177.6	-0.0151314	0.0182334	0.0236943
177.8	-0.0148308	0.0179911	0.0233159
178	-0.014545	0.01773	0.0229327
178.2	-0.0142744	0.0174505	0.022545
178.4	-0.0140196	0.0171527	0.0221532
178.6	-0.0137811	0.016837	0.0217579
178.8	-0.0135599	0.0165038	0.0213599
179	-0.0133569	0.0161531	0.0209602
179.2	-0.0131731	0.0157856	0.02056
179.4	-0.0130097	0.0154017	0.0201609
179.6	-0.0128681	0.0150022	0.019765
179.8	-0.0127498	0.014588	0.0193744
180	-0.0126562	0.0141603	0.018992
180.2	-0.012589	0.0137206	0.0186209
180.4	-0.0125495	0.0132707	0.0182648
180.6	-0.0125394	0.0128126	0.0179276
180.8	-0.0125599	0.0123486	0.0176136
181	-0.0126123	0.0118815	0.0173275
181.2	-0.0126976	0.0114141	0.0170737
181.4	-0.0128165	0.0109497	0.016857
181.6	-0.0129695	0.0104916	0.0166818
181.8	-0.0131568	0.0100433	0.016552
182	-0.0133779	0.00960857	0.016471
182.2	-0.0136324	0.00919108	0.0164413
182.4	-0.0139192	0.00879444	0.0164647
182.6	-0.014237	0.00842219	0.0165416
182.8	-0.0145839	0.00807785	0.0166716
183	-0.0149578	0.00776467	0.0168531
183.2	-0.0153563	0.00748549	0.0170836
183.4	-0.0157766	0.00724294	0.0173598
183.6	-0.0162154	0.00703936	0.0176775
183.8	-0.0166696	0.00687665	0.0180323
184	-0.0171356	0.00675631	0.0184195
184.2	-0.0176099	0.00667938	0.0188341
184.4	-0.0180887	0.00664649	0.0192712
184.6	-0.0185684	0.00665782	0.0197259
184.8	-0.0190452	0.00671315	0.0201937
185	-0.0195154	0.00681184	0.0206701
185.2	-0.0199755	0.00695289	0.021151
185.4	-0.0204219	0.00713489	0.0216324
185.6	-0.0208512	0.00735605	0.0221108
185.8	-0.0212605	0.00761427	0.0225829
186	-0.0216468	0.00790727	0.0230458
186.2	-0.0220076	0.00823252	0.023497
186.4	-0.0223402	0.00858723	0.0239338
186.6	-0.0226426	0.00896826	0.024354
186.8	-0.0229128	0.00937249	0.0247556
187	-0.0231494	0.00979674	0.025137
187.2	-0.0233508	0.0102375	0.0254965
187.4	-0.0235163	0.0106914	0.0258326
187.6	-0.023645	0.0111549	0.0261441
187.8	-0.0237365	0.0116245	0.0264301
188	-0.0237907	0.0120967	0.0266895
188.2	-0.0238079	0.012568	0.0269215
188.4	-0.0237884	0.0130351	0.0271257
188.6	-0.0237332	0.0134947	0.0273015
188.8	-0.0236431	0.0139437	0.0274486
189	-0.0235196	0.0143791	0.0275668
189.2	-0.0233642	0.014798	0.0276562
189.4	-0.0231787	0.0151978	0.0277169
189.6	-0.022965	0.0155763	0.0277491
189.8	-0.0227254	0.0159312	0.0277533
190	-0.0224621	0.0162607	0.0277301
190.2	-0.0221777	0.0165633	0.0276802
190.4	-0.0218747	0.0168375	0.0276044
190.6	-0.0215556	0.0170825	0.0275037
190.8	-0.0212233	0.0172974	0.0273793
191	-0.0208802	0.0174819	0.0272323
191.2	-0.0205292	0.0176357	0.0270641
191.4	-0.0201727	0.0177589	0.026876
191.6	-0.0198132	0.017852	0.0266694
191.8	-0.0194533	0.0179154	0.026446
192	-0.019095	0.0179498	0.0262072
192.2	-0.0187406	0.0179564	0.0259546
192.4	-0.0183919	0.017936	0.0256897
192.6	-0.0180508	0.0178899	0.0254142
192.8	-0.0177188	0.0178194	0.0251295
193	-0.0173974	0.0177259	0.024837
193.2	-0.0170876	0.0176106	0.0245381
193.4	-0.0167905	0.017475	0.0242343
193.6	-0.0165071	0.0173205	0.0239266
193.8	-0.0162379	0.0171482	0.0236164
194	-0.0159836	0.0169596	0.0233046
194.2	-0.0157446	0.0167557	0.0229923
194.4	-0.0155212	0.0165376	0.0226804
194.6	-0.0153137	0.0163064	0.0223698
194.8	-0.0151223	0.016063	0.0220614
195	-0.0149473	0.0158083	0.021756
195.2	-0.0147887	0.015543	0.0214543
195.4	-0.0146468	0.0152678	0.0211574
195.6	-0.0145218	0.0149836	0.020866
195.8	-0.014414	0.0146909	0.0205812
196	-0.0143238	0.0143904	0.0203041
196.2	-0.0142514	0.014083	0.0200358
196.4	-0.0141973	0.0137694	0.0197778
196.6	-0.0141621	0.0134505	0.0195315
196.8	-0.014146	0.0131273	0.0192986
197	-0.0141498	0.0128009	0.0190809
197.2	-0.0141739	0.0124726	0.0188803
197.4	-0.0142188	0.0121436	0.0186987
197.6	-0.0142848	0.0118157	0.0185383
197.8	-0.0143725	0.0114905	0.0184011
198	-0.0144819	0.0111698	0.0182891
198.2	-0.0146132	0.0108556	0.0182041
198.4	-0.0147663	0.0105499	0.0181478
198.6	-0.0149409	0.010255	0.0181218
198.8	-0.0151368	0.00997303	0.0181269
199	-0.0153532	0.00970612	0.018164
199.2	-0.0155892	0.00945653	0.0182332
199.4	-0.0158437	0.00922645	0.0183344
199.6	-0.0161155	0.00901789	0.0184671
199.8	-0.0164031	0.00883271	0.0186301
200	-0.0167048	0.00867265	0.0188219
200.2	-0.0170185	0.00853927	0.0190407
200.4	-0.0173423	0.00843391	0.0192844
200.6	-0.017674	0.00835764	0.0195505
200.8	-0.0180113	0.00831129	0.0198365
201	-0.0183519	0.00829538	0.0201397
201.2	-0.0186934	0.00831018	0.0204573
201.4	-0.0190333	0.00835567	0.0207866
201.6	-0.0193693	0.00843158	0.0211249
201.8	-0.0196989	0.00853733	0.0214693
202	-0.0200198	0.00867213	0.0218174
202.2	-0.0203299	0.00883491	0.0221666
202.4	-0.0206269	0.00902439	0.0225146
202.6	-0.0209089	0.00923913	0.0228592
202.8	-0.021174	0.00947751	0.0231983
203	-0.0214206	0.00973777	0.0235301
203.2	-0.0216469	0.0100179	0.0238526
203.4	-0.0218515	0.0103159	0.0241641
203.6	-0.0220332	0.0106296	0.0244632
203.8	-0.0221909	0.0109567	0.0247485
204	-0.0223238	0.011295	0.0250186
204.2	-0.022431	0.011642	0.0252723
204.4	-0.022512	0.0119955	0.0255084
204.6	-0.0225664	0.0123529	0.0257262
204.8	-0.0225941	0.012712	0.0259246
205	-0.0225949	0.0130703	0.0261029
205.2	-0.0225691	0.0134253	0.0262603
205.4	-0.022517	0.0137749	0.0263963
205.6	-0.0224392	0.0141166	0.0265103
205.8	-0.0223363	0.0144484	0.026602
206	-0.0222093	0.014768	0.0266711
206.2	-0.0220591	0.0150735	0.0267173
206.4	-0.0218871	0.0153628	0.0267407
206.6	-0.0216946	0.0156343	0.0267412
206.8	-0.0214831	0.0158864	0.0267189
207	-0.0212542	0.0161174	0.0266742
207.2	-0.0210098	0.0163261	0.0266074
207.4	-0.0207517	0.0165115	0.0265191
207.6	-0.0204818	0.0166725	0.0264098
207.8	-0.0202023	0.0168085	0.0262804
208	-0.0199151	0.016919	0.0261316
208.2	-0.0196223	0.0170037	0.0259646
208.4	-0.0193261	0.0170624	0.0257803
208.6	-0.0190285	0.0170953	0.0255799
208.8	-0.0187315	0.0171027	0.0253648
209	-0.0184371	0.0170852	0.0251362
209.2	-0.0181472	0.0170433	0.0248957
209.4	-0.0178637	0.0169779	0.0246447
209.6	-0.017588	0.0168901	0.0243847
209.8	-0.0173219	0.0167809	0.0241174
210	-0.0170667	0.0166516	0.0238442
210.2	-0.0168237	0.0165034	0.0235669
210.4	-0.0165941	0.0163377	0.023287
210.6	-0.0163787	0.016156	0.023006
210.8	-0.0161784	0.0159596	0.0227255
211	-0.015994	0.0157501	0.0224471
211.2	-0.015826	0.0155287	0.0221721
211.4	-0.0156747	0.015297	0.021902
211.6	-0.0155406	0.0150563	0.021638
211.8	-0.0154238	0.014808	0.0213816
212	-0.0153246	0.0145532	0.0211338
212.2	-0.0152428	0.0142934	0.020896
212.4	-0.0151787	0.0140296	0.0206693
212.6	-0.015132	0.013763	0.0204548
212.8	-0.0151028	0.0134947	0.0202534
213	-0.0150908	0.0132257	0.0200662
213.2	-0.015096	0.0129573	0.0198942
213.4	-0.0151182	0.0126904	0.0197384
213.6	-0.0151572	0.012426	0.0195997
213.8	-0.0152128	0.0121652	0.0194787
214	-0.0152847	0.0119092	0.0193765
214.2	-0.0153726	0.0116589	0.0192937
214.4	-0.0154764	0.0114155	0.0192311
214.6	-0.0155956	0.0111802	0.0191891
214.8	-0.0157298	0.010954	0.0191681
215	-0.0158785	0.0107382	0.0191686
215.2	-0.0160411	0.010534	0.0191907
215.4	-0.0162171	0.0103426	0.0192344
215.6	-0.0164056	0.0101651	0.0192996
215.8	-0.016606	0.0100026	0.0193859
216	-0.0168173	0.00985626	0.0194927
216.2	-0.0170383	0.00972717	0.0196194
216.4	-0.0172681	0.00961627	0.0197651
216.6	-0.0175053	0.00952446	0.0199286
216.8	-0.0177487	0.0094525	0.0201089
217	-0.0179971	0.00940105	0.0203045
217.2	-0.0182488	0.00937062	0.0205141
217.4	-0.0185025	0.00936156	0.020736
217.6	-0.0187566	0.00937411	0.0209686
217.8	-0.0190096	0.00940833	0.0212104
218	-0.0192599	0.00946411	0.0214596
218.2	-0.0195059	0.0095412	0.0217144
218.4	-0.0197462	0.00963919	0.0219733
218.6	-0.0199793	0.00975749	0.0222347
218.8	-0.0202036	0.0098954	0.0224967
219	-0.0204177	0.010052	0.022758
219.2	-0.0206204	0.0102264	0.023017
219.4	-0.0208104	0.0104174	0.0232721
219.6	-0.0209865	0.0106237	0.0235222
219.8	-0.0211477	0.0108441	0.023766
220	-0.0212931	0.0110772	0.0240021
220.2	-0.0214218	0.0113215	0.0242295
220.4	-0.021533	0.0115755	0.0244471
220.6	-0.021626	0.0118374	0.0246537
220.8	-0.0217003	0.0121058	0.0248486
221	-0.0217556	0.0123789	0.0250308
221.2	-0.0217915	0.012655	0.0251996
221.4	-0.0218079	0.0129325	0.0253542
221.6	-0.0218046	0.0132096	0.0254938
221.8	-0.0217818	0.0134847	0.025618
222	-0.0217395	0.0137559	0.0257261
222.2	-0.0216782	0.0140218	0.0258177
222.4	-0.0215981	0.0142807	0.0258924
222.6	-0.0214998	0.0145309	0.0259497
222.8	-0.0213839	0.0147709	0.0259895
223	-0.0212513	0.0149993	0.0260115
223.2	-0.0211027	0.0152146	0.0260155
223.4	-0.0209391	0.0154156	0.0260017
223.6	-0.0207616	0.015601	0.0259699
223.8	-0.0205714	0.0157697	0.0259204
224	-0.0203697	0.0159206	0.0258532
224.2	-0.0201578	0.0160529	0.0257688
224.4	-0.0199371	0.0161657	0.0256675
224.6	-0.0197092	0.0162584	0.0255497
224.8	-0.0194756	0.0163305	0.0254162
225	-0.0192378	0.0163817	0.0252676
225.2	-0.0189975	0.0164117	0.0251048
225.4	-0.0187561	0.0164205	0.0249284
225.6	-0.0185155	0.0164083	0.0247397
225.8	-0.018277	0.0163751	0.0245396
226	-0.0180424	0.0163215	0.0243294
226.2	-0.017813	0.016248	0.0241102
226.4	-0.0175905	0.0161552	0.0238834
226.6	-0.0173761	0.016044	0.0236503
226.8	-0.0171712	0.0159153	0.0234126
227	-0.0169771	0.0157701	0.0231715
227.2	-0.0167947	0.0156097	0.0229287
227.4	-0.0166252	0.0154351	0.0226857
227.6	-0.0164695	0.0152477	0.0224441
227.8	-0.0163282	0.0150489	0.0222054
228	-0.0162022	0.0148401	0.0219713
228.2	-0.0160919	0.0146226	0.0217432
228.4	-0.0159978	0.014398	0.0215228
228.6	-0.0159201	0.0141676	0.0213113
228.8	-0.0158592	0.0139329	0.0211102
229	-0.015815	0.0136953	0.0209207
229.2	-0.0157876	0.0134563	0.0207442
229.4	-0.0157767	0.0132173	0.0205816
229.6	-0.0157823	0.0129795	0.020434
229.8	-0.0158042	0.0127442	0.0203023
230	-0.0158418	0.0125126	0.0201873
230.2	-0.0158947	0.012286	0.0200895
230.4	-0.0159625	0.0120655	0.0200094
230.6	-0.0160445	0.0118523	0.0199475
230.8	-0.0161403	0.0116472	0.0199039
231	-0.0162491	0.0114514	0.0198789
231.2	-0.0163703	0.0112657	0.0198722
231.4	-0.016503	0.011091	0.0198837
231.6	-0.0166465	0.0109282	0.0199131
231.8	-0.0167999	0.0107779	0.01996
232	-0.0169624	0.010641	0.0200238
232.2	-0.017133	0.010518	0.0201039
232.4	-0.0173109	0.0104095	0.0201996
232.6	-0.017495	0.010316	0.02031
232.8	-0.0176845	0.010238	0.0204342
233	-0.0178782	0.0101757	0.0205712
233.2	-0.0180752	0.0101296	0.02072
233.4	-0.0182742	0.0100997	0.0208795
233.6	-0.0184744	0.0100863	0.0210485
233.8	-0.0186745	0.0100894	0.0212258
234	-0.0188736	0.0101089	0.0214103
234.2	-0.0190705	0.0101446	0.0216009
234.4	-0.0192642	0.0101965	0.0217963
234.6	-0.0194536	0.010264	0.0219953
234.8	-0.0196378	0.0103468	0.0221968
235	-0.0198156	0.0104445	0.0223997
235.2	-0.0199862	0.0105564	0.0226028
235.4	-0.0201487	0.0106818	0.0228051
235.6	-0.0203021	0.0108201	0.0230055
235.8	-0.0204457	0.0109705	0.023203
236	-0.0205787	0.011132	0.0233967
236.2	-0.0207004	0.0113037	0.0235856
236.4	-0.0208101	0.0114847	0.0237688
236.6	-0.0209072	0.0116739	0.0239456
236.8	-0.0209912	0.0118702	0.024115
237	-0.0210618	0.0120724	0.0242764
237.2	-0.0211186	0.0122794	0.0244291
237.4	-0.0211613	0.0124901	0.0245724
237.6	-0.0211896	0.0127033	0.0247057
237.8	-0.0212035	0.0129177	0.0248285
238	-0.0212029	0.0131322	0.0249403
238.2	-0.0211878	0.0133454	0.0250404
238.4	-0.0211583	0.0135563	0.0251286
238.6	-0.0211147	0.0137636	0.0252045
238.8	-0.0210571	0.0139661	0.0252676
239	-0.020986	0.0141627	0.0253178
239.2	-0.0209016	0.0143522	0.0253548
239.4	-0.0208046	0.0145337	0.0253783
239.6	-0.0206954	0.0147059	0.0253882
239.8	-0.0205747	0.0148679	0.0253845
240	-0.0204432	0.0150187	0.025367
240.2	-0.0203016	0.0151576	0.0253359
240.4	-0.0201509	0.0152835	0.0252912
240.6	-0.0199918	0.0153958	0.025233
240.8	-0.0198254	0.0154939	0.0251616
241	-0.0196525	0.0155769	0.0250771
241.2	-0.0194744	0.0156446	0.0249801
241.4	-0.019292	0.0156964	0.0248708
241.6	-0.0191065	0.015732	0.0247498
241.8	-0.018919	0.0157511	0.0246176
242	-0.0187308	0.0157537	0.0244749
242.2	-0.0185429	0.0157398	0.0243224
242.4	-0.0183566	0.0157094	0.0241609
242.6	-0.0181732	0.0156627	0.0239913
242.8	-0.0179936	0.0156	0.0238145
243	-0.0178192	0.0155219	0.0236316
243.2	-0.017651	0.0154287	0.0234436
243.4	-0.0174901	0.0153211	0.0232517
243.6	-0.0173375	0.0152	0.023057
243.8	-0.0171942	0.015066	0.022861
244	-0.0170611	0.0149202	0.0226648
244.2	-0.016939	0.0147634	0.0224697
244.4	-0.0168287	0.0145969	0.0222773
244.6	-0.0167309	0.0144217	0.0220887
244.8	-0.0166461	0.0142391	0.0219053
245	-0.0165747	0.0140502	0.0217285
245.2	-0.0165172	0.0138563	0.0215595
245.4	-0.0164737	0.0136588	0.0213996
245.6	-0.0164445	0.0134589	0.02125
245.8	-0.0164296	0.0132581	0.0211118
246	-0.016429	0.0130574	0.0209859
246.2	-0.0164426	0.0128584	0.0208733
246.4	-0.0164701	0.0126621	0.0207748
246.6	-0.0165111	0.0124698	0.0206908
246.8	-0.0165652	0.0122827	0.0206221
247	-0.016632	0.0121019	0.0205689
247.2	-0.0167109	0.0119285	0.0205315
247.4	-0.0168012	0.0117635	0.02051
247.6	-0.0169023	0.0116076	0.0205042
247.8	-0.0170133	0.0114619	0.0205141
248	-0.0171335	0.0113269	0.0205391
248.2	-0.017262	0.0112034	0.020579
248.4	-0.0173979	0.0110921	0.020633
248.6	-0.0175403	0.0109933	0.0207006
248.8	-0.0176882	0.0109075	0.0207809
249	-0.0178407	0.0108351	0.0208732
249.2	-0.0179969	0.0107762	0.0209765
249.4	-0.0181558	0.010731	0.02109
249.6	-0.0183165	0.0106997	0.0212127
249.8	-0.018478	0.0106821	0.0213435
