# Time	U	V	U_magnitude
0	-7.22305e-28	1.16633e-27	1.37188e-27
0.2	-0.00999256	9.22449e-05	0.00999299
0.4	-0.0203495	0.000123012	0.0203499
0.6	-0.0125584	0.000515527	0.012569
0.8	-0.0190226	0.000275918	0.0190246
1	-0.0258883	0.00137169	0.0259246
1.2	-0.0204295	0.00116443	0.0204627
1.4	-0.0242644	0.00146565	0.0243086
1.6	-0.0297204	0.00255636	0.0298302
1.8	-0.0259792	0.0025792	0.0261069
2	-0.0284637	0.00282963	0.028604
2.2	-0.0323961	0.00410944	0.0326557
2.4	-0.0302334	0.00423969	0.0305292
2.6	-0.031762	0.00457432	0.0320897
2.8	-0.0348211	0.00588699	0.0353152
3	-0.0336097	0.00621677	0.0341798
3.2	-0.0347727	0.00664642	0.0354022
3.4	-0.0371711	0.00798302	0.0380186
3.6	-0.0367268	0.00853506	0.0377055
3.8	-0.0377244	0.0090884	0.0388037
4	-0.0397474	0.010467	0.0411024
4.2	-0.0398706	0.0112311	0.0414222
4.4	-0.0408689	0.0119486	0.0425798
4.6	-0.0426888	0.013368	0.044733
4.8	-0.0432562	0.0143448	0.0455727
5	-0.0443503	0.0152324	0.0468932
5.2	-0.0460846	0.0167106	0.0490208
5.4	-0.047018	0.0178795	0.0503028
5.6	-0.0482551	0.0189457	0.0518411
5.8	-0.0499957	0.0204916	0.0540322
6	-0.0512344	0.0218391	0.0556948
6.2	-0.0526498	0.0230823	0.0574873
6.4	-0.0544557	0.0247093	0.0597994
6.6	-0.0559657	0.0262225	0.0618043
6.8	-0.0575772	0.0276407	0.0638682
7	-0.0594947	0.0293619	0.0663456
7.2	-0.0612529	0.0310322	0.0686652
7.4	-0.0630737	0.0326236	0.0710112
7.6	-0.0651359	0.0344518	0.0736859
7.8	-0.0671299	0.0362747	0.0763038
8	-0.0691691	0.0380379	0.0789382
8.2	-0.0714017	0.0399867	0.081836
8.4	-0.0736268	0.0419627	0.0847453
8.6	-0.0758937	0.0439015	0.0876767
8.8	-0.0783217	0.0459913	0.0908267
9	-0.0807857	0.0481377	0.0940403
9.2	-0.0833016	0.0502814	0.0973004
9.4	-0.085965	0.0525701	0.100765
9.6	-0.0887059	0.0549638	0.104354
9.8	-0.0915268	0.0574223	0.108049
10	-0.0945061	0.0600723	0.111982
10.2	-0.0976116	0.0629199	0.116133
10.4	-0.10084	0.0659505	0.120492
10.6	-0.104251	0.0692735	0.125168
10.8	-0.107828	0.0729195	0.130169
11	-0.111554	0.0768794	0.13548
11.2	-0.115458	0.0812248	0.141167
11.4	-0.119515	0.0859693	0.147223
11.6	-0.123684	0.0910746	0.153598
11.8	-0.127956	0.0965485	0.160294
12	-0.132287	0.102359	0.167264
12.2	-0.136618	0.108424	0.174414
12.4	-0.140914	0.114693	0.18169
12.6	-0.145123	0.121096	0.18901
12.8	-0.149185	0.12753	0.196265
13	-0.153061	0.133917	0.203375
13.2	-0.15671	0.140183	0.210261
13.4	-0.160087	0.146234	0.216824
13.6	-0.163165	0.152002	0.222996
13.8	-0.165922	0.157429	0.228723
14	-0.168334	0.162453	0.233939
14.2	-0.170394	0.167031	0.238607
14.4	-0.172098	0.171134	0.242703
14.6	-0.173444	0.174734	0.2462
14.8	-0.174438	0.177815	0.249092
15	-0.175094	0.180377	0.251384
15.2	-0.175423	0.182419	0.253081
15.4	-0.175442	0.18395	0.2542
15.6	-0.175175	0.184989	0.254769
15.8	-0.17464	0.185556	0.254814
16	-0.173861	0.185674	0.254367
16.2	-0.172863	0.185376	0.253467
16.4	-0.17167	0.184691	0.252153
16.6	-0.170305	0.183652	0.250463
16.8	-0.168792	0.182293	0.248438
17	-0.167155	0.18065	0.24612
17.2	-0.165414	0.178755	0.243547
17.4	-0.163589	0.176641	0.240756
17.6	-0.1617	0.174342	0.237786
17.8	-0.159763	0.171886	0.234668
18	-0.157794	0.169303	0.231435
18.2	-0.155807	0.166618	0.228117
18.4	-0.153814	0.163857	0.224739
18.6	-0.151825	0.16104	0.221325
18.8	-0.149851	0.158188	0.217896
19	-0.147899	0.155318	0.214471
19.2	-0.145975	0.152446	0.211065
19.4	-0.144084	0.149586	0.207693
19.6	-0.142232	0.146748	0.204365
19.8	-0.140421	0.143943	0.201091
20	-0.138654	0.141179	0.19788
20.2	-0.136932	0.138463	0.194736
20.4	-0.135256	0.135799	0.191666
20.6	-0.133627	0.133194	0.188671
20.8	-0.132045	0.130648	0.185755
21	-0.13051	0.128166	0.182919
21.2	-0.12902	0.125748	0.180163
21.4	-0.127576	0.123396	0.177488
21.6	-0.126174	0.121109	0.174893
21.8	-0.124815	0.118889	0.172376
22	-0.123497	0.116733	0.169936
22.2	-0.122219	0.114642	0.167571
22.4	-0.120978	0.112614	0.16528
22.6	-0.119773	0.110648	0.163059
22.8	-0.118602	0.108742	0.160908
23	-0.117465	0.106896	0.158823
23.2	-0.116359	0.105107	0.156802
23.4	-0.115283	0.103373	0.154842
23.6	-0.114235	0.101694	0.152942
23.8	-0.113214	0.100067	0.151099
24	-0.112218	0.0984906	0.14931
24.2	-0.111247	0.0969631	0.147573
24.4	-0.110299	0.0954828	0.145886
24.6	-0.109372	0.094048	0.144247
24.8	-0.108466	0.0926571	0.142654
25	-0.107579	0.0913087	0.141105
25.2	-0.106711	0.0900011	0.139597
25.4	-0.10586	0.0887328	0.13813
25.6	-0.105026	0.0875024	0.136701
25.8	-0.104207	0.0863086	0.135308
26	-0.103403	0.0851499	0.13395
26.2	-0.102613	0.0840251	0.132626
26.4	-0.101836	0.0829328	0.131333
26.6	-0.101071	0.0818718	0.130071
26.8	-0.100319	0.080841	0.128838
27	-0.0995779	0.0798392	0.127632
27.2	-0.0988476	0.0788651	0.126454
27.4	-0.0981276	0.0779178	0.1253
27.6	-0.0974173	0.0769961	0.124171
27.8	-0.0967163	0.0760991	0.123065
28	-0.0960242	0.0752257	0.121982
28.2	-0.0953407	0.074375	0.120919
28.4	-0.0946654	0.0735459	0.119877
28.6	-0.093998	0.0727376	0.118855
28.8	-0.0933383	0.0719492	0.11785
29	-0.0926858	0.0711798	0.116864
29.2	-0.0920405	0.0704286	0.115895
29.4	-0.0914022	0.0696947	0.114942
29.6	-0.0907706	0.0689773	0.114005
29.8	-0.0901457	0.0682758	0.113083
30	-0.0895274	0.0675893	0.112176
30.2	-0.0889155	0.0669171	0.111283
30.4	-0.0883099	0.0662585	0.110403
30.6	-0.0877106	0.0656129	0.109536
30.8	-0.0871176	0.0649796	0.108682
31	-0.0865309	0.0643581	0.10784
31.2	-0.0859504	0.0637476	0.10701
31.4	-0.0853762	0.0631478	0.106192
31.6	-0.0848084	0.0625579	0.105385
31.8	-0.0842469	0.0619776	0.104589
32	-0.0836919	0.0614063	0.103803
32.2	-0.0831434	0.0608436	0.103028
32.4	-0.0826014	0.060289	0.102263
32.6	-0.0820662	0.0597422	0.101509
32.8	-0.0815378	0.0592029	0.100764
33	-0.0810162	0.0586706	0.100029
33.2	-0.0805017	0.058145	0.0993044
33.4	-0.0799943	0.0576259	0.0985892
33.6	-0.0794942	0.057113	0.0978837
33.8	-0.0790014	0.0566061	0.0971878
34	-0.0785162	0.0561049	0.0965015
34.2	-0.0780385	0.0556093	0.0958249
34.4	-0.0775686	0.0551191	0.0951578
34.6	-0.0771066	0.0546342	0.0945004
34.8	-0.0766525	0.0541545	0.0938526
35	-0.0762064	0.0536799	0.0932146
35.2	-0.0757685	0.0532104	0.0925862
35.4	-0.0753388	0.0527459	0.0919677
35.6	-0.0749175	0.0522863	0.0913591
35.8	-0.0745046	0.0518317	0.0907604
36	-0.0741001	0.0513821	0.0901718
36.2	-0.0737042	0.0509375	0.0895931
36.4	-0.0733167	0.0504979	0.0890246
36.6	-0.0729379	0.0500635	0.0884663
36.8	-0.0725676	0.0496342	0.0879183
37	-0.0722059	0.0492102	0.0873805
37.2	-0.0718528	0.0487916	0.086853
37.4	-0.0715082	0.0483783	0.0863359
37.6	-0.0711721	0.0479707	0.0858292
37.8	-0.0708444	0.0475686	0.0853329
38	-0.0705252	0.0471724	0.0848471
38.2	-0.0702142	0.046782	0.0843717
38.4	-0.0699114	0.0463976	0.0839068
38.6	-0.0696168	0.0460193	0.0834522
38.8	-0.0693301	0.0456472	0.083008
39	-0.0690513	0.0452815	0.0825742
39.2	-0.0687802	0.0449221	0.0821505
39.4	-0.0685167	0.0445692	0.0817371
39.6	-0.0682605	0.044223	0.0813337
39.8	-0.0680116	0.0438834	0.0809403
40	-0.0677697	0.0435506	0.0805568
40.2	-0.0675347	0.0432246	0.0801829
40.4	-0.0673063	0.0429056	0.0798187
40.6	-0.0670844	0.0425935	0.0794639
40.8	-0.0668687	0.0422883	0.0791184
41	-0.0666591	0.0419902	0.078782
41.2	-0.0664553	0.0416991	0.0784546
41.4	-0.0662571	0.041415	0.0781358
41.6	-0.0660643	0.041138	0.0778256
41.8	-0.0658766	0.040868	0.0775237
42	-0.0656939	0.0406049	0.0772299
42.2	-0.0655159	0.0403487	0.0769439
42.4	-0.0653425	0.0400995	0.0766655
42.6	-0.0651732	0.039857	0.0763946
42.8	-0.0650081	0.0396212	0.0761308
43	-0.0648468	0.0393921	0.0758739
43.2	-0.0646891	0.0391696	0.0756236
43.4	-0.0645348	0.0389534	0.0753798
43.6	-0.0643838	0.0387436	0.0751421
43.8	-0.0642358	0.0385399	0.0749103
44	-0.0640906	0.0383423	0.0746843
44.2	-0.0639482	0.0381506	0.0744636
44.4	-0.0638082	0.0379646	0.0742482
44.6	-0.0636706	0.0377842	0.0740377
44.8	-0.0635351	0.0376092	0.073832
45	-0.0634017	0.0374395	0.0736308
45.2	-0.0632702	0.0372749	0.0734339
45.4	-0.0631405	0.0371152	0.0732411
45.6	-0.0630124	0.0369602	0.0730521
45.8	-0.0628859	0.0368097	0.0728669
46	-0.0627608	0.0366635	0.0726851
46.2	-0.062637	0.0365215	0.0725067
46.4	-0.0625146	0.0363835	0.0723314
46.6	-0.0623933	0.0362493	0.0721591
46.8	-0.0622731	0.0361186	0.0719896
47	-0.0621541	0.0359914	0.0718227
47.2	-0.062036	0.0358674	0.0716585
47.4	-0.0619189	0.0357464	0.0714966
47.6	-0.0618028	0.0356283	0.071337
47.8	-0.0616877	0.0355129	0.0711796
48	-0.0615734	0.0354	0.0710243
48.2	-0.0614601	0.0352895	0.070871
48.4	-0.0613477	0.0351813	0.0707196
48.6	-0.0612362	0.035075	0.07057
48.8	-0.0611256	0.0349707	0.0704222
49	-0.061016	0.0348682	0.0702762
49.2	-0.0609073	0.0347673	0.0701318
49.4	-0.0607997	0.034668	0.0699891
49.6	-0.060693	0.0345701	0.0698479
49.8	-0.0605874	0.0344735	0.0697084
50	-0.060483	0.0343781	0.0695704
50.2	-0.0603796	0.0342838	0.069434
50.4	-0.0602775	0.0341905	0.0692991
50.6	-0.0601765	0.0340982	0.0691658
50.8	-0.0600769	0.0340068	0.069034
51	-0.0599785	0.0339162	0.0689038
51.2	-0.0598816	0.0338263	0.0687752
51.4	-0.059786	0.0337372	0.0686482
51.6	-0.0596919	0.0336488	0.0685228
51.8	-0.0595993	0.0335611	0.068399
52	-0.0595083	0.033474	0.068277
52.2	-0.0594189	0.0333875	0.0681567
52.4	-0.0593311	0.0333017	0.0680381
52.6	-0.059245	0.0332164	0.0679213
52.8	-0.0591606	0.0331318	0.0678063
53	-0.0590779	0.0330478	0.0676931
53.2	-0.058997	0.0329644	0.0675818
53.4	-0.058918	0.0328817	0.0674725
53.6	-0.0588407	0.0327997	0.0673651
53.8	-0.0587653	0.0327184	0.0672596
54	-0.0586918	0.0326378	0.0671562
54.2	-0.0586201	0.032558	0.0670548
54.4	-0.0585503	0.0324791	0.0669554
54.6	-0.0584824	0.0324009	0.0668582
54.8	-0.0584164	0.0323237	0.066763
55	-0.0583523	0.0322474	0.06667
55.2	-0.05829	0.032172	0.066579
55.4	-0.0582296	0.0320977	0.0664903
55.6	-0.0581711	0.0320245	0.0664036
55.8	-0.0581143	0.0319523	0.0663191
56	-0.0580593	0.0318814	0.0662368
56.2	-0.0580061	0.0318116	0.0661565
56.4	-0.0579547	0.031743	0.0660785
56.6	-0.0579049	0.0316757	0.0660025
56.8	-0.0578567	0.0316097	0.0659286
57	-0.0578102	0.0315451	0.0658568
57.2	-0.0577652	0.0314819	0.065787
57.4	-0.0577218	0.03142	0.0657193
57.6	-0.0576798	0.0313596	0.0656535
57.8	-0.0576392	0.0313006	0.0655897
58	-0.0576	0.0312431	0.0655278
58.2	-0.0575621	0.0311871	0.0654678
58.4	-0.0575254	0.0311326	0.0654095
58.6	-0.0574899	0.0310796	0.0653531
58.8	-0.0574555	0.0310281	0.0652984
59	-0.0574222	0.0309781	0.0652453
59.2	-0.0573899	0.0309296	0.0651939
59.4	-0.0573586	0.0308827	0.065144
59.6	-0.0573281	0.0308372	0.0650957
59.8	-0.0572985	0.0307932	0.0650488
60	-0.0572697	0.0307507	0.0650032
60.2	-0.0572416	0.0307096	0.064959
60.4	-0.0572141	0.0306699	0.0649161
60.6	-0.0571873	0.0306316	0.0648744
60.8	-0.0571611	0.0305947	0.0648338
61	-0.0571353	0.030559	0.0647943
61.2	-0.0571101	0.0305247	0.0647558
61.4	-0.0570853	0.0304916	0.0647184
61.6	-0.0570608	0.0304597	0.0646818
61.8	-0.0570367	0.030429	0.0646461
62	-0.057013	0.0303994	0.0646112
62.2	-0.0569895	0.0303708	0.064577
62.4	-0.0569663	0.0303433	0.0645436
62.6	-0.0569433	0.0303168	0.0645108
62.8	-0.0569204	0.0302912	0.0644786
63	-0.0568978	0.0302664	0.064447
63.2	-0.0568753	0.0302425	0.064416
63.4	-0.056853	0.0302194	0.0643854
63.6	-0.0568308	0.030197	0.0643553
63.8	-0.0568087	0.0301753	0.0643256
64	-0.0567868	0.0301542	0.0642963
64.2	-0.0567649	0.0301336	0.0642673
64.4	-0.0567431	0.0301137	0.0642387
64.6	-0.0567214	0.0300942	0.0642104
64.8	-0.0566999	0.0300751	0.0641825
65	-0.0566784	0.0300565	0.0641548
65.2	-0.0566571	0.0300382	0.0641273
65.4	-0.0566358	0.0300202	0.0641002
65.6	-0.0566147	0.0300026	0.0640732
65.8	-0.0565938	0.0299852	0.0640466
66	-0.0565729	0.029968	0.0640201
66.2	-0.0565523	0.029951	0.0639939
66.4	-0.0565318	0.0299341	0.0639679
66.6	-0.0565115	0.0299174	0.0639422
66.8	-0.0564914	0.0299008	0.0639166
67	-0.0564716	0.0298843	0.0638914
67.2	-0.0564519	0.0298679	0.0638664
67.4	-0.0564326	0.0298515	0.0638416
67.6	-0.0564135	0.0298352	0.0638171
67.8	-0.0563947	0.0298189	0.0637929
68	-0.0563762	0.0298026	0.0637689
68.2	-0.0563581	0.0297863	0.0637453
68.4	-0.0563403	0.0297701	0.0637219
68.6	-0.0563228	0.0297539	0.0636989
68.8	-0.0563057	0.0297377	0.0636762
69	-0.0562891	0.0297215	0.0636539
69.2	-0.0562728	0.0297053	0.063632
69.4	-0.0562569	0.0296891	0.0636104
69.6	-0.0562415	0.029673	0.0635892
69.8	-0.0562265	0.0296569	0.0635684
70	-0.0562119	0.0296408	0.0635481
70.2	-0.0561978	0.0296248	0.0635281
70.4	-0.0561842	0.0296089	0.0635086
70.6	-0.056171	0.0295931	0.0634896
70.8	-0.0561583	0.0295774	0.063471
71	-0.0561461	0.0295617	0.0634529
71.2	-0.0561343	0.0295463	0.0634353
71.4	-0.056123	0.0295309	0.0634182
71.6	-0.0561122	0.0295157	0.0634016
71.8	-0.0561019	0.0295007	0.0633854
72	-0.056092	0.0294859	0.0633698
72.2	-0.0560826	0.0294713	0.0633547
72.4	-0.0560737	0.0294569	0.0633401
72.6	-0.0560652	0.0294427	0.063326
72.8	-0.0560571	0.0294288	0.0633124
73	-0.0560495	0.0294152	0.0632993
73.2	-0.0560423	0.0294019	0.0632867
73.4	-0.0560355	0.0293888	0.0632746
73.6	-0.0560291	0.0293761	0.0632631
73.8	-0.0560231	0.0293636	0.0632519
74	-0.0560174	0.0293515	0.0632413
74.2	-0.0560121	0.0293397	0.0632311
74.4	-0.0560072	0.0293283	0.0632214
74.6	-0.0560025	0.0293172	0.0632122
74.8	-0.0559982	0.0293065	0.0632034
75	-0.0559941	0.0292961	0.0631949
75.2	-0.0559903	0.0292861	0.0631869
75.4	-0.0559868	0.0292765	0.0631793
75.6	-0.0559835	0.0292672	0.0631721
75.8	-0.0559804	0.0292583	0.0631653
76	-0.0559775	0.0292497	0.0631588
76.2	-0.0559748	0.0292415	0.0631526
76.4	-0.0559723	0.0292337	0.0631467
76.6	-0.05597	0.0292262	0.0631412
76.8	-0.0559678	0.029219	0.0631359
77	-0.0559657	0.0292122	0.0631309
77.2	-0.0559637	0.0292057	0.0631261
77.4	-0.0559618	0.0291995	0.0631216
77.6	-0.05596	0.0291937	0.0631173
77.8	-0.0559583	0.0291881	0.0631132
78	-0.0559566	0.0291829	0.0631093
78.2	-0.055955	0.0291779	0.0631056
78.4	-0.0559535	0.0291731	0.063102
78.6	-0.0559519	0.0291687	0.0630986
78.8	-0.0559504	0.0291644	0.0630953
79	-0.0559489	0.0291604	0.0630921
79.2	-0.0559475	0.0291566	0.063089
79.4	-0.055946	0.029153	0.063086
79.6	-0.0559445	0.0291496	0.0630832
79.8	-0.055943	0.0291463	0.0630803
80	-0.0559415	0.0291432	0.0630776
80.2	-0.05594	0.0291403	0.0630749
80.4	-0.0559385	0.0291374	0.0630723
80.6	-0.055937	0.0291347	0.0630697
80.8	-0.0559355	0.0291321	0.0630671
81	-0.055934	0.0291296	0.0630646
81.2	-0.0559324	0.0291272	0.0630621
81.4	-0.0559308	0.0291248	0.0630596
81.6	-0.0559293	0.0291225	0.0630571
81.8	-0.0559277	0.0291202	0.0630547
82	-0.0559261	0.029118	0.0630523
82.2	-0.0559246	0.0291158	0.0630499
82.4	-0.055923	0.0291136	0.0630475
82.6	-0.0559215	0.0291115	0.0630451
82.8	-0.0559199	0.0291093	0.0630428
83	-0.0559184	0.0291071	0.0630404
83.2	-0.0559169	0.0291049	0.0630381
83.4	-0.0559155	0.0291028	0.0630358
83.6	-0.0559141	0.0291005	0.0630335
83.8	-0.0559127	0.0290983	0.0630313
84	-0.0559114	0.0290961	0.0630291
84.2	-0.0559101	0.0290938	0.0630269
84.4	-0.0559089	0.0290915	0.0630248
84.6	-0.0559078	0.0290892	0.0630227
84.8	-0.0559067	0.0290868	0.0630206
85	-0.0559057	0.0290844	0.0630186
85.2	-0.0559048	0.029082	0.0630167
85.4	-0.0559039	0.0290796	0.0630148
85.6	-0.0559032	0.0290771	0.063013
85.8	-0.0559025	0.0290746	0.0630113
86	-0.0559019	0.0290721	0.0630096
86.2	-0.0559014	0.0290696	0.063008
86.4	-0.0559011	0.0290671	0.0630065
86.6	-0.0559008	0.0290646	0.0630051
86.8	-0.0559006	0.029062	0.0630038
87	-0.0559005	0.0290595	0.0630026
87.2	-0.0559006	0.029057	0.0630014
87.4	-0.0559007	0.0290545	0.0630004
87.6	-0.055901	0.029052	0.0629995
87.8	-0.0559013	0.0290495	0.0629987
88	-0.0559018	0.029047	0.0629979
88.2	-0.0559023	0.0290446	0.0629973
88.4	-0.055903	0.0290423	0.0629968
88.6	-0.0559038	0.0290399	0.0629964
88.8	-0.0559047	0.0290376	0.0629962
89	-0.0559056	0.0290354	0.062996
89.2	-0.0559067	0.0290332	0.0629959
89.4	-0.0559079	0.0290311	0.062996
89.6	-0.0559091	0.029029	0.0629961
89.8	-0.0559104	0.029027	0.0629964
90	-0.0559118	0.0290251	0.0629968
90.2	-0.0559133	0.0290233	0.0629972
90.4	-0.0559149	0.0290215	0.0629978
90.6	-0.0559165	0.0290198	0.0629985
90.8	-0.0559182	0.0290182	0.0629992
91	-0.05592	0.0290167	0.0630001
91.2	-0.0559218	0.0290153	0.0630011
91.4	-0.0559237	0.0290139	0.0630021
91.6	-0.0559256	0.0290126	0.0630032
91.8	-0.0559275	0.0290115	0.0630044
92	-0.0559295	0.0290104	0.0630057
92.2	-0.0559316	0.0290094	0.063007
92.4	-0.0559336	0.0290085	0.0630084
92.6	-0.0559357	0.0290076	0.0630099
92.8	-0.0559378	0.0290069	0.0630114
93	-0.0559399	0.0290062	0.063013
93.2	-0.055942	0.0290056	0.0630146
93.4	-0.0559442	0.0290051	0.0630162
93.6	-0.0559463	0.0290047	0.0630179
93.8	-0.0559484	0.0290043	0.0630197
94	-0.0559506	0.0290041	0.0630214
94.2	-0.0559527	0.0290038	0.0630232
94.4	-0.0559548	0.0290037	0.063025
94.6	-0.0559569	0.0290036	0.0630269
94.8	-0.055959	0.0290036	0.0630287
95	-0.0559611	0.0290036	0.0630306
95.2	-0.0559632	0.0290037	0.0630325
95.4	-0.0559652	0.0290038	0.0630343
95.6	-0.0559672	0.029004	0.0630362
95.8	-0.0559692	0.0290042	0.0630381
96	-0.0559712	0.0290044	0.0630399
96.2	-0.0559732	0.0290047	0.0630418
96.4	-0.0559751	0.029005	0.0630436
96.6	-0.055977	0.0290053	0.0630455
96.8	-0.0559789	0.0290056	0.0630473
97	-0.0559808	0.029006	0.0630491
97.2	-0.0559826	0.0290063	0.0630509
97.4	-0.0559844	0.0290067	0.0630527
97.6	-0.0559862	0.0290071	0.0630545
97.8	-0.055988	0.0290075	0.0630563
98	-0.0559898	0.0290079	0.063058
98.2	-0.0559915	0.0290083	0.0630597
98.4	-0.0559932	0.0290087	0.0630614
98.6	-0.0559949	0.0290091	0.0630631
98.8	-0.0559966	0.0290094	0.0630648
99	-0.0559982	0.0290098	0.0630664
99.2	-0.0559999	0.0290101	0.063068
99.4	-0.0560016	0.0290105	0.0630697
99.6	-0.0560032	0.0290108	0.0630713
99.8	-0.0560048	0.0290111	0.0630729
100	-0.0560064	0.0290114	0.0630744
100.2	-0.0560081	0.0290117	0.063076
100.4	-0.0560097	0.0290119	0.0630776
100.6	-0.0560113	0.0290122	0.0630791
100.8	-0.0560129	0.0290124	0.0630807
101	-0.0560146	0.0290126	0.0630822
101.2	-0.0560162	0.0290128	0.0630837
101.4	-0.0560178	0.029013	0.0630853
101.6	-0.0560195	0.0290131	0.0630868
101.8	-0.0560211	0.0290133	0.0630883
102	-0.0560228	0.0290134	0.0630899
102.2	-0.0560245	0.0290135	0.0630914
102.4	-0.0560261	0.0290136	0.0630929
102.6	-0.0560278	0.0290137	0.0630945
102.8	-0.0560295	0.0290138	0.063096
103	-0.0560313	0.0290139	0.0630976
103.2	-0.056033	0.0290139	0.0630992
103.4	-0.0560348	0.029014	0.0631008
103.6	-0.0560365	0.029014	0.0631024
103.8	-0.0560383	0.0290141	0.063104
104	-0.0560401	0.0290141	0.0631056
104.2	-0.0560419	0.0290142	0.0631072
104.4	-0.0560438	0.0290143	0.0631089
104.6	-0.0560456	0.0290143	0.0631105
104.8	-0.0560475	0.0290144	0.0631122
105	-0.0560493	0.0290144	0.0631139
105.2	-0.0560512	0.0290145	0.0631156
105.4	-0.0560531	0.0290146	0.0631174
105.6	-0.056055	0.0290147	0.0631191
105.8	-0.056057	0.0290148	0.0631209
106	-0.0560589	0.0290149	0.0631226
106.2	-0.0560608	0.029015	0.0631244
106.4	-0.0560628	0.0290152	0.0631262
106.6	-0.0560648	0.0290154	0.063128
106.8	-0.0560667	0.0290155	0.0631299
107	-0.0560687	0.0290157	0.0631317
107.2	-0.0560707	0.0290159	0.0631336
107.4	-0.0560727	0.0290162	0.0631354
107.6	-0.0560746	0.0290164	0.0631373
107.8	-0.0560766	0.0290167	0.0631392
108	-0.0560786	0.029017	0.0631411
108.2	-0.0560806	0.0290173	0.063143
108.4	-0.0560826	0.0290176	0.0631449
108.6	-0.0560845	0.029018	0.0631468
108.8	-0.0560865	0.0290183	0.0631487
109	-0.0560885	0.0290187	0.0631506
109.2	-0.0560904	0.0290191	0.0631526
109.4	-0.0560924	0.0290195	0.0631545
109.6	-0.0560943	0.02902	0.0631564
109.8	-0.0560962	0.0290204	0.0631583
110	-0.0560982	0.0290209	0.0631602
110.2	-0.0561001	0.0290213	0.0631621
110.4	-0.0561019	0.0290218	0.063164
110.6	-0.0561038	0.0290223	0.0631659
110.8	-0.0561057	0.0290229	0.0631678
111	-0.0561075	0.0290234	0.0631697
111.2	-0.0561094	0.0290239	0.0631716
111.4	-0.0561112	0.0290245	0.0631735
111.6	-0.056113	0.029025	0.0631753
111.8	-0.0561148	0.0290256	0.0631771
112	-0.0561165	0.0290261	0.063179
112.2	-0.0561183	0.0290267	0.0631808
112.4	-0.05612	0.0290273	0.0631826
112.6	-0.0561218	0.0290279	0.0631844
112.8	-0.0561235	0.0290285	0.0631862
113	-0.0561251	0.029029	0.0631879
113.2	-0.0561268	0.0290296	0.0631897
113.4	-0.0561285	0.0290302	0.0631914
113.6	-0.0561301	0.0290308	0.0631932
113.8	-0.0561317	0.0290314	0.0631949
114	-0.0561333	0.0290319	0.0631965
114.2	-0.0561349	0.0290325	0.0631982
114.4	-0.0561365	0.0290331	0.0631999
114.6	-0.0561381	0.0290336	0.0632015
114.8	-0.0561396	0.0290342	0.0632032
115	-0.0561412	0.0290347	0.0632048
115.2	-0.0561427	0.0290353	0.0632064
115.4	-0.0561442	0.0290358	0.063208
115.6	-0.0561457	0.0290363	0.0632095
115.8	-0.0561472	0.0290368	0.0632111
116	-0.0561487	0.0290373	0.0632126
116.2	-0.0561501	0.0290378	0.0632142
116.4	-0.0561516	0.0290383	0.0632157
116.6	-0.0561531	0.0290388	0.0632172
116.8	-0.0561545	0.0290393	0.0632187
117	-0.0561559	0.0290397	0.0632202
117.2	-0.0561574	0.0290402	0.0632217
117.4	-0.0561588	0.0290406	0.0632232
117.6	-0.0561602	0.0290411	0.0632246
117.8	-0.0561616	0.0290415	0.0632261
118	-0.056163	0.0290419	0.0632275
118.2	-0.0561644	0.0290423	0.063229
118.4	-0.0561658	0.0290427	0.0632304
118.6	-0.0561672	0.0290432	0.0632318
118.8	-0.0561686	0.0290435	0.0632332
119	-0.05617	0.0290439	0.0632346
119.2	-0.0561714	0.0290443	0.063236
119.4	-0.0561728	0.0290447	0.0632374
119.6	-0.0561741	0.0290451	0.0632388
119.8	-0.0561755	0.0290454	0.0632402
120	-0.0561769	0.0290458	0.0632416
120.2	-0.0561782	0.0290462	0.063243
120.4	-0.0561796	0.0290465	0.0632444
120.6	-0.056181	0.0290469	0.0632457
120.8	-0.0561823	0.0290472	0.0632471
121	-0.0561837	0.0290476	0.0632485
121.2	-0.0561851	0.0290479	0.0632498
121.4	-0.0561864	0.0290483	0.0632512
121.6	-0.0561878	0.0290486	0.0632526
121.8	-0.0561891	0.029049	0.0632539
122	-0.0561904	0.0290494	0.0632553
122.2	-0.0561918	0.0290497	0.0632566
122.4	-0.0561931	0.0290501	0.063258
122.6	-0.0561945	0.0290504	0.0632593
122.8	-0.0561958	0.0290508	0.0632607
123	-0.0561971	0.0290511	0.063262
123.2	-0.0561984	0.0290515	0.0632634
123.4	-0.0561997	0.0290519	0.0632647
123.6	-0.056201	0.0290522	0.063266
123.8	-0.0562023	0.0290526	0.0632673
124	-0.0562036	0.029053	0.0632687
124.2	-0.0562049	0.0290533	0.06327
124.4	-0.0562062	0.0290537	0.0632713
124.6	-0.0562075	0.0290541	0.0632726
124.8	-0.0562088	0.0290545	0.0632739
125	-0.05621	0.0290549	0.0632752
125.2	-0.0562113	0.0290553	0.0632765
125.4	-0.0562125	0.0290557	0.0632778
125.6	-0.0562138	0.0290561	0.0632791
125.8	-0.056215	0.0290564	0.0632804
126	-0.0562162	0.0290568	0.0632816
126.2	-0.0562174	0.0290572	0.0632829
126.4	-0.0562186	0.0290576	0.0632841
126.6	-0.0562198	0.0290581	0.0632854
126.8	-0.056221	0.0290585	0.0632866
127	-0.0562222	0.0290589	0.0632879
127.2	-0.0562234	0.0290593	0.0632891
127.4	-0.0562245	0.0290597	0.0632903
127.6	-0.0562257	0.0290601	0.0632915
127.8	-0.0562268	0.0290605	0.0632927
128	-0.056228	0.0290609	0.0632939
128.2	-0.0562291	0.0290613	0.0632951
128.4	-0.0562302	0.0290617	0.0632963
128.6	-0.0562313	0.0290621	0.0632974
128.8	-0.0562324	0.0290625	0.0632986
129	-0.0562335	0.0290629	0.0632997
129.2	-0.0562345	0.0290633	0.0633009
129.4	-0.0562356	0.0290637	0.063302
129.6	-0.0562367	0.0290641	0.0633031
129.8	-0.0562377	0.0290645	0.0633042
130	-0.0562387	0.0290649	0.0633053
130.2	-0.0562398	0.0290653	0.0633064
130.4	-0.0562408	0.0290657	0.0633075
130.6	-0.0562418	0.0290661	0.0633086
130.8	-0.0562428	0.0290664	0.0633096
131	-0.0562438	0.0290668	0.0633107
131.2	-0.0562448	0.0290672	0.0633117
131.4	-0.0562458	0.0290675	0.0633128
131.6	-0.0562467	0.0290679	0.0633138
131.8	-0.0562477	0.0290683	0.0633148
132	-0.0562487	0.0290686	0.0633158
132.2	-0.0562496	0.029069	0.0633168
132.4	-0.0562505	0.0290693	0.0633178
132.6	-0.0562515	0.0290697	0.0633188
132.8	-0.0562524	0.02907	0.0633198
133	-0.0562533	0.0290703	0.0633208
133.2	-0.0562543	0.0290707	0.0633218
133.4	-0.0562552	0.029071	0.0633227
133.6	-0.0562561	0.0290713	0.0633237
133.8	-0.056257	0.0290716	0.0633246
134	-0.0562579	0.0290719	0.0633255
134.2	-0.0562587	0.0290723	0.0633265
134.4	-0.0562596	0.0290726	0.0633274
134.6	-0.0562605	0.0290729	0.0633283
134.8	-0.0562614	0.0290732	0.0633292
135	-0.0562623	0.0290735	0.0633301
135.2	-0.0562631	0.0290738	0.063331
135.4	-0.056264	0.029074	0.0633319
135.6	-0.0562648	0.0290743	0.0633328
135.8	-0.0562657	0.0290746	0.0633337
136	-0.0562665	0.0290749	0.0633346
136.2	-0.0562674	0.0290752	0.0633355
136.4	-0.0562682	0.0290755	0.0633364
136.6	-0.056269	0.0290757	0.0633372
136.8	-0.0562699	0.029076	0.0633381
137	-0.0562707	0.0290763	0.0633389
137.2	-0.0562715	0.0290765	0.0633398
137.4	-0.0562723	0.0290768	0.0633406
137.6	-0.0562731	0.0290771	0.0633415
137.8	-0.056274	0.0290773	0.0633423
138	-0.0562748	0.0290776	0.0633432
138.2	-0.0562756	0.0290779	0.063344
138.4	-0.0562764	0.0290781	0.0633448
138.6	-0.0562771	0.0290784	0.0633456
138.8	-0.0562779	0.0290787	0.0633465
139	-0.0562787	0.0290789	0.0633473
139.2	-0.0562795	0.0290792	0.0633481
139.4	-0.0562803	0.0290794	0.0633489
139.6	-0.056281	0.0290797	0.0633497
139.8	-0.0562818	0.0290799	0.0633505
140	-0.0562826	0.0290802	0.0633513
140.2	-0.0562833	0.0290805	0.0633521
140.4	-0.0562841	0.0290807	0.0633529
140.6	-0.0562848	0.029081	0.0633536
140.8	-0.0562856	0.0290812	0.0633544
141	-0.0562863	0.0290815	0.0633552
141.2	-0.056287	0.0290817	0.0633559
141.4	-0.0562877	0.029082	0.0633567
141.6	-0.0562885	0.0290822	0.0633575
141.8	-0.0562892	0.0290825	0.0633582
142	-0.0562899	0.0290827	0.063359
142.2	-0.0562906	0.029083	0.0633597
142.4	-0.0562913	0.0290833	0.0633604
142.6	-0.056292	0.0290835	0.0633612
142.8	-0.0562927	0.0290838	0.0633619
143	-0.0562934	0.029084	0.0633626
143.2	-0.056294	0.0290842	0.0633633
143.4	-0.0562947	0.0290845	0.0633641
143.6	-0.0562954	0.0290847	0.0633648
143.8	-0.056296	0.029085	0.0633655
144	-0.0562967	0.0290852	0.0633662
144.2	-0.0562974	0.0290855	0.0633668
144.4	-0.056298	0.0290857	0.0633675
144.6	-0.0562986	0.029086	0.0633682
144.8	-0.0562993	0.0290862	0.0633689
145	-0.0562999	0.0290864	0.0633696
145.2	-0.0563005	0.0290867	0.0633702
145.4	-0.0563012	0.0290869	0.0633709
145.6	-0.0563018	0.0290871	0.0633715
145.8	-0.0563024	0.0290874	0.0633722
146	-0.056303	0.0290876	0.0633728
146.2	-0.0563036	0.0290878	0.0633735
146.4	-0.0563042	0.0290881	0.0633741
146.6	-0.0563048	0.0290883	0.0633747
146.8	-0.0563054	0.0290885	0.0633754
147	-0.056306	0.0290887	0.063376
147.2	-0.0563065	0.029089	0.0633766
147.4	-0.0563071	0.0290892	0.0633772
147.6	-0.0563077	0.0290894	0.0633778
147.8	-0.0563082	0.0290896	0.0633784
148	-0.0563088	0.0290898	0.063379
148.2	-0.0563094	0.02909	0.0633796
148.4	-0.0563099	0.0290902	0.0633802
148.6	-0.0563105	0.0290904	0.0633808
148.8	-0.056311	0.0290906	0.0633813
149	-0.0563115	0.0290908	0.0633819
149.2	-0.0563121	0.029091	0.0633825
149.4	-0.0563126	0.0290912	0.063383
149.6	-0.0563131	0.0290914	0.0633836
149.8	-0.0563137	0.0290916	0.0633842
150	-0.0563142	0.0290918	0.0633847
150.2	-0.0563147	0.029092	0.0633852
150.4	-0.0563152	0.0290922	0.0633858
150.6	-0.0563157	0.0290924	0.0633863
150.8	-0.0563162	0.0290926	0.0633869
151	-0.0563167	0.0290927	0.0633874
151.2	-0.0563172	0.0290929	0.0633879
151.4	-0.0563177	0.0290931	0.0633884
151.6	-0.0563182	0.0290933	0.063389
151.8	-0.0563187	0.0290935	0.0633895
152	-0.0563192	0.0290936	0.06339
152.2	-0.0563197	0.0290938	0.0633905
152.4	-0.0563202	0.029094	0.063391
152.6	-0.0563206	0.0290941	0.0633915
152.8	-0.0563211	0.0290943	0.063392
153	-0.0563216	0.0290945	0.0633925
153.2	-0.0563221	0.0290947	0.063393
153.4	-0.0563225	0.0290948	0.0633935
153.6	-0.056323	0.029095	0.063394
153.8	-0.0563235	0.0290951	0.0633945
154	-0.0563239	0.0290953	0.063395
154.2	-0.0563244	0.0290955	0.0633954
154.4	-0.0563248	0.0290956	0.0633959
154.6	-0.0563253	0.0290958	0.0633964
154.8	-0.0563257	0.0290959	0.0633968
155	-0.0563262	0.0290961	0.0633973
155.2	-0.0563266	0.0290963	0.0633978
155.4	-0.056327	0.0290964	0.0633982
155.6	-0.0563275	0.0290966	0.0633987
155.8	-0.0563279	0.0290967	0.0633991
156	-0.0563283	0.0290969	0.0633996
156.2	-0.0563288	0.029097	0.0634
156.4	-0.0563292	0.0290972	0.0634005
156.6	-0.0563296	0.0290973	0.0634009
156.8	-0.05633	0.0290975	0.0634014
157	-0.0563304	0.0290976	0.0634018
157.2	-0.0563308	0.0290978	0.0634022
157.4	-0.0563312	0.0290979	0.0634027
157.6	-0.0563316	0.0290981	0.0634031
157.8	-0.0563321	0.0290982	0.0634035
158	-0.0563325	0.0290984	0.0634039
158.2	-0.0563328	0.0290985	0.0634044
158.4	-0.0563332	0.0290987	0.0634048
158.6	-0.0563336	0.0290988	0.0634052
158.8	-0.056334	0.029099	0.0634056
159	-0.0563344	0.0290991	0.063406
159.2	-0.0563348	0.0290992	0.0634064
159.4	-0.0563352	0.0290994	0.0634068
159.6	-0.0563355	0.0290995	0.0634072
159.8	-0.0563359	0.0290997	0.0634076
160	-0.0563363	0.0290998	0.063408
160.2	-0.0563366	0.0290999	0.0634084
160.4	-0.056337	0.0291001	0.0634088
160.6	-0.0563374	0.0291002	0.0634092
160.8	-0.0563377	0.0291003	0.0634095
161	-0.0563381	0.0291005	0.0634099
161.2	-0.0563384	0.0291006	0.0634103
161.4	-0.0563388	0.0291007	0.0634107
161.6	-0.0563391	0.0291009	0.063411
161.8	-0.0563395	0.029101	0.0634114
162	-0.0563398	0.0291011	0.0634118
162.2	-0.0563402	0.0291013	0.0634121
162.4	-0.0563405	0.0291014	0.0634125
162.6	-0.0563408	0.0291015	0.0634128
162.8	-0.0563412	0.0291017	0.0634132
163	-0.0563415	0.0291018	0.0634135
163.2	-0.0563418	0.0291019	0.0634139
163.4	-0.0563421	0.029102	0.0634142
163.6	-0.0563425	0.0291021	0.0634146
163.8	-0.0563428	0.0291023	0.0634149
164	-0.0563431	0.0291024	0.0634152
164.2	-0.0563434	0.0291025	0.0634156
164.4	-0.0563437	0.0291026	0.0634159
164.6	-0.056344	0.0291027	0.0634162
164.8	-0.0563443	0.0291029	0.0634166
165	-0.0563446	0.029103	0.0634169
165.2	-0.0563449	0.0291031	0.0634172
165.4	-0.0563452	0.0291032	0.0634175
165.6	-0.0563455	0.0291033	0.0634178
165.8	-0.0563458	0.0291034	0.0634182
166	-0.0563461	0.0291035	0.0634185
166.2	-0.0563464	0.0291036	0.0634188
166.4	-0.0563467	0.0291037	0.0634191
166.6	-0.056347	0.0291039	0.0634194
166.8	-0.0563473	0.029104	0.0634197
167	-0.0563476	0.0291041	0.06342
167.2	-0.0563479	0.0291042	0.0634203
167.4	-0.0563481	0.0291043	0.0634206
167.6	-0.0563484	0.0291044	0.0634209
167.8	-0.0563487	0.0291045	0.0634212
168	-0.056349	0.0291046	0.0634215
168.2	-0.0563492	0.0291047	0.0634217
168.4	-0.0563495	0.0291048	0.063422
168.6	-0.0563498	0.0291049	0.0634223
168.8	-0.05635	0.029105	0.0634226
169	-0.0563503	0.0291051	0.0634229
169.2	-0.0563506	0.0291052	0.0634232
169.4	-0.0563508	0.0291053	0.0634234
169.6	-0.0563511	0.0291054	0.0634237
169.8	-0.0563513	0.0291054	0.063424
170	-0.0563516	0.0291055	0.0634242
170.2	-0.0563518	0.0291056	0.0634245
170.4	-0.0563521	0.0291057	0.0634248
170.6	-0.0563524	0.0291058	0.063425
170.8	-0.0563526	0.0291059	0.0634253
171	-0.0563528	0.029106	0.0634256
171.2	-0.0563531	0.0291061	0.0634258
171.4	-0.0563533	0.0291062	0.0634261
171.6	-0.0563536	0.0291063	0.0634263
171.8	-0.0563538	0.0291064	0.0634266
172	-0.0563541	0.0291064	0.0634268
172.2	-0.0563543	0.0291065	0.0634271
172.4	-0.0563545	0.0291066	0.0634273
172.6	-0.0563548	0.0291067	0.0634276
172.8	-0.056355	0.0291068	0.0634278
173	-0.0563552	0.0291069	0.0634281
173.2	-0.0563554	0.029107	0.0634283
173.4	-0.0563557	0.029107	0.0634286
173.6	-0.0563559	0.0291071	0.0634288
173.8	-0.0563561	0.0291072	0.063429
174	-0.0563563	0.0291073	0.0634293
174.2	-0.0563566	0.0291074	0.0634295
174.4	-0.0563568	0.0291075	0.0634297
174.6	-0.056357	0.0291075	0.06343
174.8	-0.0563572	0.0291076	0.0634302
175	-0.0563574	0.0291077	0.0634304
175.2	-0.0563576	0.0291078	0.0634306
175.4	-0.0563578	0.0291079	0.0634309
175.6	-0.0563581	0.0291079	0.0634311
175.8	-0.0563583	0.029108	0.0634313
176	-0.0563585	0.0291081	0.0634315
176.2	-0.0563587	0.0291082	0.0634317
176.4	-0.0563589	0.0291082	0.0634319
176.6	-0.0563591	0.0291083	0.0634322
176.8	-0.0563593	0.0291084	0.0634324
177	-0.0563595	0.0291085	0.0634326
177.2	-0.0563597	0.0291085	0.0634328
177.4	-0.0563599	0.0291086	0.063433
177.6	-0.0563601	0.0291087	0.0634332
177.8	-0.0563602	0.0291088	0.0634334
178	-0.0563604	0.0291088	0.0634336
178.2	-0.0563606	0.0291089	0.0634338
178.4	-0.0563608	0.029109	0.063434
178.6	-0.056361	0.029109	0.0634342
178.8	-0.0563612	0.0291091	0.0634344
179	-0.0563614	0.0291092	0.0634346
179.2	-0.0563615	0.0291092	0.0634348
179.4	-0.0563617	0.0291093	0.063435
179.6	-0.0563619	0.0291094	0.0634352
179.8	-0.0563621	0.0291095	0.0634354
180	-0.0563623	0.0291095	0.0634355
180.2	-0.0563624	0.0291096	0.0634357
180.4	-0.0563626	0.0291097	0.0634359
180.6	-0.0563628	0.0291097	0.0634361
180.8	-0.0563629	0.0291098	0.0634363
181	-0.0563631	0.0291098	0.0634365
181.2	-0.0563633	0.0291099	0.0634366
181.4	-0.0563635	0.02911	0.0634368
181.6	-0.0563636	0.02911	0.063437
181.8	-0.0563638	0.0291101	0.0634372
182	-0.0563639	0.0291102	0.0634373
182.2	-0.0563641	0.0291102	0.0634375
182.4	-0.0563643	0.0291103	0.0634377
182.6	-0.0563644	0.0291103	0.0634378
182.8	-0.0563646	0.0291104	0.063438
183	-0.0563647	0.0291105	0.0634382
183.2	-0.0563649	0.0291105	0.0634383
183.4	-0.0563651	0.0291106	0.0634385
183.6	-0.0563652	0.0291106	0.0634387
183.8	-0.0563654	0.0291107	0.0634388
184	-0.0563655	0.0291107	0.063439
184.2	-0.0563657	0.0291108	0.0634392
184.4	-0.0563658	0.0291109	0.0634393
184.6	-0.056366	0.0291109	0.0634395
184.8	-0.0563661	0.029111	0.0634396
185	-0.0563663	0.029111	0.0634398
185.2	-0.0563664	0.0291111	0.0634399
185.4	-0.0563665	0.0291111	0.0634401
185.6	-0.0563667	0.0291112	0.0634402
185.8	-0.0563668	0.0291112	0.0634404
186	-0.056367	0.0291113	0.0634405
186.2	-0.0563671	0.0291113	0.0634407
186.4	-0.0563673	0.0291114	0.0634408
186.6	-0.0563674	0.0291114	0.063441
186.8	-0.0563675	0.0291115	0.0634411
187	-0.0563677	0.0291115	0.0634413
187.2	-0.0563678	0.0291116	0.0634414
187.4	-0.0563679	0.0291116	0.0634416
187.6	-0.0563681	0.0291117	0.0634417
187.8	-0.0563682	0.0291117	0.0634418
188	-0.0563683	0.0291118	0.063442
188.2	-0.0563685	0.0291118	0.0634421
188.4	-0.0563686	0.0291119	0.0634423
188.6	-0.0563687	0.0291119	0.0634424
188.8	-0.0563689	0.029112	0.0634425
189	-0.056369	0.029112	0.0634427
189.2	-0.0563691	0.0291121	0.0634428
189.4	-0.0563692	0.0291121	0.0634429
189.6	-0.0563694	0.0291122	0.0634431
189.8	-0.0563695	0.0291122	0.0634432
190	-0.0563696	0.0291123	0.0634433
190.2	-0.0563697	0.0291123	0.0634435
190.4	-0.0563698	0.0291124	0.0634436
190.6	-0.05637	0.0291124	0.0634437
190.8	-0.0563701	0.0291124	0.0634438
191	-0.0563702	0.0291125	0.063444
191.2	-0.0563703	0.0291125	0.0634441
191.4	-0.0563704	0.0291126	0.0634442
191.6	-0.0563705	0.0291126	0.0634443
191.8	-0.0563707	0.0291127	0.0634445
192	-0.0563708	0.0291127	0.0634446
192.2	-0.0563709	0.0291127	0.0634447
192.4	-0.056371	0.0291128	0.0634448
192.6	-0.0563711	0.0291128	0.0634449
192.8	-0.0563712	0.0291129	0.063445
193	-0.0563713	0.0291129	0.0634452
193.2	-0.0563714	0.029113	0.0634453
193.4	-0.0563715	0.029113	0.0634454
193.6	-0.0563716	0.029113	0.0634455
193.8	-0.0563718	0.0291131	0.0634456
194	-0.0563719	0.0291131	0.0634457
194.2	-0.056372	0.0291132	0.0634458
194.4	-0.0563721	0.0291132	0.0634459
194.6	-0.0563722	0.0291132	0.0634461
194.8	-0.0563723	0.0291133	0.0634462
195	-0.0563724	0.0291133	0.0634463
195.2	-0.0563725	0.0291133	0.0634464
195.4	-0.0563726	0.0291134	0.0634465
195.6	-0.0563727	0.0291134	0.0634466
195.8	-0.0563728	0.0291135	0.0634467
196	-0.0563729	0.0291135	0.0634468
196.2	-0.056373	0.0291135	0.0634469
196.4	-0.0563731	0.0291136	0.063447
196.6	-0.0563732	0.0291136	0.0634471
196.8	-0.0563733	0.0291136	0.0634472
197	-0.0563733	0.0291137	0.0634473
197.2	-0.0563734	0.0291137	0.0634474
197.4	-0.0563735	0.0291137	0.0634475
197.6	-0.0563736	0.0291138	0.0634476
197.8	-0.0563737	0.0291138	0.0634477
198	-0.0563738	0.0291138	0.0634478
198.2	-0.0563739	0.0291139	0.0634479
198.4	-0.056374	0.0291139	0.063448
198.6	-0.0563741	0.0291139	0.0634481
198.8	-0.0563742	0.029114	0.0634482
199	-0.0563742	0.029114	0.0634483
199.2	-0.0563743	0.029114	0.0634483
199.4	-0.0563744	0.0291141	0.0634484
199.6	-0.0563745	0.0291141	0.0634485
199.8	-0.0563746	0.0291141	0.0634486
200	-0.0563747	0.0291142	0.0634487
200.2	-0.0563748	0.0291142	0.0634488
200.4	-0.0563748	0.0291142	0.0634489
200.6	-0.0563749	0.0291143	0.063449
200.8	-0.056375	0.0291143	0.0634491
201	-0.0563751	0.0291143	0.0634491
201.2	-0.0563752	0.0291144	0.0634492
201.4	-0.0563752	0.0291144	0.0634493
201.6	-0.0563753	0.0291144	0.0634494
201.8	-0.0563754	0.0291144	0.0634495
202	-0.0563755	0.0291145	0.0634496
202.2	-0.0563756	0.0291145	0.0634496
202.4	-0.0563756	0.0291145	0.0634497
202.6	-0.0563757	0.0291146	0.0634498
202.8	-0.0563758	0.0291146	0.0634499
203	-0.0563759	0.0291146	0.06345
203.2	-0.0563759	0.0291146	0.06345
203.4	-0.056376	0.0291147	0.0634501
203.6	-0.0563761	0.0291147	0.0634502
203.8	-0.0563762	0.0291147	0.0634503
204	-0.0563762	0.0291148	0.0634504
204.2	-0.0563763	0.0291148	0.0634504
204.4	-0.0563764	0.0291148	0.0634505
204.6	-0.0563764	0.0291148	0.0634506
204.8	-0.0563765	0.0291149	0.0634507
205	-0.0563766	0.0291149	0.0634507
205.2	-0.0563767	0.0291149	0.0634508
205.4	-0.0563767	0.0291149	0.0634509
205.6	-0.0563768	0.029115	0.063451
205.8	-0.0563769	0.029115	0.063451
206	-0.0563769	0.029115	0.0634511
206.2	-0.056377	0.029115	0.0634512
206.4	-0.0563771	0.0291151	0.0634512
206.6	-0.0563771	0.0291151	0.0634513
206.8	-0.0563772	0.0291151	0.0634514
207	-0.0563773	0.0291151	0.0634514
207.2	-0.0563773	0.0291152	0.0634515
207.4	-0.0563774	0.0291152	0.0634516
207.6	-0.0563774	0.0291152	0.0634517
207.8	-0.0563775	0.0291152	0.0634517
208	-0.0563776	0.0291153	0.0634518
208.2	-0.0563776	0.0291153	0.0634519
208.4	-0.0563777	0.0291153	0.0634519
208.6	-0.0563778	0.0291153	0.063452
208.8	-0.0563778	0.0291154	0.063452
209	-0.0563779	0.0291154	0.0634521
209.2	-0.0563779	0.0291154	0.0634522
209.4	-0.056378	0.0291154	0.0634522
209.6	-0.0563781	0.0291154	0.0634523
209.8	-0.0563781	0.0291155	0.0634524
210	-0.0563782	0.0291155	0.0634524
210.2	-0.0563782	0.0291155	0.0634525
210.4	-0.0563783	0.0291155	0.0634525
210.6	-0.0563783	0.0291156	0.0634526
210.8	-0.0563784	0.0291156	0.0634527
211	-0.0563785	0.0291156	0.0634527
211.2	-0.0563785	0.0291156	0.0634528
211.4	-0.0563786	0.0291156	0.0634528
211.6	-0.0563786	0.0291157	0.0634529
211.8	-0.0563787	0.0291157	0.063453
212	-0.0563787	0.0291157	0.063453
212.2	-0.0563788	0.0291157	0.0634531
212.4	-0.0563788	0.0291157	0.0634531
212.6	-0.0563789	0.0291158	0.0634532
212.8	-0.0563789	0.0291158	0.0634532
213	-0.056379	0.0291158	0.0634533
213.2	-0.056379	0.0291158	0.0634533
213.4	-0.0563791	0.0291158	0.0634534
213.6	-0.0563791	0.0291159	0.0634535
213.8	-0.0563792	0.0291159	0.0634535
214	-0.0563792	0.0291159	0.0634536
214.2	-0.0563793	0.0291159	0.0634536
214.4	-0.0563793	0.0291159	0.0634537
214.6	-0.0563794	0.0291159	0.0634537
214.8	-0.0563794	0.029116	0.0634538
215	-0.0563795	0.029116	0.0634538
215.2	-0.0563795	0.029116	0.0634539
215.4	-0.0563796	0.029116	0.0634539
215.6	-0.0563796	0.029116	0.063454
215.8	-0.0563797	0.0291161	0.063454
216	-0.0563797	0.0291161	0.0634541
216.2	-0.0563798	0.0291161	0.0634541
216.4	-0.0563798	0.0291161	0.0634542
216.6	-0.0563799	0.0291161	0.0634542
216.8	-0.0563799	0.0291161	0.0634543
217	-0.0563799	0.0291162	0.0634543
217.2	-0.05638	0.0291162	0.0634544
217.4	-0.05638	0.0291162	0.0634544
217.6	-0.0563801	0.0291162	0.0634544
217.8	-0.0563801	0.0291162	0.0634545
218	-0.0563802	0.0291162	0.0634545
218.2	-0.0563802	0.0291163	0.0634546
218.4	-0.0563803	0.0291163	0.0634546
218.6	-0.0563803	0.0291163	0.0634547
218.8	-0.0563803	0.0291163	0.0634547
219	-0.0563804	0.0291163	0.0634548
219.2	-0.0563804	0.0291163	0.0634548
219.4	-0.0563805	0.0291163	0.0634548
219.6	-0.0563805	0.0291164	0.0634549
219.8	-0.0563805	0.0291164	0.0634549
220	-0.0563806	0.0291164	0.063455
220.2	-0.0563806	0.0291164	0.063455
220.4	-0.0563807	0.0291164	0.0634551
220.6	-0.0563807	0.0291164	0.0634551
220.8	-0.0563807	0.0291165	0.0634551
221	-0.0563808	0.0291165	0.0634552
221.2	-0.0563808	0.0291165	0.0634552
221.4	-0.0563809	0.0291165	0.0634553
221.6	-0.0563809	0.0291165	0.0634553
221.8	-0.0563809	0.0291165	0.0634553
222	-0.056381	0.0291165	0.0634554
222.2	-0.056381	0.0291166	0.0634554
222.4	-0.056381	0.0291166	0.0634555
222.6	-0.0563811	0.0291166	0.0634555
222.8	-0.0563811	0.0291166	0.0634555
223	-0.0563811	0.0291166	0.0634556
223.2	-0.0563812	0.0291166	0.0634556
223.4	-0.0563812	0.0291166	0.0634557
223.6	-0.0563812	0.0291166	0.0634557
223.8	-0.0563813	0.0291167	0.0634557
224	-0.0563813	0.0291167	0.0634558
224.2	-0.0563814	0.0291167	0.0634558
224.4	-0.0563814	0.0291167	0.0634558
224.6	-0.0563814	0.0291167	0.0634559
224.8	-0.0563815	0.0291167	0.0634559
225	-0.0563815	0.0291167	0.0634559
225.2	-0.0563815	0.0291167	0.063456
225.4	-0.0563816	0.0291168	0.063456
225.6	-0.0563816	0.0291168	0.063456
225.8	-0.0563816	0.0291168	0.0634561
226	-0.0563816	0.0291168	0.0634561
226.2	-0.0563817	0.0291168	0.0634561
226.4	-0.0563817	0.0291168	0.0634562
226.6	-0.0563817	0.0291168	0.0634562
226.8	-0.0563818	0.0291168	0.0634562
227	-0.0563818	0.0291169	0.0634563
227.2	-0.0563818	0.0291169	0.0634563
227.4	-0.0563819	0.0291169	0.0634563
227.6	-0.0563819	0.0291169	0.0634564
227.8	-0.0563819	0.0291169	0.0634564
228	-0.056382	0.0291169	0.0634564
228.2	-0.056382	0.0291169	0.0634565
228.4	-0.056382	0.0291169	0.0634565
228.6	-0.056382	0.0291169	0.0634565
228.8	-0.0563821	0.029117	0.0634566
229	-0.0563821	0.029117	0.0634566
229.2	-0.0563821	0.029117	0.0634566
229.4	-0.0563822	0.029117	0.0634567
229.6	-0.0563822	0.029117	0.0634567
229.8	-0.0563822	0.029117	0.0634567
230	-0.0563822	0.029117	0.0634567
230.2	-0.0563823	0.029117	0.0634568
230.4	-0.0563823	0.029117	0.0634568
230.6	-0.0563823	0.029117	0.0634568
230.8	-0.0563823	0.0291171	0.0634569
231	-0.0563824	0.0291171	0.0634569
231.2	-0.0563824	0.0291171	0.0634569
231.4	-0.0563824	0.0291171	0.0634569
231.6	-0.0563825	0.0291171	0.063457
231.8	-0.0563825	0.0291171	0.063457
232	-0.0563825	0.0291171	0.063457
232.2	-0.0563825	0.0291171	0.063457
232.4	-0.0563826	0.0291171	0.0634571
232.6	-0.0563826	0.0291171	0.0634571
232.8	-0.0563826	0.0291172	0.0634571
233	-0.0563826	0.0291172	0.0634572
233.2	-0.0563827	0.0291172	0.0634572
233.4	-0.0563827	0.0291172	0.0634572
233.6	-0.0563827	0.0291172	0.0634572
233.8	-0.0563827	0.0291172	0.0634573
234	-0.0563827	0.0291172	0.0634573
234.2	-0.0563828	0.0291172	0.0634573
234.4	-0.0563828	0.0291172	0.0634573
234.6	-0.0563828	0.0291172	0.0634574
234.8	-0.0563828	0.0291172	0.0634574
235	-0.0563829	0.0291173	0.0634574
235.2	-0.0563829	0.0291173	0.0634574
235.4	-0.0563829	0.0291173	0.0634575
235.6	-0.0563829	0.0291173	0.0634575
235.8	-0.056383	0.0291173	0.0634575
236	-0.056383	0.0291173	0.0634575
236.2	-0.056383	0.0291173	0.0634575
236.4	-0.056383	0.0291173	0.0634576
236.6	-0.056383	0.0291173	0.0634576
236.8	-0.0563831	0.0291173	0.0634576
237	-0.0563831	0.0291173	0.0634576
237.2	-0.0563831	0.0291173	0.0634577
237.4	-0.0563831	0.0291174	0.0634577
237.6	-0.0563831	0.0291174	0.0634577
237.8	-0.0563832	0.0291174	0.0634577
238	-0.0563832	0.0291174	0.0634577
238.2	-0.0563832	0.0291174	0.0634578
238.4	-0.0563832	0.0291174	0.0634578
238.6	-0.0563832	0.0291174	0.0634578
238.8	-0.0563833	0.0291174	0.0634578
239	-0.0563833	0.0291174	0.0634579
239.2	-0.0563833	0.0291174	0.0634579
239.4	-0.0563833	0.0291174	0.0634579
239.6	-0.0563833	0.0291174	0.0634579
239.8	-0.0563834	0.0291174	0.0634579
240	-0.0563834	0.0291174	0.063458
240.2	-0.0563834	0.0291175	0.063458
240.4	-0.0563834	0.0291175	0.063458
240.6	-0.0563834	0.0291175	0.063458
240.8	-0.0563835	0.0291175	0.063458
241	-0.0563835	0.0291175	0.0634581
241.2	-0.0563835	0.0291175	0.0634581
241.4	-0.0563835	0.0291175	0.0634581
241.6	-0.0563835	0.0291175	0.0634581
241.8	-0.0563835	0.0291175	0.0634581
242	-0.0563836	0.0291175	0.0634581
242.2	-0.0563836	0.0291175	0.0634582
242.4	-0.0563836	0.0291175	0.0634582
242.6	-0.0563836	0.0291175	0.0634582
242.8	-0.0563836	0.0291175	0.0634582
243	-0.0563837	0.0291176	0.0634582
243.2	-0.0563837	0.0291176	0.0634583
243.4	-0.0563837	0.0291176	0.0634583
243.6	-0.0563837	0.0291176	0.0634583
243.8	-0.0563837	0.0291176	0.0634583
244	-0.0563837	0.0291176	0.0634583
244.2	-0.0563838	0.0291176	0.0634583
244.4	-0.0563838	0.0291176	0.0634584
244.6	-0.0563838	0.0291176	0.0634584
244.8	-0.0563838	0.0291176	0.0634584
245	-0.0563838	0.0291176	0.0634584
245.2	-0.0563838	0.0291176	0.0634584
245.4	-0.0563838	0.0291176	0.0634584
245.6	-0.0563839	0.0291176	0.0634585
245.8	-0.0563839	0.0291176	0.0634585
246	-0.0563839	0.0291176	0.0634585
246.2	-0.0563839	0.0291176	0.0634585
246.4	-0.0563839	0.0291177	0.0634585
246.6	-0.0563839	0.0291177	0.0634585
246.8	-0.056384	0.0291177	0.0634586
247	-0.056384	0.0291177	0.0634586
247.2	-0.056384	0.0291177	0.0634586
247.4	-0.056384	0.0291177	0.0634586
247.6	-0.056384	0.0291177	0.0634586
247.8	-0.056384	0.0291177	0.0634586
248	-0.056384	0.0291177	0.0634586
248.2	-0.0563841	0.0291177	0.0634587
248.4	-0.0563841	0.0291177	0.0634587
248.6	-0.0563841	0.0291177	0.0634587
248.8	-0.0563841	0.0291177	0.0634587
249	-0.0563841	0.0291177	0.0634587
249.2	-0.0563841	0.0291177	0.0634587
249.4	-0.0563841	0.0291177	0.0634587
249.6	-0.0563841	0.0291177	0.0634588
249.8	-0.0563842	0.0291177	0.0634588
