# Time	U	V	U_magnitude
0	-1.84949e-10	2.17965e-10	2.85858e-10
0.2	-0.00718925	4.47116e-05	0.00718939
0.4	-0.00899784	0.000650182	0.0090213
0.6	-0.00832257	0.000167661	0.00832425
0.8	-0.0120076	0.00115379	0.0120629
1	-0.0106762	0.00116263	0.0107394
1.2	-0.0128505	0.00155997	0.0129449
1.4	-0.0128863	0.0023975	0.0131074
1.6	-0.0136844	0.00249243	0.0139095
1.8	-0.014562	0.00363588	0.0150091
2	-0.0150505	0.00402791	0.0155802
2.2	-0.016045	0.00509574	0.0168348
2.4	-0.0167708	0.00597425	0.0178031
2.6	-0.0176965	0.00699859	0.0190301
2.8	-0.0186698	0.00822921	0.020403
3	-0.0196296	0.00939753	0.0217632
3.2	-0.0207229	0.0108298	0.0233821
3.4	-0.0218015	0.012255	0.0250098
3.6	-0.0229539	0.0138529	0.0268101
3.8	-0.0241467	0.015548	0.0287194
4	-0.0253564	0.0173504	0.0307243
4.2	-0.0266211	0.0192981	0.0328801
4.4	-0.027888	0.0213502	0.0351223
4.6	-0.0291867	0.0235496	0.0375027
4.8	-0.0304886	0.0258775	0.03999
5	-0.031792	0.0283465	0.042594
5.2	-0.0330907	0.0309631	0.0453179
5.4	-0.0343669	0.0337232	0.0481491
5.6	-0.0356185	0.0366382	0.0510983
5.8	-0.0368274	0.0397041	0.0541542
6	-0.0379858	0.0429259	0.0573197
6.2	-0.0390799	0.0463035	0.0605908
6.4	-0.0400967	0.0498358	0.0639636
6.6	-0.0410247	0.0535241	0.0674378
6.8	-0.0418501	0.0573673	0.0710101
7	-0.0425623	0.061372	0.0746865
7.2	-0.0431505	0.0655544	0.0784815
7.4	-0.0436056	0.0699524	0.0824305
7.6	-0.0439164	0.0746333	0.0865956
7.8	-0.0440652	0.0796921	0.0910636
8	-0.0440218	0.0852369	0.0959336
8.2	-0.0437401	0.0913565	0.101288
8.4	-0.0431612	0.0980853	0.107162
8.6	-0.0422216	0.105376	0.11352
8.8	-0.0408657	0.113093	0.12025
9	-0.0390574	0.121031	0.127177
9.2	-0.036787	0.128942	0.134087
9.4	-0.0340723	0.136575	0.140761
9.6	-0.030955	0.143694	0.14699
9.8	-0.0274955	0.150106	0.152603
10	-0.0237644	0.155664	0.157467
10.2	-0.0198373	0.160271	0.161494
10.4	-0.0157889	0.163878	0.164637
10.6	-0.0116887	0.166475	0.166884
10.8	-0.0075983	0.168085	0.168257
11	-0.00356988	0.168762	0.1688
11.2	0.000352166	0.16858	0.16858
11.4	0.00413454	0.167631	0.167682
11.6	0.00774498	0.166012	0.166192
11.8	0.0111653	0.163833	0.164213
12	0.0143823	0.161191	0.161832
12.2	0.0173931	0.158191	0.159144
12.4	0.0201973	0.154922	0.156233
12.6	0.0228037	0.151464	0.153171
12.8	0.0252227	0.147888	0.150023
13	0.0274659	0.14425	0.146841
13.2	0.029548	0.140595	0.143667
13.4	0.0314836	0.136957	0.140529
13.6	0.0332852	0.133356	0.137447
13.8	0.0349647	0.129809	0.134435
14	0.0365314	0.126321	0.131497
14.2	0.0379922	0.122893	0.128631
14.4	0.0393525	0.11952	0.125832
14.6	0.0406157	0.116196	0.12309
14.8	0.0417835	0.112913	0.120396
15	0.0428545	0.109662	0.117738
15.2	0.0438258	0.106433	0.115103
15.4	0.0446953	0.10322	0.112481
15.6	0.0454597	0.100015	0.109862
15.8	0.0461153	0.0968136	0.107236
16	0.0466582	0.0936106	0.104594
16.2	0.0470841	0.0904035	0.10193
16.4	0.0473894	0.0871911	0.0992373
16.6	0.0475702	0.0839734	0.0965114
16.8	0.0476237	0.0807518	0.093749
17	0.0475472	0.0775289	0.0909476
17.2	0.0473386	0.0743078	0.0881055
17.4	0.0469967	0.0710931	0.0852228
17.6	0.0465204	0.0678896	0.0822991
17.8	0.0459099	0.064703	0.079336
18	0.0451656	0.0615394	0.076335
18.2	0.0442884	0.0584049	0.073298
18.4	0.0432807	0.0553063	0.0702282
18.6	0.0421446	0.0522508	0.067129
18.8	0.0408822	0.0492451	0.0640034
19	0.0394975	0.0462961	0.0608555
19.2	0.0379943	0.0434096	0.0576885
19.4	0.0363777	0.0405921	0.0545073
19.6	0.0346532	0.0378506	0.0513178
19.8	0.0328247	0.0351913	0.0481237
20	0.0308982	0.0326197	0.0449305
20.2	0.0288805	0.0301421	0.0417448
20.4	0.0267784	0.0277635	0.0385732
20.6	0.024598	0.0254889	0.0354224
20.8	0.0223465	0.0233233	0.0323008
21	0.0200315	0.0212712	0.0292186
21.2	0.0176613	0.0193365	0.0261882
21.4	0.0152422	0.0175223	0.023224
21.6	0.0127829	0.0158324	0.0203486
21.8	0.0102927	0.0142701	0.0175948
22	0.0077789	0.0128382	0.015011
22.2	0.00525005	0.0115373	0.0126757
22.4	0.0027159	0.0103686	0.0107184
22.6	0.000184343	0.00933447	0.00933629
22.8	-0.00233466	0.00843521	0.00875234
23	-0.00483163	0.00767102	0.00906583
23.2	-0.007297	0.00704127	0.0101403
23.4	-0.00972289	0.00654477	0.0117204
23.6	-0.012102	0.00617973	0.0135885
23.8	-0.0144261	0.00594376	0.0156026
24	-0.0166887	0.00583402	0.0176791
24.2	-0.0188842	0.0058469	0.0197687
24.4	-0.021006	0.00597867	0.0218403
24.6	-0.0230492	0.0062253	0.023875
24.8	-0.0250094	0.00658196	0.025861
25	-0.0268816	0.0070438	0.0277891
25.2	-0.028662	0.00760619	0.0296541
25.4	-0.0303478	0.00826386	0.0314528
25.6	-0.0319352	0.00901052	0.0331821
25.8	-0.0334213	0.0098416	0.0348403
26	-0.0348042	0.0107517	0.0364271
26.2	-0.0360818	0.0117354	0.0379423
26.4	-0.0372514	0.0127843	0.039384
26.6	-0.0383109	0.0138942	0.0407526
26.8	-0.0392594	0.0150595	0.0420487
27	-0.0400959	0.0162747	0.043273
27.2	-0.0408198	0.0175342	0.0444264
27.4	-0.0414292	0.0188311	0.0455081
27.6	-0.0419234	0.0201587	0.0465182
27.8	-0.0423024	0.0215116	0.0474578
28	-0.0425663	0.0228842	0.0483278
28.2	-0.0427146	0.0242708	0.0491285
28.4	-0.0427478	0.0256641	0.04986
28.6	-0.0426665	0.0270577	0.0505227
28.8	-0.0424717	0.0284454	0.0511174
29	-0.042164	0.0298212	0.051644
29.2	-0.0417447	0.0311778	0.0521025
29.4	-0.0412158	0.0325081	0.052493
29.6	-0.0405795	0.0338056	0.0528159
29.8	-0.039838	0.0350634	0.0530708
30	-0.0389943	0.0362743	0.0532577
30.2	-0.0380521	0.0374312	0.0533766
30.4	-0.0370151	0.0385276	0.0534275
30.6	-0.0358875	0.0395566	0.0534101
30.8	-0.0346737	0.0405115	0.053324
31	-0.0333795	0.0413854	0.053169
31.2	-0.0320109	0.0421723	0.0529453
31.4	-0.0305746	0.0428666	0.0526531
31.6	-0.0290769	0.0434627	0.0522922
31.8	-0.0275253	0.0439551	0.0518622
32	-0.0259282	0.0443389	0.0513635
32.2	-0.024294	0.0446106	0.0507967
32.4	-0.0226309	0.0447664	0.0501616
32.6	-0.0209486	0.0448027	0.0494583
32.8	-0.0192574	0.0447175	0.0486878
33	-0.0175667	0.04451	0.0478512
33.2	-0.0158869	0.0441785	0.0469482
33.4	-0.014229	0.0437233	0.0459803
33.6	-0.0126038	0.043146	0.0449492
33.8	-0.0110208	0.0424478	0.0438551
34	-0.00949117	0.0416315	0.0426997
34.2	-0.00802538	0.0407015	0.0414851
34.4	-0.00663214	0.039663	0.0402137
34.6	-0.00532173	0.0385207	0.0388865
34.8	-0.00410352	0.0372816	0.0375068
35	-0.00298629	0.0359527	0.0360765
35.2	-0.0019769	0.0345422	0.0345987
35.4	-0.00108242	0.0330577	0.0330754
35.6	-0.000309394	0.0315088	0.0315103
35.8	0.000336286	0.0299051	0.029907
36	0.000850444	0.0282561	0.0282689
36.2	0.0012295	0.0265723	0.0266007
36.4	0.00147054	0.0248642	0.0249077
36.6	0.00157158	0.0231423	0.0231956
36.8	0.00153164	0.0214173	0.021472
37	0.00135044	0.0197004	0.0197466
37.2	0.00102845	0.0180022	0.0180316
37.4	0.000567196	0.016334	0.0163439
37.6	-3.09571e-05	0.0147072	0.0147072
37.8	-0.000762808	0.0131325	0.0131547
38	-0.00162406	0.0116215	0.0117344
38.2	-0.00260967	0.0101854	0.0105144
38.4	-0.00371322	0.00883707	0.0095855
38.6	-0.00492565	0.00758531	0.00904428
38.8	-0.00623834	0.00644159	0.00896722
39	-0.00764133	0.00541685	0.00936654
39.2	-0.00912373	0.0045202	0.0101821
39.4	-0.0106712	0.00376128	0.0113146
39.6	-0.0122702	0.00314823	0.0126677
39.8	-0.0139074	0.00268651	0.0141645
40	-0.0155654	0.00238186	0.0157466
40.2	-0.0172278	0.00223953	0.0173727
40.4	-0.0188777	0.00226013	0.0190125
40.6	-0.0204976	0.00244508	0.0206429
40.8	-0.0220704	0.00279313	0.0222465
41	-0.0235773	0.00329794	0.0238069
41.2	-0.0250033	0.00395561	0.0253143
41.4	-0.0263331	0.00475899	0.0267596
41.6	-0.0275516	0.00569799	0.0281347
41.8	-0.0286445	0.00676147	0.0294317
42	-0.0295998	0.0079374	0.0306455
42.2	-0.0304066	0.00921015	0.0317709
42.4	-0.0310564	0.0105626	0.0328035
42.6	-0.0315423	0.0119778	0.03374
42.8	-0.0318598	0.0134387	0.0345781
43	-0.0320065	0.0149258	0.0353157
43.2	-0.0319827	0.0164203	0.0359516
43.4	-0.0317913	0.0179037	0.036486
43.6	-0.0314368	0.0193572	0.0369185
43.8	-0.0309266	0.0207633	0.0372501
44	-0.0302701	0.0221058	0.0374826
44.2	-0.0294783	0.0233695	0.0376178
44.4	-0.028564	0.024541	0.0376585
44.6	-0.0275417	0.0256089	0.037608
44.8	-0.0264263	0.0265643	0.0374701
45	-0.0252334	0.0273993	0.0372484
45.2	-0.0239793	0.0281087	0.0369474
45.4	-0.0226805	0.0286895	0.0365718
45.6	-0.0213526	0.029141	0.0361266
45.8	-0.0200102	0.0294637	0.0356163
46	-0.0186681	0.0296599	0.0350458
46.2	-0.0173394	0.0297338	0.0344203
46.4	-0.0160354	0.0296902	0.0337437
46.6	-0.0147676	0.0295345	0.0330207
46.8	-0.0135454	0.0292744	0.0322563
47	-0.012376	0.0289163	0.0314535
47.2	-0.0112672	0.0284671	0.0306158
47.4	-0.0102255	0.027935	0.0297477
47.6	-0.00925394	0.0273277	0.028852
47.8	-0.0083569	0.0266512	0.0279307
48	-0.00753786	0.0259132	0.0269873
48.2	-0.00679931	0.0251206	0.0260245
48.4	-0.00614347	0.0242806	0.0250458
48.6	-0.00557131	0.023399	0.0240531
48.8	-0.00508483	0.0224811	0.023049
49	-0.00468491	0.0215332	0.022037
49.2	-0.0043725	0.0205612	0.0210209
49.4	-0.00414836	0.0195709	0.0200057
49.6	-0.00401324	0.018568	0.0189967
49.8	-0.00396749	0.0175584	0.018001
50	-0.00401148	0.0165482	0.0170275
50.2	-0.00414527	0.0155439	0.0160871
50.4	-0.00436869	0.0145521	0.0151937
50.6	-0.00468132	0.0135799	0.0143641
50.8	-0.00508205	0.012635	0.0136188
51	-0.00556915	0.0117255	0.0129809
51.2	-0.0061404	0.0108594	0.0124752
51.4	-0.00679253	0.0100463	0.0121271
51.6	-0.00752012	0.00929439	0.0119557
51.8	-0.00831749	0.00861268	0.0119733
52	-0.00917765	0.00801006	0.0121816
52.2	-0.0100927	0.00749501	0.0125713
52.4	-0.0110528	0.00707432	0.0131229
52.6	-0.0120476	0.00675571	0.0138124
52.8	-0.0130642	0.00654438	0.0146117
53	-0.0140899	0.00644505	0.015494
53.2	-0.0151104	0.00645957	0.0164332
53.4	-0.0161108	0.00658965	0.0174063
53.6	-0.0170761	0.00683408	0.0183929
53.8	-0.0179932	0.00718836	0.0193759
54	-0.0188493	0.00764743	0.0203416
54.2	-0.0196313	0.00820392	0.0212765
54.4	-0.0203277	0.00884902	0.0221702
54.6	-0.0209289	0.00957179	0.0230139
54.8	-0.021427	0.0103599	0.0238001
55	-0.0218158	0.0112	0.0245228
55.2	-0.0220913	0.0120766	0.0251768
55.4	-0.0222518	0.0129749	0.0257583
55.6	-0.0222975	0.01388	0.0262646
55.8	-0.022231	0.0147778	0.0266946
56	-0.0220569	0.0156543	0.0270475
56.2	-0.0217817	0.0164963	0.0273234
56.4	-0.0214132	0.0172921	0.0275235
56.6	-0.020961	0.0180314	0.0276495
56.8	-0.0204354	0.0187059	0.027704
57	-0.0198472	0.0193086	0.02769
57.2	-0.019208	0.0198342	0.0276106
57.4	-0.0185297	0.0202792	0.0274699
57.6	-0.0178237	0.020642	0.0272722
57.8	-0.0171014	0.0209223	0.0270222
58	-0.0163735	0.0211217	0.0267249
58.2	-0.0156494	0.0212431	0.0263851
58.4	-0.0149377	0.0212895	0.0260072
58.6	-0.0142464	0.0212653	0.0255963
58.8	-0.0135825	0.0211755	0.0251573
59	-0.0129517	0.0210261	0.024695
59.2	-0.0123582	0.020823	0.0242141
59.4	-0.0118052	0.0205714	0.023718
59.6	-0.0112958	0.0202768	0.0232109
59.8	-0.0108319	0.019945	0.0226966
60	-0.0104147	0.0195813	0.0221787
60.2	-0.010045	0.0191906	0.0216606
60.4	-0.00972306	0.0187776	0.0211456
60.6	-0.00944841	0.0183472	0.0206371
60.8	-0.00922048	0.0179026	0.0201375
61	-0.00903899	0.0174467	0.0196492
61.2	-0.00890314	0.0169829	0.0191751
61.4	-0.00881216	0.0165143	0.0187184
61.6	-0.00876535	0.016044	0.0182823
61.8	-0.00876198	0.0155748	0.0178703
62	-0.00880136	0.0151095	0.017486
62.2	-0.00888274	0.0146507	0.0171332
62.4	-0.00900552	0.0142015	0.0168162
62.6	-0.00916879	0.0137646	0.0165388
62.8	-0.00937154	0.0133432	0.0163054
63	-0.00961277	0.0129405	0.0161202
63.2	-0.00989083	0.0125599	0.0159869
63.4	-0.0102038	0.012205	0.0159085
63.6	-0.0105494	0.0118793	0.0158874
63.8	-0.0109252	0.0115866	0.0159251
64	-0.0113278	0.0113303	0.0160217
64.2	-0.0117537	0.011114	0.0161762
64.4	-0.0121987	0.0109411	0.0163865
64.6	-0.0126582	0.0108145	0.0166488
64.8	-0.013127	0.0107367	0.0169586
65	-0.0135993	0.010709	0.0173097
65.2	-0.0140685	0.0107331	0.0176953
65.4	-0.0145282	0.0108096	0.0181084
65.6	-0.014972	0.0109382	0.018542
65.8	-0.0153933	0.0111177	0.0189884
66	-0.0157859	0.011346	0.0194403
66.2	-0.0161435	0.0116197	0.0198905
66.4	-0.0164607	0.0119349	0.0203321
66.6	-0.0167324	0.0122862	0.0207587
66.8	-0.0169545	0.012668	0.0211644
67	-0.0171238	0.0130736	0.021544
67.2	-0.0172378	0.0134961	0.0218926
67.4	-0.0172953	0.0139285	0.0222065
67.6	-0.0172963	0.0143633	0.0224825
67.8	-0.0172418	0.0147929	0.0227181
68	-0.0171343	0.0152103	0.0229115
68.2	-0.016977	0.0156086	0.0230618
68.4	-0.016774	0.0159818	0.0231686
68.6	-0.0165303	0.0163246	0.0232324
68.8	-0.0162513	0.0166324	0.0232539
69	-0.0159429	0.0169017	0.0232345
69.2	-0.0156114	0.0171296	0.0231763
69.4	-0.0152631	0.0173146	0.0230815
69.6	-0.0149043	0.0174559	0.0229531
69.8	-0.0145412	0.0175535	0.0227942
70	-0.0141796	0.0176086	0.022608
70.2	-0.0138246	0.0176226	0.0223981
70.4	-0.0134813	0.0175979	0.0221682
70.6	-0.0131537	0.0175373	0.0219221
70.8	-0.0128456	0.0174441	0.0216635
71	-0.0125595	0.0173218	0.0213959
71.2	-0.0122977	0.0171736	0.0211227
71.4	-0.0120619	0.0170032	0.020847
71.6	-0.0118533	0.0168139	0.020572
71.8	-0.0116727	0.0166092	0.0203007
72	-0.0115203	0.0163926	0.0200358
72.2	-0.011396	0.016167	0.0197798
72.4	-0.0112995	0.0159353	0.0195349
72.6	-0.01123	0.0157003	0.0193031
72.8	-0.0111867	0.0154642	0.0190862
73	-0.0111686	0.0152292	0.0188856
73.2	-0.0111746	0.0149973	0.0187027
73.4	-0.0112036	0.0147702	0.0185386
73.6	-0.0112546	0.0145496	0.0183944
73.8	-0.0113262	0.014337	0.0182711
74	-0.0114176	0.0141338	0.0181693
74.2	-0.0115276	0.013941	0.0180896
74.4	-0.0116547	0.0137599	0.0180324
74.6	-0.0117978	0.0135918	0.0179979
74.8	-0.0119554	0.013438	0.0179864
75	-0.0121263	0.0132997	0.017998
75.2	-0.012309	0.013178	0.0180325
75.4	-0.0125019	0.0130742	0.0180896
75.6	-0.0127035	0.0129892	0.0181686
75.8	-0.0129119	0.012924	0.0182688
76	-0.0131252	0.0128792	0.0183887
76.2	-0.0133409	0.0128555	0.0185268
76.4	-0.0135568	0.0128536	0.0186816
76.6	-0.0137705	0.0128739	0.0188511
76.8	-0.0139796	0.0129167	0.0190334
77	-0.0141814	0.0129816	0.0192259
77.2	-0.0143735	0.0130683	0.0194263
77.4	-0.0145533	0.0131759	0.0196317
77.6	-0.0147183	0.0133032	0.0198394
77.8	-0.014866	0.0134487	0.0200466
78	-0.0149944	0.0136105	0.0202503
78.2	-0.0151014	0.0137864	0.0204479
78.4	-0.0151854	0.013974	0.0206366
78.6	-0.0152452	0.0141704	0.0208138
78.8	-0.0152796	0.0143727	0.0209772
79	-0.0152884	0.0145773	0.0211242
79.2	-0.0152717	0.0147811	0.0212534
79.4	-0.0152301	0.0149809	0.0213631
79.6	-0.0151646	0.0151735	0.0214523
79.8	-0.0150766	0.015356	0.02152
80	-0.0149681	0.0155256	0.0215659
80.2	-0.0148411	0.0156799	0.0215898
80.4	-0.0146983	0.0158167	0.0215918
80.6	-0.0145424	0.0159342	0.0215727
80.8	-0.0143763	0.0160312	0.0215332
81	-0.014203	0.0161068	0.0214745
81.2	-0.0140256	0.0161605	0.0213981
81.4	-0.013847	0.0161923	0.0213056
81.6	-0.0136703	0.0162025	0.021199
81.8	-0.013498	0.016192	0.0210802
82	-0.0133328	0.0161618	0.0209515
82.2	-0.0131769	0.0161134	0.0208152
82.4	-0.013032	0.0160485	0.0206734
82.6	-0.0128999	0.0159689	0.0205283
82.8	-0.0127816	0.0158763	0.020382
83	-0.0126784	0.0157728	0.0202366
83.2	-0.0125908	0.0156602	0.0200941
83.4	-0.0125194	0.0155407	0.0199562
83.6	-0.0124642	0.0154162	0.0198246
83.8	-0.0124253	0.0152885	0.0197009
84	-0.0124022	0.0151594	0.0195863
84.2	-0.0123946	0.0150307	0.019482
84.4	-0.0124017	0.0149037	0.0193887
84.6	-0.0124229	0.01478	0.0193074
84.8	-0.0124572	0.0146608	0.0192385
85	-0.0125039	0.0145471	0.0191825
85.2	-0.0125621	0.0144401	0.0191395
85.4	-0.0126308	0.0143404	0.0191098
85.6	-0.012709	0.0142487	0.019093
85.8	-0.0127956	0.0141656	0.019089
86	-0.0128895	0.0140917	0.0190975
86.2	-0.0129895	0.0140277	0.0191181
86.4	-0.0130947	0.0139737	0.0191503
86.6	-0.0132038	0.0139302	0.0191936
86.8	-0.0133159	0.0138974	0.0192471
87	-0.0134298	0.0138756	0.0193104
87.2	-0.0135443	0.0138649	0.0193825
87.4	-0.0136584	0.0138655	0.0194628
87.6	-0.013771	0.0138773	0.0195505
87.8	-0.013881	0.0139004	0.0196444
88	-0.0139873	0.0139344	0.0197437
88.2	-0.0140889	0.013979	0.0198472
88.4	-0.0141845	0.0140338	0.0199537
88.6	-0.0142732	0.0140983	0.0200621
88.8	-0.0143539	0.0141718	0.0201711
89	-0.0144256	0.0142534	0.0202795
89.2	-0.0144875	0.0143423	0.020386
89.4	-0.0145387	0.0144373	0.0204892
89.6	-0.0145785	0.0145373	0.020588
89.8	-0.0146064	0.0146409	0.0206809
90	-0.014622	0.0147467	0.020767
90.2	-0.0146254	0.0148532	0.0208452
90.4	-0.0146166	0.014959	0.0209146
90.6	-0.0145958	0.0150629	0.0209744
90.8	-0.0145634	0.0151632	0.0210242
91	-0.0145199	0.0152587	0.0210632
91.2	-0.0144662	0.0153481	0.0210911
91.4	-0.0144032	0.01543	0.0211077
91.6	-0.0143319	0.0155034	0.0211131
91.8	-0.0142537	0.0155674	0.0211072
92	-0.0141698	0.0156212	0.0210904
92.2	-0.0140817	0.0156642	0.0210633
92.4	-0.0139908	0.0156959	0.0210263
92.6	-0.0138987	0.0157162	0.0209803
92.8	-0.0138068	0.0157251	0.0209262
93	-0.0137165	0.0157228	0.020865
93.2	-0.0136292	0.0157097	0.0207978
93.4	-0.0135462	0.0156863	0.0207259
93.6	-0.0134687	0.0156534	0.0206503
93.8	-0.0133976	0.0156118	0.0205724
94	-0.0133338	0.0155625	0.0204934
94.2	-0.013278	0.0155064	0.0204146
94.4	-0.0132308	0.0154447	0.020337
94.6	-0.0131926	0.0153783	0.0202617
94.8	-0.0131637	0.0153085	0.0201899
95	-0.0131441	0.0152364	0.0201225
95.2	-0.0131339	0.0151631	0.0200604
95.4	-0.0131328	0.0150896	0.0200042
95.6	-0.0131407	0.015017	0.0199546
95.8	-0.013157	0.0149462	0.0199122
96	-0.0131814	0.0148781	0.0198773
96.2	-0.0132133	0.0148135	0.0198502
96.4	-0.0132522	0.014753	0.0198311
96.6	-0.0132975	0.0146973	0.01982
96.8	-0.0133484	0.0146468	0.0198169
97	-0.0134043	0.0146019	0.0198214
97.2	-0.0134642	0.014563	0.0198334
97.4	-0.0135274	0.0145303	0.0198525
97.6	-0.0135931	0.0145042	0.0198783
97.8	-0.0136606	0.0144849	0.0199104
98	-0.013729	0.0144724	0.0199483
98.2	-0.0137978	0.0144667	0.0199916
98.4	-0.0138662	0.0144678	0.0200397
98.6	-0.0139335	0.0144757	0.020092
98.8	-0.0139991	0.0144902	0.020148
99	-0.0140624	0.014511	0.020207
99.2	-0.0141228	0.0145379	0.0202683
99.4	-0.0141797	0.0145706	0.0203314
99.6	-0.0142325	0.0146087	0.0203955
99.8	-0.0142808	0.0146517	0.02046
100	-0.0143239	0.0146992	0.0205242
100.2	-0.0143616	0.0147507	0.0205874
100.4	-0.0143935	0.0148054	0.0206488
100.6	-0.0144192	0.0148629	0.0207079
100.8	-0.0144385	0.0149224	0.0207641
101	-0.0144514	0.0149832	0.0208168
101.2	-0.0144577	0.0150446	0.0208654
101.4	-0.0144574	0.015106	0.0209095
101.6	-0.0144507	0.0151665	0.0209487
101.8	-0.0144377	0.0152255	0.0209825
102	-0.0144187	0.0152823	0.0210107
102.2	-0.014394	0.0153362	0.0210329
102.4	-0.0143639	0.0153865	0.0210492
102.6	-0.0143291	0.0154327	0.0210592
102.8	-0.01429	0.0154741	0.0210631
103	-0.0142473	0.0155104	0.0210608
103.2	-0.0142017	0.015541	0.0210526
103.4	-0.0141539	0.0155657	0.0210387
103.6	-0.0141047	0.0155844	0.0210194
103.8	-0.0140548	0.0155967	0.0209951
104	-0.0140049	0.0156028	0.0209663
104.2	-0.013956	0.0156027	0.0209335
104.4	-0.0139085	0.0155965	0.0208974
104.6	-0.0138634	0.0155846	0.0208584
104.8	-0.0138212	0.0155672	0.0208174
105	-0.0137824	0.0155448	0.0207749
105.2	-0.0137477	0.0155179	0.0207317
105.4	-0.0137174	0.0154869	0.0206884
105.6	-0.0136919	0.0154525	0.0206458
105.8	-0.0136715	0.0154153	0.0206044
106	-0.0136564	0.0153759	0.0205649
106.2	-0.0136466	0.015335	0.0205278
106.4	-0.0136423	0.0152931	0.0204937
106.6	-0.0136433	0.015251	0.020463
106.8	-0.0136496	0.0152092	0.020436
107	-0.013661	0.0151684	0.0204133
107.2	-0.0136772	0.0151291	0.0203949
107.4	-0.0136979	0.0150917	0.0203812
107.6	-0.0137229	0.0150568	0.0203722
107.8	-0.0137517	0.0150247	0.0203679
108	-0.0137839	0.0149959	0.0203684
108.2	-0.0138191	0.0149706	0.0203736
108.4	-0.0138568	0.014949	0.0203834
108.6	-0.0138964	0.0149313	0.0203974
108.8	-0.0139375	0.0149178	0.0204155
109	-0.0139796	0.0149084	0.0204374
109.2	-0.0140221	0.0149032	0.0204628
109.4	-0.0140647	0.0149023	0.0204914
109.6	-0.0141069	0.0149056	0.0205227
109.8	-0.0141482	0.014913	0.0205565
110	-0.0141882	0.0149243	0.0205923
110.2	-0.0142266	0.0149394	0.0206297
110.4	-0.0142629	0.0149581	0.0206683
110.6	-0.0142969	0.0149802	0.0207077
110.8	-0.0143283	0.0150053	0.0207475
111	-0.0143567	0.0150331	0.0207872
111.2	-0.0143819	0.0150634	0.0208266
111.4	-0.0144038	0.0150958	0.0208651
111.6	-0.0144221	0.0151299	0.0209025
111.8	-0.0144368	0.0151653	0.0209383
112	-0.0144478	0.0152017	0.0209722
112.2	-0.014455	0.0152387	0.0210039
112.4	-0.0144585	0.0152757	0.0210332
112.6	-0.0144582	0.0153126	0.0210598
112.8	-0.0144542	0.0153487	0.0210834
113	-0.0144468	0.0153838	0.0211038
113.2	-0.014436	0.0154175	0.021121
113.4	-0.0144221	0.0154494	0.0211348
113.6	-0.0144052	0.0154792	0.0211451
113.8	-0.0143858	0.0155065	0.0211519
114	-0.0143642	0.015531	0.0211552
114.2	-0.0143405	0.0155526	0.021155
114.4	-0.0143154	0.015571	0.0211515
114.6	-0.014289	0.0155861	0.0211448
114.8	-0.0142619	0.0155977	0.0211351
115	-0.0142344	0.0156058	0.0211225
115.2	-0.014207	0.0156104	0.0211074
115.4	-0.0141801	0.0156114	0.0210901
115.6	-0.014154	0.015609	0.0210708
115.8	-0.0141292	0.0156034	0.0210499
116	-0.014106	0.0155946	0.0210278
116.2	-0.0140848	0.0155829	0.0210049
116.4	-0.0140657	0.0155685	0.0209815
116.6	-0.0140491	0.0155518	0.020958
116.8	-0.0140353	0.0155331	0.0209348
117	-0.0140243	0.0155126	0.0209123
117.2	-0.0140163	0.0154908	0.0208907
117.4	-0.0140113	0.015468	0.0208705
117.6	-0.0140095	0.0154446	0.0208519
117.8	-0.0140108	0.0154209	0.0208352
118	-0.0140152	0.0153973	0.0208207
118.2	-0.0140226	0.0153742	0.0208086
118.4	-0.0140328	0.0153518	0.020799
118.6	-0.0140457	0.0153305	0.020792
118.8	-0.0140612	0.0153107	0.0207878
119	-0.0140789	0.0152924	0.0207864
119.2	-0.0140987	0.015276	0.0207878
119.4	-0.0141203	0.0152617	0.0207919
119.6	-0.0141434	0.0152496	0.0207987
119.8	-0.0141677	0.0152398	0.020808
120	-0.0141929	0.0152325	0.0208198
120.2	-0.0142187	0.0152277	0.0208339
120.4	-0.0142448	0.0152254	0.0208501
120.6	-0.014271	0.0152257	0.0208682
120.8	-0.0142969	0.0152285	0.020888
121	-0.0143222	0.0152337	0.0209091
121.2	-0.0143468	0.0152414	0.0209315
121.4	-0.0143703	0.0152512	0.0209549
121.6	-0.0143926	0.0152633	0.0209789
121.8	-0.0144135	0.0152773	0.0210034
122	-0.0144327	0.0152931	0.0210281
122.2	-0.0144501	0.0153105	0.0210527
122.4	-0.0144656	0.0153293	0.021077
122.6	-0.0144791	0.0153493	0.0211008
122.8	-0.0144905	0.0153703	0.0211239
123	-0.0144997	0.015392	0.021146
123.2	-0.0145067	0.0154142	0.021167
123.4	-0.0145114	0.0154367	0.0211866
123.6	-0.014514	0.0154592	0.0212048
123.8	-0.0145144	0.0154815	0.0212213
124	-0.0145126	0.0155033	0.0212361
124.2	-0.0145089	0.0155245	0.021249
124.4	-0.0145032	0.0155448	0.02126
124.6	-0.0144958	0.0155641	0.021269
124.8	-0.0144867	0.0155821	0.0212759
125	-0.0144762	0.0155986	0.0212809
125.2	-0.0144644	0.0156135	0.0212838
125.4	-0.0144515	0.0156267	0.0212848
125.6	-0.0144378	0.0156381	0.0212838
125.8	-0.0144234	0.0156476	0.021281
126	-0.0144085	0.0156551	0.0212765
126.2	-0.0143935	0.0156606	0.0212704
126.4	-0.0143785	0.0156641	0.0212628
126.6	-0.0143638	0.0156656	0.021254
126.8	-0.0143496	0.0156651	0.021244
127	-0.0143361	0.0156628	0.0212331
127.2	-0.0143234	0.0156587	0.0212215
127.4	-0.0143118	0.0156529	0.0212094
127.6	-0.0143015	0.0156455	0.0211971
127.8	-0.0142925	0.0156368	0.0211846
128	-0.0142851	0.0156269	0.0211723
128.2	-0.0142793	0.015616	0.0211603
128.4	-0.0142751	0.0156043	0.0211488
128.6	-0.0142728	0.0155919	0.0211381
128.8	-0.0142721	0.0155791	0.0211283
129	-0.0142733	0.0155662	0.0211195
129.2	-0.0142763	0.0155532	0.0211119
129.4	-0.014281	0.0155404	0.0211057
129.6	-0.0142873	0.015528	0.0211009
129.8	-0.0142952	0.0155162	0.0210975
130	-0.0143046	0.0155052	0.0210958
130.2	-0.0143153	0.015495	0.0210956
130.4	-0.0143273	0.0154859	0.021097
130.6	-0.0143403	0.015478	0.0211
130.8	-0.0143542	0.0154713	0.0211046
131	-0.0143689	0.015466	0.0211107
131.2	-0.0143841	0.0154621	0.0211182
131.4	-0.0143997	0.0154596	0.021127
131.6	-0.0144156	0.0154587	0.0211371
131.8	-0.0144314	0.0154592	0.0211484
132	-0.0144472	0.0154612	0.0211606
132.2	-0.0144626	0.0154647	0.0211737
132.4	-0.0144776	0.0154695	0.0211875
132.6	-0.014492	0.0154758	0.0212018
132.8	-0.0145057	0.0154832	0.0212166
133	-0.0145186	0.0154919	0.0212317
133.2	-0.0145304	0.0155016	0.0212469
133.4	-0.0145413	0.0155122	0.0212621
133.6	-0.014551	0.0155237	0.0212771
133.8	-0.0145595	0.0155359	0.0212918
134	-0.0145667	0.0155486	0.0213061
134.2	-0.0145727	0.0155618	0.0213198
134.4	-0.0145773	0.0155753	0.0213328
134.6	-0.0145807	0.0155889	0.0213451
134.8	-0.0145828	0.0156025	0.0213564
135	-0.0145836	0.015616	0.0213668
135.2	-0.0145832	0.0156293	0.0213762
135.4	-0.0145816	0.0156421	0.0213845
135.6	-0.0145789	0.0156544	0.0213917
135.8	-0.0145752	0.0156661	0.0213977
136	-0.0145705	0.015677	0.0214026
136.2	-0.014565	0.0156871	0.0214062
136.4	-0.0145588	0.0156963	0.0214087
136.6	-0.014552	0.0157045	0.0214101
136.8	-0.0145446	0.0157117	0.0214104
137	-0.0145369	0.0157177	0.0214096
137.2	-0.014529	0.0157227	0.0214078
137.4	-0.0145209	0.0157265	0.0214051
137.6	-0.0145128	0.0157291	0.0214015
137.8	-0.0145049	0.0157306	0.0213973
138	-0.0144973	0.0157309	0.0213924
138.2	-0.01449	0.0157302	0.0213869
138.4	-0.0144832	0.0157285	0.0213811
138.6	-0.014477	0.0157258	0.0213749
138.8	-0.0144716	0.0157223	0.0213686
139	-0.0144669	0.0157179	0.0213622
139.2	-0.014463	0.0157129	0.0213559
139.4	-0.01446	0.0157072	0.0213497
139.6	-0.014458	0.0157011	0.0213438
139.8	-0.014457	0.0156946	0.0213383
140	-0.014457	0.0156878	0.0213333
140.2	-0.014458	0.0156809	0.0213289
140.4	-0.01446	0.0156739	0.0213252
140.6	-0.014463	0.015667	0.0213222
140.8	-0.0144669	0.0156604	0.0213199
141	-0.0144718	0.015654	0.0213185
141.2	-0.0144775	0.015648	0.021318
141.4	-0.014484	0.0156425	0.0213184
141.6	-0.0144912	0.0156376	0.0213197
141.8	-0.014499	0.0156334	0.0213219
142	-0.0145073	0.0156299	0.021325
142.2	-0.0145161	0.0156271	0.0213289
142.4	-0.0145253	0.0156251	0.0213337
142.6	-0.0145347	0.015624	0.0213393
142.8	-0.0145442	0.0156237	0.0213455
143	-0.0145537	0.0156242	0.0213525
143.2	-0.0145633	0.0156257	0.02136
143.4	-0.0145726	0.0156279	0.021368
143.6	-0.0145817	0.015631	0.0213765
143.8	-0.0145905	0.0156349	0.0213853
144	-0.0145989	0.0156395	0.0213944
144.2	-0.0146068	0.0156448	0.0214037
144.4	-0.0146141	0.0156507	0.021413
144.6	-0.0146209	0.0156571	0.0214223
144.8	-0.014627	0.0156641	0.0214316
145	-0.0146324	0.0156715	0.0214406
145.2	-0.014637	0.0156792	0.0214495
145.4	-0.014641	0.0156872	0.021458
145.6	-0.0146441	0.0156953	0.0214661
145.8	-0.0146466	0.0157035	0.0214738
146	-0.0146482	0.0157118	0.0214809
146.2	-0.0146492	0.0157199	0.0214875
146.4	-0.0146494	0.0157279	0.0214935
146.6	-0.0146489	0.0157357	0.0214989
146.8	-0.0146478	0.0157432	0.0215037
147	-0.0146461	0.0157503	0.0215077
147.2	-0.0146439	0.015757	0.0215111
147.4	-0.0146412	0.0157632	0.0215138
147.6	-0.014638	0.0157689	0.0215158
147.8	-0.0146345	0.0157741	0.0215172
148	-0.0146307	0.0157786	0.0215179
148.2	-0.0146267	0.0157825	0.021518
148.4	-0.0146225	0.0157857	0.0215176
148.6	-0.0146183	0.0157883	0.0215166
148.8	-0.014614	0.0157903	0.0215152
149	-0.0146099	0.0157916	0.0215133
149.2	-0.0146059	0.0157922	0.0215111
149.4	-0.0146021	0.0157923	0.0215085
149.6	-0.0145985	0.0157917	0.0215057
149.8	-0.0145953	0.0157906	0.0215027
150	-0.0145925	0.015789	0.0214996
150.2	-0.0145901	0.0157869	0.0214965
150.4	-0.0145882	0.0157845	0.0214934
150.6	-0.0145868	0.0157817	0.0214904
150.8	-0.014586	0.0157786	0.0214875
151	-0.0145857	0.0157752	0.0214849
151.2	-0.0145859	0.0157717	0.0214825
151.4	-0.0145867	0.0157681	0.0214804
151.6	-0.0145881	0.0157645	0.0214787
151.8	-0.0145901	0.0157609	0.0214774
152	-0.0145926	0.0157575	0.0214765
152.2	-0.0145956	0.0157541	0.0214761
152.4	-0.0145991	0.015751	0.0214762
152.6	-0.0146031	0.0157482	0.0214768
152.8	-0.0146074	0.0157456	0.0214779
153	-0.0146121	0.0157435	0.0214795
153.2	-0.0146172	0.0157417	0.0214817
153.4	-0.0146224	0.0157403	0.0214843
153.6	-0.0146279	0.0157394	0.0214874
153.8	-0.0146336	0.015739	0.0214909
154	-0.0146393	0.0157391	0.0214948
154.2	-0.0146451	0.0157396	0.0214992
154.4	-0.0146508	0.0157406	0.0215038
154.6	-0.0146565	0.0157421	0.0215088
154.8	-0.014662	0.0157441	0.021514
155	-0.0146674	0.0157465	0.0215194
155.2	-0.0146725	0.0157494	0.021525
155.4	-0.0146774	0.0157526	0.0215307
155.6	-0.0146819	0.0157563	0.0215364
155.8	-0.0146861	0.0157602	0.0215422
156	-0.01469	0.0157644	0.0215479
156.2	-0.0146934	0.0157689	0.0215535
156.4	-0.0146964	0.0157736	0.021559
156.6	-0.014699	0.0157784	0.0215643
156.8	-0.0147012	0.0157833	0.0215694
157	-0.0147029	0.0157883	0.0215742
157.2	-0.0147042	0.0157933	0.0215787
157.4	-0.0147051	0.0157982	0.0215829
157.6	-0.0147055	0.0158031	0.0215868
157.8	-0.0147056	0.0158078	0.0215903
158	-0.0147053	0.0158124	0.0215934
158.2	-0.0147046	0.0158168	0.0215962
158.4	-0.0147036	0.0158209	0.0215985
158.6	-0.0147024	0.0158247	0.0216005
158.8	-0.0147009	0.0158283	0.0216021
159	-0.0146992	0.0158315	0.0216033
159.2	-0.0146973	0.0158344	0.0216041
159.4	-0.0146953	0.0158369	0.0216046
159.6	-0.0146932	0.015839	0.0216047
159.8	-0.014691	0.0158408	0.0216046
160	-0.0146889	0.0158422	0.0216041
160.2	-0.0146867	0.0158433	0.0216035
160.4	-0.0146847	0.0158439	0.0216026
160.6	-0.0146828	0.0158442	0.0216015
160.8	-0.014681	0.0158442	0.0216003
161	-0.0146794	0.0158439	0.021599
161.2	-0.0146781	0.0158433	0.0215976
161.4	-0.0146769	0.0158424	0.0215962
161.6	-0.0146761	0.0158413	0.0215947
161.8	-0.0146755	0.0158399	0.0215934
162	-0.0146752	0.0158385	0.0215921
162.2	-0.0146752	0.0158368	0.0215909
162.4	-0.0146756	0.0158351	0.0215899
162.6	-0.0146763	0.0158333	0.021589
162.8	-0.0146773	0.0158315	0.0215884
163	-0.0146786	0.0158297	0.021588
163.2	-0.0146802	0.015828	0.0215878
163.4	-0.0146821	0.0158263	0.0215878
163.6	-0.0146843	0.0158247	0.0215882
163.8	-0.0146867	0.0158233	0.0215888
164	-0.0146894	0.0158221	0.0215897
164.2	-0.0146923	0.0158211	0.0215909
164.4	-0.0146953	0.0158202	0.0215924
164.6	-0.0146985	0.0158197	0.0215942
164.8	-0.0147018	0.0158193	0.0215962
165	-0.0147053	0.0158193	0.0215985
165.2	-0.0147087	0.0158195	0.021601
165.4	-0.0147122	0.0158199	0.0216037
165.6	-0.0147157	0.0158207	0.0216066
165.8	-0.0147192	0.0158217	0.0216097
166	-0.0147225	0.015823	0.021613
166.2	-0.0147258	0.0158246	0.0216164
166.4	-0.014729	0.0158264	0.0216198
166.6	-0.014732	0.0158284	0.0216234
166.8	-0.0147348	0.0158306	0.0216269
167	-0.0147374	0.0158331	0.0216305
167.2	-0.0147399	0.0158356	0.021634
167.4	-0.0147421	0.0158384	0.0216375
167.6	-0.014744	0.0158412	0.0216409
167.8	-0.0147457	0.0158441	0.0216443
168	-0.0147472	0.0158471	0.0216474
168.2	-0.0147484	0.0158502	0.0216505
168.4	-0.0147494	0.0158532	0.0216534
168.6	-0.0147501	0.0158562	0.0216561
168.8	-0.0147506	0.0158592	0.0216586
169	-0.0147509	0.0158621	0.0216609
169.2	-0.0147509	0.0158649	0.021663
169.4	-0.0147508	0.0158676	0.0216648
169.6	-0.0147504	0.0158701	0.0216665
169.8	-0.0147499	0.0158725	0.0216679
170	-0.0147493	0.0158748	0.0216691
170.2	-0.0147485	0.0158768	0.0216701
170.4	-0.0147476	0.0158787	0.0216708
170.6	-0.0147467	0.0158803	0.0216714
170.8	-0.0147457	0.0158817	0.0216718
171	-0.0147447	0.015883	0.0216719
171.2	-0.0147436	0.015884	0.021672
171.4	-0.0147426	0.0158848	0.0216719
171.6	-0.0147416	0.0158853	0.0216716
171.8	-0.0147407	0.0158857	0.0216713
172	-0.0147399	0.0158859	0.0216709
172.2	-0.0147392	0.0158859	0.0216704
172.4	-0.0147385	0.0158858	0.0216699
172.6	-0.0147381	0.0158855	0.0216693
172.8	-0.0147377	0.015885	0.0216688
173	-0.0147376	0.0158845	0.0216682
173.2	-0.0147376	0.0158838	0.0216677
173.4	-0.0147377	0.0158831	0.0216673
173.6	-0.0147381	0.0158823	0.021667
173.8	-0.0147386	0.0158814	0.0216667
174	-0.0147393	0.0158806	0.0216666
174.2	-0.0147402	0.0158797	0.0216666
174.4	-0.0147413	0.0158789	0.0216667
174.6	-0.0147425	0.0158781	0.0216669
174.8	-0.0147439	0.0158774	0.0216674
175	-0.0147454	0.0158768	0.0216679
175.2	-0.0147471	0.0158762	0.0216687
175.4	-0.0147489	0.0158758	0.0216695
175.6	-0.0147508	0.0158755	0.0216706
175.8	-0.0147527	0.0158753	0.0216718
176	-0.0147548	0.0158752	0.0216732
176.2	-0.0147569	0.0158753	0.0216746
176.4	-0.014759	0.0158756	0.0216763
176.6	-0.0147611	0.015876	0.021678
176.8	-0.0147633	0.0158765	0.0216799
177	-0.0147654	0.0158773	0.0216819
177.2	-0.0147674	0.0158781	0.0216839
177.4	-0.0147695	0.0158791	0.021686
177.6	-0.0147714	0.0158803	0.0216882
177.8	-0.0147733	0.0158816	0.0216904
178	-0.0147751	0.015883	0.0216926
178.2	-0.0147767	0.0158845	0.0216949
178.4	-0.0147783	0.0158861	0.0216971
178.6	-0.0147797	0.0158878	0.0216993
178.8	-0.0147809	0.0158895	0.0217014
179	-0.0147821	0.0158913	0.0217035
179.2	-0.0147831	0.0158932	0.0217056
179.4	-0.0147839	0.015895	0.0217075
179.6	-0.0147847	0.0158969	0.0217094
179.8	-0.0147852	0.0158987	0.0217111
180	-0.0147857	0.0159006	0.0217128
180.2	-0.014786	0.0159024	0.0217143
180.4	-0.0147862	0.0159041	0.0217157
180.6	-0.0147862	0.0159058	0.0217169
180.8	-0.0147862	0.0159074	0.0217181
181	-0.014786	0.0159089	0.0217191
181.2	-0.0147858	0.0159103	0.02172
181.4	-0.0147855	0.0159116	0.0217207
181.6	-0.0147852	0.0159128	0.0217214
181.8	-0.0147848	0.0159139	0.0217219
182	-0.0147844	0.0159148	0.0217223
182.2	-0.0147839	0.0159157	0.0217226
182.4	-0.0147835	0.0159164	0.0217228
182.6	-0.014783	0.015917	0.021723
182.8	-0.0147826	0.0159175	0.021723
183	-0.0147822	0.0159178	0.021723
183.2	-0.0147819	0.0159181	0.021723
183.4	-0.0147816	0.0159182	0.0217229
183.6	-0.0147813	0.0159183	0.0217228
183.8	-0.0147812	0.0159182	0.0217227
184	-0.0147811	0.0159181	0.0217225
184.2	-0.0147812	0.0159179	0.0217224
184.4	-0.0147813	0.0159177	0.0217223
184.6	-0.0147815	0.0159174	0.0217222
184.8	-0.0147818	0.0159171	0.0217222
185	-0.0147822	0.0159167	0.0217222
185.2	-0.0147827	0.0159164	0.0217223
185.4	-0.0147833	0.015916	0.0217225
185.6	-0.014784	0.0159156	0.0217227
185.8	-0.0147849	0.0159153	0.021723
186	-0.0147857	0.015915	0.0217234
186.2	-0.0147867	0.0159148	0.0217239
186.4	-0.0147878	0.0159146	0.0217245
186.6	-0.0147889	0.0159144	0.0217251
186.8	-0.0147901	0.0159144	0.0217259
187	-0.0147913	0.0159144	0.0217267
187.2	-0.0147926	0.0159144	0.0217276
187.4	-0.0147939	0.0159146	0.0217286
187.6	-0.0147952	0.0159148	0.0217297
187.8	-0.0147965	0.0159152	0.0217308
188	-0.0147978	0.0159156	0.021732
188.2	-0.0147991	0.0159161	0.0217333
188.4	-0.0148004	0.0159167	0.0217346
188.6	-0.0148017	0.0159174	0.021736
188.8	-0.0148029	0.0159181	0.0217373
189	-0.0148041	0.0159189	0.0217387
189.2	-0.0148052	0.0159198	0.0217402
189.4	-0.0148062	0.0159208	0.0217416
189.6	-0.0148072	0.0159218	0.021743
189.8	-0.0148082	0.0159228	0.0217444
190	-0.014809	0.0159239	0.0217458
190.2	-0.0148098	0.0159251	0.0217471
190.4	-0.0148104	0.0159262	0.0217484
190.6	-0.014811	0.0159274	0.0217497
190.8	-0.0148116	0.0159285	0.0217509
191	-0.014812	0.0159297	0.021752
191.2	-0.0148124	0.0159308	0.0217531
191.4	-0.0148126	0.0159319	0.0217541
191.6	-0.0148129	0.015933	0.021755
191.8	-0.014813	0.0159341	0.0217559
192	-0.0148131	0.0159351	0.0217567
192.2	-0.0148131	0.015936	0.0217574
192.4	-0.0148131	0.0159369	0.0217581
192.6	-0.014813	0.0159378	0.0217587
192.8	-0.0148129	0.0159386	0.0217592
193	-0.0148128	0.0159393	0.0217596
193.2	-0.0148127	0.0159399	0.02176
193.4	-0.0148125	0.0159405	0.0217603
193.6	-0.0148124	0.015941	0.0217606
193.8	-0.0148122	0.0159415	0.0217608
194	-0.0148121	0.0159418	0.0217609
194.2	-0.0148119	0.0159421	0.0217611
194.4	-0.0148118	0.0159424	0.0217612
194.6	-0.0148118	0.0159426	0.0217613
194.8	-0.0148117	0.0159427	0.0217613
195	-0.0148117	0.0159428	0.0217614
195.2	-0.0148118	0.0159428	0.0217614
195.4	-0.0148119	0.0159428	0.0217615
195.6	-0.014812	0.0159427	0.0217616
195.8	-0.0148122	0.0159427	0.0217617
196	-0.0148125	0.0159426	0.0217618
196.2	-0.0148128	0.0159425	0.0217619
196.4	-0.0148132	0.0159423	0.0217621
196.6	-0.0148136	0.0159422	0.0217623
196.8	-0.0148141	0.0159421	0.0217625
197	-0.0148146	0.015942	0.0217628
197.2	-0.0148152	0.0159419	0.0217632
197.4	-0.0148158	0.0159419	0.0217636
197.6	-0.0148165	0.0159418	0.021764
197.8	-0.0148172	0.0159418	0.0217645
198	-0.014818	0.0159419	0.021765
198.2	-0.0148187	0.015942	0.0217656
198.4	-0.0148195	0.0159421	0.0217662
198.6	-0.0148204	0.0159422	0.0217669
198.8	-0.0148212	0.0159425	0.0217676
199	-0.014822	0.0159427	0.0217684
199.2	-0.0148228	0.015943	0.0217692
199.4	-0.0148237	0.0159434	0.02177
199.6	-0.0148245	0.0159438	0.0217709
199.8	-0.0148253	0.0159443	0.0217717
