# Frequency	Magnitude
0	1.6568e-18
0.00488281	0.000616276
0.00976563	0.000413249
0.0146484	0.000324563
0.0195313	0.000275196
0.0244141	0.000260151
0.0292969	0.000270302
0.0341797	0.000301208
0.0390625	0.000352825
0.0439453	0.00042757
0.0488281	0.000530561
0.0537109	0.00066994
0.0585938	0.000856642
0.0634766	0.00110108
0.0683594	0.00139524
0.0732422	0.00168046
0.078125	0.00192219
0.0830078	0.00217049
0.0878906	0.00132837
0.0927734	0.000675027
0.0976563	0.000557421
0.102539	0.000473383
0.107422	0.00041268
0.112305	0.000363626
0.117188	0.000321431
0.12207	0.000282225
0.126953	0.00024292
0.131836	0.000201947
0.136719	0.000162678
0.141602	0.000142671
0.146484	0.000171761
0.151367	0.000250672
0.15625	0.000348205
0.161133	0.000379935
0.166016	0.000261256
0.170898	0.000189436
0.175781	0.000187254
0.180664	0.000180809
0.185547	0.000172752
0.19043	0.000165767
0.195313	0.000159578
0.200195	0.000154059
0.205078	0.000149001
0.209961	0.000144273
0.214844	0.000140012
0.219727	0.000136569
0.224609	0.000134047
0.229492	0.000131342
0.234375	0.000126724
0.239258	0.000121277
0.244141	0.000118573
0.249023	0.000117273
0.253906	0.000115274
0.258789	0.000113103
0.263672	0.000111132
0.268555	0.000109162
0.273438	0.000107352
0.27832	0.000105579
0.283203	0.000103881
0.288086	0.000102089
0.292969	0.000100159
0.297852	9.80624e-05
0.302734	9.59377e-05
0.307617	9.40158e-05
0.3125	9.23963e-05
0.317383	9.08456e-05
0.322266	8.91951e-05
0.327148	8.74956e-05
0.332031	8.59131e-05
0.336914	8.43026e-05
0.341797	8.27606e-05
0.34668	8.12182e-05
0.351563	7.97569e-05
0.356445	7.83221e-05
0.361328	7.69714e-05
0.366211	7.56882e-05
0.371094	7.44758e-05
0.375977	7.3347e-05
0.380859	7.2236e-05
0.385742	7.11152e-05
0.390625	7.00544e-05
0.395508	6.91078e-05
0.400391	6.82335e-05
0.405273	6.74008e-05
0.410156	6.66158e-05
0.415039	6.59078e-05
0.419922	6.52119e-05
0.424805	6.46044e-05
0.429688	6.39997e-05
0.43457	6.34534e-05
0.439453	6.29333e-05
0.444336	6.24094e-05
0.449219	6.19414e-05
0.454102	6.14584e-05
0.458984	6.10066e-05
0.463867	6.05512e-05
0.46875	6.00807e-05
0.473633	5.95937e-05
0.478516	5.91109e-05
0.483398	5.86166e-05
0.488281	5.80941e-05
0.493164	5.7558e-05
0.498047	5.7009e-05
0.50293	5.6443e-05
0.507813	5.58615e-05
0.512695	5.52726e-05
0.517578	5.46572e-05
0.522461	5.40395e-05
0.527344	5.34056e-05
0.532227	5.27639e-05
0.537109	5.21339e-05
0.541992	5.15078e-05
0.546875	5.08816e-05
0.551758	5.02648e-05
0.556641	4.96656e-05
0.561523	4.90793e-05
0.566406	4.85068e-05
0.571289	4.79625e-05
0.576172	4.74451e-05
0.581055	4.69474e-05
0.585938	4.64916e-05
0.59082	4.60541e-05
0.595703	4.56621e-05
0.600586	4.52881e-05
0.605469	4.49366e-05
0.610352	4.4628e-05
0.615234	4.43408e-05
0.620117	4.40817e-05
0.625	4.38597e-05
0.629883	4.36441e-05
0.634766	4.34466e-05
0.639648	4.32651e-05
0.644531	4.3094e-05
0.649414	4.29231e-05
0.654297	4.27537e-05
0.65918	4.25878e-05
0.664063	4.24225e-05
0.668945	4.2243e-05
0.673828	4.20636e-05
0.678711	4.18657e-05
0.683594	4.16495e-05
0.688477	4.14205e-05
0.693359	4.11737e-05
0.698242	4.091e-05
0.703125	4.064e-05
0.708008	4.03464e-05
0.712891	4.004e-05
0.717773	3.97237e-05
0.722656	3.93898e-05
0.727539	3.90436e-05
0.732422	3.86902e-05
0.737305	3.83335e-05
0.742188	3.79711e-05
0.74707	3.76103e-05
0.751953	3.72539e-05
0.756836	3.69083e-05
0.761719	3.65624e-05
0.766602	3.62278e-05
0.771484	3.59101e-05
0.776367	3.56064e-05
0.78125	3.5319e-05
0.786133	3.50564e-05
0.791016	3.48131e-05
0.795898	3.45885e-05
0.800781	3.4392e-05
0.805664	3.42116e-05
0.810547	3.40503e-05
0.81543	3.39077e-05
0.820313	3.37869e-05
0.825195	3.3683e-05
0.830078	3.35903e-05
0.834961	3.35098e-05
0.839844	3.34387e-05
0.844727	3.33743e-05
0.849609	3.33108e-05
0.854492	3.32511e-05
0.859375	3.31869e-05
0.864258	3.31191e-05
0.869141	3.30447e-05
0.874023	3.2962e-05
0.878906	3.28708e-05
0.883789	3.27657e-05
0.888672	3.26458e-05
0.893555	3.25117e-05
0.898438	3.23637e-05
0.90332	3.22016e-05
0.908203	3.20254e-05
0.913086	3.1837e-05
0.917969	3.1635e-05
0.922852	3.14178e-05
0.927734	3.11956e-05
0.932617	3.09658e-05
0.9375	3.07267e-05
0.942383	3.04849e-05
0.947266	3.02414e-05
0.952148	2.99993e-05
0.957031	2.97628e-05
0.961914	2.95341e-05
0.966797	2.93101e-05
0.97168	2.90944e-05
0.976563	2.88922e-05
0.981445	2.87037e-05
0.986328	2.85311e-05
0.991211	2.83741e-05
0.996094	2.82326e-05
1.00098	2.81065e-05
1.00586	2.80003e-05
1.01074	2.7911e-05
1.01563	2.78373e-05
1.02051	2.77748e-05
1.02539	2.77226e-05
1.03027	2.76821e-05
1.03516	2.76525e-05
1.04004	2.76326e-05
1.04492	2.76155e-05
1.0498	2.75983e-05
1.05469	2.75838e-05
1.05957	2.75658e-05
1.06445	2.75433e-05
1.06934	2.75161e-05
1.07422	2.74796e-05
1.0791	2.74325e-05
1.08398	2.73742e-05
1.08887	2.73074e-05
1.09375	2.72303e-05
1.09863	2.71406e-05
1.10352	2.70345e-05
1.1084	2.69135e-05
1.11328	2.67835e-05
1.11816	2.66443e-05
1.12305	2.64942e-05
1.12793	2.6335e-05
1.13281	2.61681e-05
1.1377	2.59967e-05
1.14258	2.58215e-05
1.14746	2.56434e-05
1.15234	2.54664e-05
1.15723	2.52905e-05
1.16211	2.51177e-05
1.16699	2.4952e-05
1.17188	2.47967e-05
1.17676	2.46519e-05
1.18164	2.45156e-05
1.18652	2.439e-05
1.19141	2.42765e-05
1.19629	2.41793e-05
1.20117	2.40989e-05
1.20605	2.40309e-05
1.21094	2.39758e-05
1.21582	2.39345e-05
1.2207	2.39047e-05
1.22559	2.38851e-05
1.23047	2.3875e-05
1.23535	2.38718e-05
1.24023	2.3874e-05
1.24512	2.38802e-05
1.25	2.38889e-05
1.25488	2.38993e-05
1.25977	2.39085e-05
1.26465	2.39106e-05
1.26953	2.39039e-05
1.27441	2.38917e-05
1.2793	2.38722e-05
1.28418	2.38439e-05
1.28906	2.38058e-05
1.29395	2.37574e-05
1.29883	2.36976e-05
1.30371	2.36248e-05
1.30859	2.35408e-05
1.31348	2.34466e-05
1.31836	2.33409e-05
1.32324	2.32258e-05
1.32813	2.31044e-05
1.33301	2.29774e-05
1.33789	2.28461e-05
1.34277	2.27099e-05
1.34766	2.25711e-05
1.35254	2.24319e-05
1.35742	2.2294e-05
1.3623	2.21597e-05
1.36719	2.20309e-05
1.37207	2.19102e-05
1.37695	2.17983e-05
1.38184	2.16955e-05
1.38672	2.16029e-05
1.3916	2.15218e-05
1.39648	2.14519e-05
1.40137	2.13938e-05
1.40625	2.13494e-05
1.41113	2.1317e-05
1.41602	2.1296e-05
1.4209	2.12854e-05
1.42578	2.12839e-05
1.43066	2.12904e-05
1.43555	2.13026e-05
1.44043	2.13194e-05
1.44531	2.13399e-05
1.4502	2.13624e-05
1.45508	2.13853e-05
1.45996	2.14061e-05
1.46484	2.14224e-05
1.46973	2.14329e-05
1.47461	2.1437e-05
1.47949	2.14336e-05
1.48438	2.14218e-05
1.48926	2.14015e-05
1.49414	2.13718e-05
1.49902	2.13309e-05
1.50391	2.1279e-05
1.50879	2.12179e-05
1.51367	2.11477e-05
1.51855	2.10678e-05
1.52344	2.09778e-05
1.52832	2.08805e-05
1.5332	2.07783e-05
1.53809	2.06722e-05
1.54297	2.05628e-05
1.54785	2.04505e-05
1.55273	2.03369e-05
1.55762	2.0224e-05
1.5625	2.01146e-05
1.56738	2.00107e-05
1.57227	1.99132e-05
1.57715	1.98223e-05
1.58203	1.97395e-05
1.58691	1.96663e-05
1.5918	1.96048e-05
1.59668	1.95547e-05
1.60156	1.95149e-05
1.60645	1.94857e-05
1.61133	1.9467e-05
1.61621	1.94591e-05
1.62109	1.94611e-05
1.62598	1.94716e-05
1.63086	1.94891e-05
1.63574	1.95121e-05
1.64063	1.95392e-05
1.64551	1.95704e-05
1.65039	1.96036e-05
1.65527	1.96351e-05
1.66016	1.96635e-05
1.66504	1.96885e-05
1.66992	1.97096e-05
1.6748	1.97256e-05
1.67969	1.97349e-05
1.68457	1.97358e-05
1.68945	1.97274e-05
1.69434	1.97099e-05
1.69922	1.96831e-05
1.7041	1.96468e-05
1.70898	1.96003e-05
1.71387	1.95438e-05
1.71875	1.94787e-05
1.72363	1.94067e-05
1.72852	1.93285e-05
1.7334	1.92443e-05
1.73828	1.91543e-05
1.74316	1.90602e-05
1.74805	1.89642e-05
1.75293	1.88685e-05
1.75781	1.87748e-05
1.7627	1.86842e-05
1.76758	1.85975e-05
1.77246	1.85165e-05
1.77734	1.84422e-05
1.78223	1.83755e-05
1.78711	1.83182e-05
1.79199	1.82708e-05
1.79688	1.82331e-05
1.80176	1.82057e-05
1.80664	1.8189e-05
1.81152	1.81824e-05
1.81641	1.8185e-05
1.82129	1.81956e-05
1.82617	1.82136e-05
1.83105	1.82386e-05
1.83594	1.82696e-05
1.84082	1.8305e-05
1.8457	1.83431e-05
1.85059	1.8382e-05
1.85547	1.84199e-05
1.86035	1.84559e-05
1.86523	1.84887e-05
1.87012	1.85171e-05
1.875	1.85402e-05
1.87988	1.8557e-05
1.88477	1.85663e-05
1.88965	1.85679e-05
1.89453	1.85607e-05
1.89941	1.85437e-05
1.9043	1.85169e-05
1.90918	1.84809e-05
1.91406	1.84363e-05
1.91895	1.83841e-05
1.92383	1.83248e-05
1.92871	1.82591e-05
1.93359	1.81876e-05
1.93848	1.81113e-05
1.94336	1.80311e-05
1.94824	1.79492e-05
1.95313	1.78671e-05
1.95801	1.77862e-05
1.96289	1.77082e-05
1.96777	1.76342e-05
1.97266	1.75656e-05
1.97754	1.75036e-05
1.98242	1.74495e-05
1.9873	1.74035e-05
1.99219	1.73661e-05
1.99707	1.7338e-05
2.00195	1.73196e-05
2.00684	1.7311e-05
2.01172	1.73123e-05
2.0166	1.73226e-05
2.02148	1.7341e-05
2.02637	1.73668e-05
2.03125	1.7399e-05
2.03613	1.74362e-05
2.04102	1.74767e-05
2.0459	1.75199e-05
2.05078	1.75642e-05
2.05566	1.76082e-05
2.06055	1.76509e-05
2.06543	1.7691e-05
2.07031	1.77267e-05
2.0752	1.77567e-05
2.08008	1.77802e-05
2.08496	1.77964e-05
2.08984	1.78047e-05
2.09473	1.78046e-05
2.09961	1.77957e-05
2.10449	1.77782e-05
2.10938	1.77521e-05
2.11426	1.77175e-05
2.11914	1.76747e-05
2.12402	1.76241e-05
2.12891	1.75666e-05
2.13379	1.75035e-05
2.13867	1.74365e-05
2.14355	1.73672e-05
2.14844	1.72968e-05
2.15332	1.72259e-05
2.1582	1.71554e-05
2.16309	1.70869e-05
2.16797	1.70222e-05
2.17285	1.69627e-05
2.17773	1.69095e-05
2.18262	1.68639e-05
2.1875	1.68269e-05
2.19238	1.67991e-05
2.19727	1.67805e-05
2.20215	1.67709e-05
2.20703	1.67699e-05
2.21191	1.67773e-05
2.2168	1.67931e-05
2.22168	1.68174e-05
2.22656	1.68497e-05
2.23145	1.68888e-05
2.23633	1.69329e-05
2.24121	1.69801e-05
2.24609	1.70292e-05
2.25098	1.7079e-05
2.25586	1.71282e-05
2.26074	1.71758e-05
2.26563	1.72208e-05
2.27051	1.72625e-05
2.27539	1.72994e-05
2.28027	1.73301e-05
2.28516	1.73533e-05
2.29004	1.73678e-05
2.29492	1.73733e-05
2.2998	1.73701e-05
2.30469	1.73588e-05
2.30957	1.734e-05
2.31445	1.73136e-05
2.31934	1.72794e-05
2.32422	1.72373e-05
2.3291	1.71881e-05
2.33398	1.7133e-05
2.33887	1.70737e-05
2.34375	1.70119e-05
2.34863	1.69487e-05
2.35352	1.68857e-05
2.3584	1.68242e-05
2.36328	1.67652e-05
2.36816	1.67097e-05
2.37305	1.66585e-05
2.37793	1.66126e-05
2.38281	1.65735e-05
2.3877	1.65427e-05
2.39258	1.65212e-05
2.39746	1.65094e-05
2.40234	1.6507e-05
2.40723	1.65135e-05
2.41211	1.65284e-05
2.41699	1.65514e-05
2.42188	1.65821e-05
2.42676	1.662e-05
2.43164	1.6664e-05
2.43652	1.6713e-05
2.44141	1.67661e-05
2.44629	1.6822e-05
2.45117	1.68791e-05
2.45605	1.69356e-05
2.46094	1.69901e-05
2.46582	1.70413e-05
2.4707	1.70882e-05
2.47559	1.713e-05
2.48047	1.71662e-05
2.48535	1.71955e-05
2.49023	1.72169e-05
2.49512	1.72298e-05
