# Time	U	V	U_magnitude
0	-1.13791e-28	1.83065e-28	2.15548e-28
0.2	-0.000815022	7.0932e-05	0.000818102
0.4	-0.0115819	4.90132e-05	0.011582
0.6	-0.0113753	0.00041517	0.0113829
0.8	-0.00732677	0.000956831	0.00738898
1	-0.00760421	0.00041712	0.00761564
1.2	-0.0126379	0.000986314	0.0126763
1.4	-0.0137695	0.00218339	0.0139416
1.6	-0.0111139	0.00231021	0.0113515
1.8	-0.0106572	0.00192338	0.0108293
2	-0.0138836	0.00271929	0.0141474
2.2	-0.015377	0.00418136	0.0159354
2.4	-0.0139912	0.00470125	0.0147599
2.6	-0.0138521	0.00447701	0.0145576
2.8	-0.0159516	0.00535408	0.0168261
3	-0.0174692	0.0071395	0.0188718
3.2	-0.0172823	0.00799259	0.019041
3.4	-0.0173512	0.00810154	0.0191494
3.6	-0.0188881	0.0091223	0.0209756
3.8	-0.0204412	0.0110005	0.0232132
4	-0.0209023	0.0122462	0.0242255
4.2	-0.0213209	0.0127766	0.024856
4.4	-0.0225935	0.0139401	0.0265479
4.6	-0.0240642	0.0159191	0.0288531
4.8	-0.0249858	0.0175188	0.0305155
5	-0.0256927	0.0185119	0.0316671
5.2	-0.0268306	0.0199203	0.033417
5.4	-0.0282573	0.0220191	0.0358234
5.6	-0.0294177	0.0239695	0.0379465
5.8	-0.030327	0.0254676	0.0396021
6	-0.0314238	0.0271993	0.0415603
6.2	-0.0327686	0.0294962	0.0440886
6.4	-0.0340154	0.0318162	0.046576
6.6	-0.0350331	0.0338324	0.0487027
6.8	-0.0360776	0.0359706	0.0509458
7	-0.0373034	0.0385526	0.0536456
7.2	-0.0385059	0.0412641	0.0564396
7.4	-0.0395083	0.0438065	0.0589909
7.6	-0.0404501	0.0464082	0.0615624
7.8	-0.041491	0.0493468	0.0644718
8	-0.0425233	0.0524693	0.0675371
8.2	-0.0433844	0.0555265	0.0704656
8.4	-0.0441326	0.0586146	0.0733714
8.6	-0.0449036	0.0619565	0.0765176
8.8	-0.0456544	0.0655112	0.0798501
9	-0.0462586	0.0691176	0.0831691
9.2	-0.0467375	0.0728536	0.0865566
9.4	-0.0472036	0.076984	0.0903034
9.6	-0.0476539	0.0816676	0.0945542
9.8	-0.0479902	0.0869554	0.0993191
10	-0.048181	0.093	0.10474
10.2	-0.0482534	0.100028	0.111059
10.4	-0.0481538	0.108093	0.118333
10.6	-0.0477471	0.117004	0.126372
10.8	-0.046948	0.126508	0.134938
11	-0.0457526	0.136378	0.143848
11.2	-0.0441494	0.14633	0.152845
11.4	-0.0420959	0.155981	0.161562
11.6	-0.0395945	0.164985	0.16967
11.8	-0.0367182	0.173125	0.176976
12	-0.0335433	0.180239	0.183334
12.2	-0.030113	0.186159	0.188578
12.4	-0.0264826	0.190765	0.192594
12.6	-0.0227454	0.194059	0.195387
12.8	-0.0189873	0.196107	0.197024
13	-0.0152543	0.196976	0.197565
13.2	-0.011581	0.196765	0.197105
13.4	-0.00801678	0.195645	0.19581
13.6	-0.00459975	0.193822	0.193876
13.8	-0.0013319	0.191471	0.191476
14	0.00179962	0.188753	0.188762
14.2	0.0047974	0.185835	0.185897
14.4	0.00766744	0.182869	0.18303
14.6	0.0104369	0.179952	0.180255
14.8	0.0131365	0.177136	0.177622
15	0.0157805	0.174458	0.17517
15.2	0.0183737	0.171939	0.172918
15.4	0.020929	0.169566	0.170853
15.6	0.0234574	0.1673	0.168937
15.8	0.0259556	0.165109	0.167137
16	0.0284106	0.162965	0.165423
16.2	0.0308176	0.160831	0.163757
16.4	0.0331711	0.158668	0.162098
16.6	0.0354598	0.15645	0.160419
16.8	0.0376663	0.154165	0.158699
17	0.0397828	0.151797	0.156923
17.2	0.041805	0.149333	0.155074
17.4	0.0437223	0.146769	0.153143
17.6	0.0455257	0.14411	0.15113
17.8	0.0472114	0.141359	0.149035
18	0.0487773	0.138517	0.146854
18.2	0.0502208	0.135591	0.144592
18.4	0.0515379	0.132592	0.142256
18.6	0.0527286	0.129528	0.139849
18.8	0.0537941	0.126403	0.137373
19	0.0547344	0.123226	0.134835
19.2	0.0555489	0.120008	0.132241
19.4	0.0562395	0.116755	0.129594
19.6	0.056809	0.113471	0.126897
19.8	0.057258	0.110164	0.124155
20	0.0575865	0.106839	0.121371
20.2	0.0577968	0.103503	0.118547
20.4	0.0578911	0.100158	0.115685
20.6	0.05787	0.0968085	0.112787
20.8	0.057734	0.0934602	0.109854
21	0.0574847	0.0901159	0.106889
21.2	0.0571241	0.0867785	0.103893
21.4	0.0566526	0.083452	0.100865
21.6	0.0560705	0.0801402	0.0978077
21.8	0.0553792	0.0768459	0.0947214
22	0.0545802	0.0735721	0.091607
22.2	0.053674	0.0703223	0.0884654
22.4	0.0526613	0.0671006	0.0852977
22.6	0.0515433	0.06391	0.0821048
22.8	0.0503217	0.0607538	0.0788879
23	0.0489975	0.0576357	0.075648
23.2	0.0475721	0.0545598	0.072387
23.4	0.0460473	0.0515299	0.0691063
23.6	0.044425	0.0485499	0.0658078
23.8	0.0427074	0.0456242	0.062494
24	0.0408967	0.0427571	0.0591668
24.2	0.0389957	0.0399529	0.0558292
24.4	0.0370077	0.0372157	0.052484
24.6	0.0349354	0.0345505	0.0491347
24.8	0.0327823	0.0319614	0.0457844
25	0.0305527	0.0294534	0.0424379
25.2	0.0282505	0.0270305	0.039099
25.4	0.02588	0.0246975	0.0357735
25.6	0.023446	0.0224588	0.0324671
25.8	0.0209537	0.0203185	0.0291873
26	0.0184081	0.0182811	0.0259433
26.2	0.0158151	0.0163501	0.0227474
26.4	0.0131803	0.01453	0.0196173
26.6	0.0105101	0.0128241	0.0165807
26.8	0.00781091	0.0112355	0.0136838
27	0.00508952	0.00976771	0.0110141
27.2	0.00235296	0.00842346	0.00874592
27.4	-0.000391219	0.00720488	0.0072155
27.6	-0.00313423	0.00611376	0.00687033
27.8	-0.00587031	0.0051519	0.00781042
28	-0.00859269	0.00432038	0.0096177
28.2	-0.0112953	0.0036198	0.0118612
28.4	-0.0139722	0.00305014	0.0143013
28.6	-0.0166175	0.00261106	0.0168214
28.8	-0.0192254	0.00230158	0.0193627
29	-0.0217902	0.00212089	0.0218932
29.2	-0.0243062	0.00206748	0.024394
29.4	-0.0267684	0.00213924	0.0268538
29.6	-0.0291716	0.00233421	0.0292648
29.8	-0.0315097	0.00264938	0.0316209
30	-0.0337786	0.00308194	0.0339189
30.2	-0.0359733	0.0036289	0.0361558
30.4	-0.0380894	0.00428686	0.0383299
30.6	-0.0401223	0.00505225	0.0404392
30.8	-0.042068	0.00592085	0.0424827
31	-0.0439226	0.00688898	0.0444595
31.2	-0.0456811	0.00795151	0.046368
31.4	-0.0473405	0.00910402	0.048208
31.6	-0.0488978	0.010342	0.0499795
31.8	-0.0503493	0.0116608	0.051682
32	-0.0516917	0.0130546	0.0533147
32.2	-0.0529227	0.0145185	0.054878
32.4	-0.0540394	0.0160477	0.0563719
32.6	-0.0550393	0.0176359	0.0577958
32.8	-0.0559208	0.019278	0.0591504
33	-0.0566811	0.0209684	0.0604352
33.2	-0.0573192	0.0227008	0.0616508
33.4	-0.0578332	0.0244701	0.062797
33.6	-0.0582219	0.0262693	0.0638738
33.8	-0.0584842	0.0280929	0.0648815
34	-0.0586193	0.0299341	0.06582
34.2	-0.0586265	0.0317868	0.0666894
34.4	-0.0585057	0.033644	0.0674896
34.6	-0.0582568	0.0354992	0.0682206
34.8	-0.0578802	0.0373453	0.0688824
35	-0.0573763	0.0391754	0.0694749
35.2	-0.0567463	0.0409822	0.0699977
35.4	-0.0559912	0.0427585	0.0704508
35.6	-0.0551129	0.0444971	0.0708338
35.8	-0.0541131	0.0461908	0.0711464
36	-0.0529943	0.047832	0.0713883
36.2	-0.0517593	0.0494135	0.0715592
36.4	-0.0504112	0.0509279	0.0716585
36.6	-0.0489537	0.0523681	0.071686
36.8	-0.0473907	0.0537266	0.071641
37	-0.0457268	0.0549965	0.0715231
37.2	-0.0439666	0.0561708	0.0713318
37.4	-0.0421156	0.0572426	0.0710664
37.6	-0.0401794	0.0582052	0.0707265
37.8	-0.0381644	0.0590524	0.0703115
38	-0.0360773	0.0597779	0.0698209
38.2	-0.0339253	0.0603757	0.0692543
38.4	-0.0317163	0.0608405	0.0686112
38.6	-0.0294587	0.0611672	0.0678914
38.8	-0.0271612	0.061351	0.0670946
39	-0.0248332	0.0613879	0.0662206
39.2	-0.0224847	0.0612744	0.0652695
39.4	-0.0201258	0.0610074	0.0642413
39.6	-0.0177674	0.0605849	0.0631364
39.8	-0.0154206	0.0600054	0.0619552
40	-0.0130967	0.0592684	0.0606982
40.2	-0.0108076	0.058374	0.0593661
40.4	-0.00856523	0.0573233	0.0579597
40.6	-0.00638127	0.0561182	0.0564798
40.8	-0.0042681	0.0547617	0.0549278
41	-0.00223769	0.0532573	0.0533043
41.2	-0.000301886	0.0516101	0.0516109
41.4	0.00152727	0.0498252	0.0498487
41.6	0.00323862	0.0479095	0.0480189
41.8	0.00482187	0.04587	0.0461228
42	0.00626628	0.043715	0.0441619
42.2	0.00756268	0.0414534	0.0421376
42.4	0.0087019	0.0390947	0.0400515
42.6	0.00967505	0.0366495	0.037905
42.8	0.0104746	0.0341288	0.0357001
43	0.0110937	0.0315445	0.0334384
43.2	0.0115258	0.028909	0.0311219
43.4	0.0117655	0.0262353	0.0287527
43.6	0.0118079	0.023537	0.0263328
43.8	0.0116495	0.0208284	0.0238649
44	0.0112875	0.0181242	0.0213517
44.2	0.0107203	0.0154398	0.0187966
44.4	0.00994739	0.0127911	0.0162038
44.6	0.00896985	0.0101945	0.0135789
44.8	0.0077903	0.00766733	0.0109305
45	0.00641199	0.00522715	0.00827265
45.2	0.00484104	0.00289156	0.00563887
45.4	0.00308493	0.000679211	0.00315882
45.6	0.00115333	-0.00139241	0.00180803
45.8	-0.000942128	-0.00330609	0.00343771
46	-0.00318689	-0.00504759	0.00596946
46.2	-0.00556657	-0.00660186	0.00863546
46.4	-0.00806389	-0.00795589	0.011328
46.6	-0.0106612	-0.00909839	0.0140158
46.8	-0.0133404	-0.0100182	0.0166833
47	-0.0160806	-0.0107062	0.0193186
47.2	-0.0188609	-0.0111553	0.0219129
47.4	-0.0216599	-0.0113603	0.0244583
47.6	-0.0244555	-0.0113175	0.0269473
47.8	-0.0272254	-0.0110254	0.0293732
48	-0.0299472	-0.0104843	0.0317294
48.2	-0.0325984	-0.00969722	0.0340102
48.4	-0.0351569	-0.00866916	0.03621
48.6	-0.0375998	-0.00740729	0.0383225
48.8	-0.0399068	-0.00592024	0.0403435
49	-0.0420575	-0.00422055	0.0422688
49.2	-0.0440324	-0.00232124	0.0440935
49.4	-0.0458136	-0.000239065	0.0458142
49.6	-0.0473846	0.00200769	0.0474271
49.8	-0.0487303	0.00439814	0.0489284
50	-0.0498381	0.00691018	0.0503149
50.2	-0.0506972	0.0095201	0.0515833
50.4	-0.0512993	0.012203	0.0527308
50.6	-0.0516387	0.0149332	0.0537546
50.8	-0.0517124	0.0176841	0.0546526
51	-0.0515206	0.0204291	0.0554231
51.2	-0.0510662	0.0231414	0.056065
51.4	-0.0503555	0.0257951	0.0565779
51.6	-0.0493978	0.0283648	0.0569623
51.8	-0.0482053	0.0308267	0.0572192
52	-0.0467931	0.0331587	0.0573506
52.2	-0.0451787	0.0353408	0.0573593
52.4	-0.0433818	0.0373556	0.0572488
52.6	-0.0414237	0.0391885	0.0570233
52.8	-0.0393267	0.0408279	0.0566879
53	-0.0371142	0.0422652	0.0562477
53.2	-0.0348092	0.0434949	0.0557089
53.4	-0.0324345	0.0445143	0.0550774
53.6	-0.030012	0.0453236	0.0543595
53.8	-0.0275622	0.0459252	0.0535611
54	-0.0251042	0.0463232	0.0526883
54.2	-0.0226551	0.0465233	0.0517463
54.4	-0.0202303	0.0465325	0.05074
54.6	-0.0178435	0.0463581	0.0496736
54.8	-0.0155065	0.0460078	0.0485507
55	-0.0132295	0.0454894	0.0473741
55.2	-0.0110218	0.0448102	0.0461458
55.4	-0.00889124	0.0439772	0.044867
55.6	-0.00684519	0.042997	0.0435384
55.8	-0.00489037	0.0418756	0.0421602
56	-0.00303382	0.0406186	0.0407317
56.2	-0.00128229	0.039231	0.039252
56.4	0.000357254	0.037718	0.0377197
56.6	0.00187703	0.0360845	0.0361333
56.8	0.00327017	0.0343356	0.034491
57	0.00452874	0.0324769	0.0327912
57.2	0.00564333	0.0305142	0.0310316
57.4	0.0066057	0.0284554	0.0292121
57.6	0.00740658	0.0263079	0.0273306
57.8	0.00803433	0.024081	0.0253859
58	0.0084802	0.0217869	0.0233791
58.2	0.00873493	0.0194386	0.021311
58.4	0.00878954	0.0170506	0.0191827
58.6	0.00863579	0.0146393	0.0169966
58.8	0.00826689	0.0122232	0.0147563
59	0.00767815	0.00982271	0.0124675
59.2	0.00686692	0.00746015	0.0101395
59.4	0.00583348	0.00515972	0.00778796
59.6	0.00458002	0.00294656	0.00544599
59.8	0.00311321	0.000846397	0.00322621
60	0.00144279	-0.00111489	0.00182335
60.2	-0.000418298	-0.00291287	0.00294275
60.4	-0.00245135	-0.00452473	0.0051461
60.6	-0.00463751	-0.00592841	0.00752679
60.8	-0.00695061	-0.00710456	0.0099391
61	-0.00936611	-0.0080372	0.0123418
61.2	-0.0118553	-0.00871063	0.0147113
61.4	-0.0143876	-0.00911513	0.017032
61.6	-0.0169323	-0.00924409	0.0192913
61.8	-0.0194578	-0.00909445	0.0214783
62	-0.0219325	-0.00866726	0.0235829
62.2	-0.024325	-0.00796814	0.0255968
62.4	-0.0266052	-0.00700718	0.0275125
62.6	-0.0287439	-0.00579863	0.029323
62.8	-0.0307149	-0.00435963	0.0310227
63	-0.0324944	-0.00271238	0.0326074
63.2	-0.0340616	-0.000881552	0.034073
63.4	-0.035399	0.00110456	0.0354162
63.6	-0.0364932	0.00321526	0.0366346
63.8	-0.0373346	0.00541846	0.0377257
64	-0.0379176	0.00768163	0.0386879
64.2	-0.0382415	0.00997205	0.0395203
64.4	-0.0383092	0.0122576	0.0402224
64.6	-0.0381284	0.0145074	0.0407951
64.8	-0.0377102	0.0166927	0.0412396
65	-0.0370695	0.0187869	0.0415583
65.2	-0.0362243	0.0207663	0.0417545
65.4	-0.0351951	0.0226108	0.0418323
65.6	-0.0340045	0.0243035	0.0417967
65.8	-0.0326763	0.0258317	0.0416536
66	-0.0312353	0.0271866	0.0414095
66.2	-0.029706	0.0283629	0.0410719
66.4	-0.0281128	0.0293594	0.0406485
66.6	-0.0264784	0.0301781	0.0401475
66.8	-0.0248241	0.0308241	0.0395772
67	-0.0231688	0.0313049	0.0389459
67.2	-0.0215289	0.0316299	0.0382615
67.4	-0.0199183	0.0318098	0.0375314
67.6	-0.018348	0.0318562	0.0367623
67.8	-0.0168262	0.0317804	0.0359599
68	-0.0153589	0.0315936	0.0351291
68.2	-0.0139497	0.0313062	0.0342735
68.4	-0.0126006	0.030927	0.0333954
68.6	-0.011312	0.0304639	0.0324963
68.8	-0.0100839	0.029923	0.0315765
69	-0.00891538	0.0293087	0.0306347
69.2	-0.00780615	0.0286243	0.0296696
69.4	-0.00675578	0.0278713	0.0286784
69.6	-0.00576519	0.0270508	0.0276583
69.8	-0.00483595	0.0261627	0.0266059
70	-0.00397111	0.0252068	0.0255177
70.2	-0.00317492	0.0241826	0.0243901
70.4	-0.00245241	0.0230906	0.0232204
70.6	-0.00181039	0.0219316	0.0220062
70.8	-0.0012568	0.0207082	0.0207463
71	-0.000799012	0.0194209	0.0194374
71.2	-0.000445784	0.0180775	0.018083
71.4	-0.000206199	0.0166838	0.016685
71.6	-8.88308e-05	0.015248	0.0152482
71.8	-0.000101993	0.0137803	0.0137807
72	-0.000252926	0.0122929	0.0122955
72.2	-0.000547629	0.0107997	0.0108136
72.4	-0.00099071	0.00931652	0.00936905
72.6	-0.0015846	0.00786148	0.00801959
72.8	-0.00232922	0.00645263	0.00686015
73	-0.00322256	0.00510956	0.0060409
73.2	-0.0042587	0.0038519	0.00574227
73.4	-0.00543041	0.00269966	0.00606445
73.6	-0.00672454	0.00167144	0.00692916
73.8	-0.0081291	0.000786023	0.00816701
74	-0.00962483	5.84207e-05	0.00962501
74.2	-0.0111923	-0.000496887	0.0112034
74.4	-0.0128098	-0.000868376	0.0128392
74.6	-0.014455	-0.001048	0.0144929
74.8	-0.0161035	-0.0010301	0.0161364
75	-0.0177298	-0.000813219	0.0177485
75.2	-0.0193091	-0.000400177	0.0193133
75.4	-0.0208172	0.000202843	0.0208182
75.6	-0.0222312	0.000985814	0.022253
75.8	-0.0235281	0.00193488	0.0236075
76	-0.0246901	0.0030338	0.0248758
76.2	-0.0257004	0.00426306	0.0260515
76.4	-0.0265451	0.00560055	0.0271295
76.6	-0.027214	0.00702254	0.0281054
76.8	-0.0277	0.00850413	0.0289761
77	-0.0280001	0.0100196	0.0297388
77.2	-0.0281145	0.0115432	0.030392
77.4	-0.0280474	0.0130501	0.0309348
77.6	-0.0278062	0.0145164	0.0313674
77.8	-0.0274017	0.0159202	0.0316908
78	-0.0268474	0.0172416	0.031907
78.2	-0.0261591	0.0184638	0.0320189
78.4	-0.0253547	0.0195727	0.0320305
78.6	-0.0244532	0.0205576	0.0319464
78.8	-0.0234744	0.0214112	0.0317724
79	-0.0224383	0.0221295	0.031515
79.2	-0.0213645	0.0227117	0.0311811
79.4	-0.0202715	0.0231599	0.0307785
79.6	-0.0191767	0.0234791	0.0303152
79.8	-0.0180955	0.0236763	0.0297995
80	-0.0170412	0.0237603	0.0292397
80.2	-0.016025	0.0237415	0.0286436
80.4	-0.0150553	0.0236306	0.0280191
80.6	-0.0141385	0.0234389	0.027373
80.8	-0.0132783	0.0231775	0.0267116
81	-0.0124765	0.0228566	0.0260401
81.2	-0.0117333	0.0224857	0.0253629
81.4	-0.011047	0.0220728	0.0246829
81.6	-0.0104152	0.0216245	0.0240019
81.8	-0.00983497	0.0211459	0.0233211
82	-0.00930276	0.0206407	0.0226402
82.2	-0.00881562	0.0201107	0.021958
82.4	-0.0083712	0.0195569	0.0212732
82.6	-0.00796777	0.0189793	0.0205839
82.8	-0.00760469	0.018377	0.0198883
83	-0.00728255	0.017749	0.0191849
83.2	-0.00700309	0.0170942	0.0184731
83.4	-0.00676917	0.0164119	0.0177531
83.6	-0.00658457	0.0157022	0.0170269
83.8	-0.0064539	0.014966	0.0162983
84	-0.00638211	0.0142055	0.0155733
84.2	-0.00637452	0.0134239	0.0148605
84.4	-0.00643625	0.0126261	0.0141719
84.6	-0.00657206	0.0118182	0.0135227
84.8	-0.00678614	0.0110079	0.0129316
85	-0.00708167	0.010204	0.0124206
85.2	-0.00746075	0.0094164	0.0120138
85.4	-0.00792384	0.0086561	0.0117352
85.6	-0.0084703	0.0079347	0.0116063
85.8	-0.00909746	0.00726398	0.0116417
86	-0.00980058	0.00665587	0.011847
86.2	-0.0105732	0.00612278	0.0122181
86.4	-0.0114083	0.00567548	0.012742
86.6	-0.012295	0.00532359	0.013398
86.8	-0.0132213	0.00507662	0.0141624
87	-0.0141742	0.00494185	0.015011
87.2	-0.0151394	0.00492465	0.0159202
87.4	-0.0161016	0.0050283	0.0168685
87.6	-0.017045	0.00525358	0.0178363
87.8	-0.017953	0.00559874	0.0188058
88	-0.0188102	0.00605865	0.0197618
88.2	-0.0196023	0.0066271	0.0206923
88.4	-0.0203154	0.00729529	0.0215856
88.6	-0.0209366	0.00805143	0.0224314
88.8	-0.0214556	0.0088817	0.0232213
89	-0.0218639	0.00977142	0.0239481
89.2	-0.0221553	0.0107042	0.0246056
89.4	-0.0223263	0.0116629	0.025189
89.6	-0.0223757	0.0126301	0.0256942
89.8	-0.0223051	0.0135884	0.0261182
90	-0.0221186	0.014521	0.0264592
90.2	-0.0218225	0.015412	0.0267161
90.4	-0.0214255	0.0162469	0.0268889
90.6	-0.0209381	0.0170129	0.0269786
90.8	-0.0203725	0.0176994	0.0269872
91	-0.0197419	0.0182977	0.0269174
91.2	-0.0190605	0.0188017	0.0267733
91.4	-0.0183429	0.0192078	0.0265594
91.6	-0.0176032	0.019515	0.0262813
91.8	-0.0168557	0.0197242	0.0259453
92	-0.0161133	0.0198387	0.025558
92.2	-0.0153879	0.0198636	0.0251267
92.4	-0.0146903	0.0198056	0.024659
92.6	-0.0140291	0.0196726	0.0241625
92.8	-0.0134116	0.0194734	0.023645
93	-0.0128431	0.0192172	0.0231138
93.2	-0.0123268	0.0189135	0.0225759
93.4	-0.0118647	0.0185712	0.0220377
93.6	-0.011457	0.0181993	0.0215053
93.8	-0.0111023	0.0178055	0.0209832
94	-0.0107983	0.0173966	0.0204754
94.2	-0.010542	0.0169783	0.0199849
94.4	-0.0103299	0.0165554	0.0195138
94.6	-0.010158	0.0161312	0.0190631
94.8	-0.0100229	0.015708	0.0186333
95	-0.00992098	0.0152866	0.0182238
95.2	-0.00984942	0.0148676	0.0178342
95.4	-0.00980609	0.0144506	0.0174636
95.6	-0.00978976	0.0140348	0.0171118
95.8	-0.0098	0.0136193	0.0167788
96	-0.00983718	0.0132035	0.0164652
96.2	-0.00990247	0.0127868	0.0161728
96.4	-0.00999757	0.0123695	0.0159046
96.6	-0.0101246	0.0119525	0.0156643
96.8	-0.0102858	0.0115376	0.0154569
97	-0.0104836	0.0111277	0.0152882
97.2	-0.0107198	0.0107262	0.0151646
97.4	-0.0109961	0.0103378	0.0150925
97.6	-0.0113133	0.00996749	0.0150778
97.8	-0.0116712	0.00962127	0.0151256
98	-0.0120689	0.00930556	0.0152398
98.2	-0.0125046	0.00902691	0.0154224
98.4	-0.012975	0.00879184	0.0156731
98.6	-0.0134758	0.00860665	0.0159898
98.8	-0.0140017	0.0084773	0.016368
99	-0.0145462	0.00840905	0.0168019
99.2	-0.0151022	0.00840614	0.0172841
99.4	-0.0156615	0.00847174	0.0178059
99.6	-0.0162151	0.00860785	0.0183582
99.8	-0.0167538	0.00881513	0.0189314
100	-0.0172683	0.00909278	0.0195159
100.2	-0.017749	0.00943841	0.0201025
100.4	-0.0181868	0.00984794	0.020682
100.6	-0.0185729	0.0103153	0.0212452
100.8	-0.0188999	0.0108334	0.0217846
101	-0.0191612	0.0113942	0.022293
101.2	-0.0193513	0.0119883	0.0227638
101.4	-0.0194662	0.0126051	0.023191
101.6	-0.0195036	0.0132337	0.0235695
101.8	-0.0194629	0.0138627	0.0238951
102	-0.0193447	0.0144809	0.0241643
102.2	-0.0191519	0.0150769	0.0243744
102.4	-0.0188887	0.0156402	0.0245234
102.6	-0.0185607	0.0161611	0.0246106
102.8	-0.018175	0.0166308	0.0246357
103	-0.0177398	0.017042	0.0245994
103.2	-0.0172642	0.0173887	0.0245034
103.4	-0.0167579	0.0176664	0.0243501
103.6	-0.0162311	0.0178725	0.0241428
103.8	-0.0156939	0.0180059	0.0238854
104	-0.0151565	0.0180673	0.0235827
104.2	-0.0146284	0.0180588	0.0232403
104.4	-0.0141185	0.0179842	0.022864
104.6	-0.0136347	0.0178481	0.0224602
104.8	-0.013184	0.0176567	0.0220358
105	-0.012772	0.0174165	0.0215977
105.2	-0.0124031	0.0171348	0.0211528
105.4	-0.0120805	0.0168191	0.0207079
105.6	-0.0118059	0.0164768	0.0202698
105.8	-0.0115797	0.0161155	0.0198444
106	-0.0114012	0.0157421	0.0194371
106.2	-0.0112687	0.0153631	0.0190528
106.4	-0.0111797	0.014984	0.0186951
106.6	-0.0111313	0.0146099	0.0183672
106.8	-0.0111202	0.0142446	0.0180712
107	-0.0111426	0.0138912	0.017808
107.2	-0.0111949	0.0135518	0.0175778
107.4	-0.0112735	0.013228	0.0173802
107.6	-0.0113751	0.0129203	0.0172142
107.8	-0.0114969	0.0126291	0.0170784
108	-0.0116367	0.0123541	0.0169716
108.2	-0.0117927	0.0120946	0.0168922
108.4	-0.0119637	0.0118501	0.0168391
108.6	-0.012149	0.0116201	0.0168115
108.8	-0.0123482	0.0114045	0.016809
109	-0.0125615	0.0112033	0.0168317
109.2	-0.0127891	0.011017	0.01688
109.4	-0.0130312	0.0108467	0.0169547
109.6	-0.0132882	0.0106937	0.0170567
109.8	-0.0135598	0.01056	0.0171867
110	-0.0138457	0.0104481	0.0173455
110.2	-0.0141452	0.0103604	0.0175335
110.4	-0.0144569	0.0102999	0.0177508
110.6	-0.0147788	0.0102695	0.0179965
110.8	-0.0151082	0.0102719	0.0182694
111	-0.0154421	0.0103096	0.0185674
111.2	-0.0157765	0.0103849	0.0188877
111.4	-0.0161071	0.0104994	0.019227
111.6	-0.0164293	0.0106541	0.0195814
111.8	-0.016738	0.0108493	0.0199466
112	-0.0170281	0.0110844	0.020318
112.2	-0.0172944	0.0113582	0.0206907
112.4	-0.0175315	0.0116683	0.0210595
112.6	-0.0177344	0.0120114	0.0214192
112.8	-0.0178984	0.0123831	0.0217645
113	-0.0180194	0.0127783	0.0220904
113.2	-0.0180943	0.0131911	0.0223922
113.4	-0.0181206	0.0136153	0.0226657
113.6	-0.0180967	0.0140441	0.0229069
113.8	-0.0180218	0.0144703	0.0231122
114	-0.0178965	0.0148863	0.0232785
114.2	-0.0177224	0.015285	0.0234033
114.4	-0.017502	0.0156592	0.0234847
114.6	-0.0172389	0.0160024	0.0235214
114.8	-0.0169377	0.0163085	0.0235128
115	-0.0166036	0.0165723	0.023459
115.2	-0.0162428	0.0167895	0.0233605
115.4	-0.0158617	0.0169566	0.0232189
115.6	-0.0154674	0.0170714	0.0230363
115.8	-0.0150669	0.0171327	0.0228154
116	-0.0146673	0.0171406	0.0225595
116.2	-0.0142756	0.017096	0.0222725
116.4	-0.0138986	0.017001	0.0219592
116.6	-0.0135423	0.0168589	0.0216244
116.8	-0.0132121	0.0166737	0.0212737
117	-0.0129126	0.01645	0.0209126
117.2	-0.0126478	0.0161931	0.0205471
117.4	-0.0124205	0.0159086	0.020183
117.6	-0.012233	0.0156025	0.0198263
117.8	-0.0120861	0.0152808	0.0194827
118	-0.0119802	0.0149493	0.0191574
118.2	-0.0119147	0.0146138	0.0188553
118.4	-0.0118881	0.0142792	0.0185802
118.6	-0.0118984	0.0139504	0.0183354
118.8	-0.0119428	0.0136316	0.0181232
119	-0.0120184	0.0133264	0.0179453
119.2	-0.012122	0.0130377	0.0178024
119.4	-0.0122502	0.012768	0.0176943
119.6	-0.0123998	0.0125188	0.0176203
119.8	-0.0125675	0.0122913	0.0175789
120	-0.0127505	0.0120859	0.0175682
120.2	-0.0129458	0.0119027	0.017586
120.4	-0.0131509	0.0117417	0.0176299
120.6	-0.0133639	0.0116024	0.0176977
120.8	-0.0135828	0.0114844	0.0177872
121	-0.0138063	0.011387	0.0178963
121.2	-0.014033	0.0113096	0.0180231
121.4	-0.0142621	0.0112519	0.0181662
121.6	-0.0144926	0.0112138	0.0183244
121.8	-0.0147238	0.0111951	0.0184965
122	-0.014955	0.0111961	0.0186817
122.2	-0.0151854	0.0112169	0.018879
122.4	-0.0154141	0.0112581	0.0190876
122.6	-0.0156398	0.0113201	0.0193067
122.8	-0.0158612	0.0114035	0.019535
123	-0.0160765	0.0115088	0.0197713
123.2	-0.0162839	0.0116366	0.0200143
123.4	-0.0164812	0.0117868	0.0202623
123.6	-0.0166662	0.0119596	0.0205133
123.8	-0.0168364	0.0121545	0.0207652
124	-0.0169889	0.0123705	0.0210155
124.2	-0.0171212	0.0126063	0.0212615
124.4	-0.0172305	0.0128599	0.0215003
124.6	-0.0173144	0.0131289	0.0217291
124.8	-0.0173708	0.0134106	0.0219451
125	-0.0173978	0.0137018	0.0221455
125.2	-0.0173938	0.013999	0.0223274
125.4	-0.0173576	0.0142981	0.0224882
125.6	-0.0172887	0.0145948	0.0226254
125.8	-0.017187	0.0148846	0.0227364
126	-0.0170531	0.0151628	0.0228193
126.2	-0.0168885	0.0154248	0.0228724
126.4	-0.0166951	0.0156663	0.0228945
126.6	-0.0164755	0.0158831	0.0228848
126.8	-0.0162327	0.0160715	0.0228428
127	-0.0159705	0.0162282	0.0227687
127.2	-0.0156929	0.0163506	0.0226629
127.4	-0.0154042	0.0164363	0.0225265
127.6	-0.0151093	0.0164839	0.0223609
127.8	-0.014813	0.0164928	0.0221684
128	-0.0145201	0.016463	0.0219514
128.2	-0.0142356	0.0163953	0.021713
128.4	-0.013964	0.0162911	0.0214568
128.6	-0.0137096	0.0161529	0.0211865
128.8	-0.0134762	0.0159832	0.0209063
129	-0.0132673	0.0157856	0.0206205
129.2	-0.0130858	0.0155637	0.0203339
129.4	-0.012934	0.0153218	0.0200511
129.6	-0.0128137	0.0150641	0.0197767
129.8	-0.0127259	0.0147951	0.0195152
130	-0.0126708	0.0145192	0.0192706
130.2	-0.0126481	0.0142411	0.0190468
130.4	-0.0126569	0.0139648	0.0188471
130.6	-0.0126958	0.0136946	0.0186742
130.8	-0.012763	0.013434	0.0185302
131	-0.0128562	0.0131863	0.0184163
131.2	-0.012973	0.0129543	0.0183334
131.4	-0.0131106	0.0127403	0.0182812
131.6	-0.0132664	0.012546	0.0182593
131.8	-0.0134375	0.0123728	0.0182661
132	-0.0136208	0.0122215	0.0183
132.2	-0.0138136	0.0120928	0.0183589
132.4	-0.0140132	0.0119867	0.0184405
132.6	-0.0142173	0.011903	0.0185422
132.8	-0.0144235	0.0118415	0.0186616
133	-0.0146297	0.0118015	0.0187964
133.2	-0.0148344	0.0117823	0.0189442
133.4	-0.015036	0.0117831	0.019103
133.6	-0.0152332	0.0118032	0.0192708
133.8	-0.0154248	0.0118415	0.019446
134	-0.0156098	0.0118973	0.0196268
134.2	-0.0157872	0.0119698	0.0198119
134.4	-0.0159561	0.0120582	0.0199999
134.6	-0.0161156	0.0121618	0.0201897
134.8	-0.0162648	0.0122801	0.02038
135	-0.0164029	0.0124123	0.0205699
135.2	-0.0165288	0.0125578	0.0207582
135.4	-0.0166416	0.0127158	0.0209437
135.6	-0.0167402	0.0128855	0.0211251
135.8	-0.0168235	0.0130656	0.0213012
136	-0.0168906	0.0132551	0.0214707
136.2	-0.0169404	0.0134526	0.0216321
136.4	-0.0169721	0.0136565	0.0217842
136.6	-0.0169846	0.0138652	0.0219254
136.8	-0.0169774	0.0140767	0.0220542
137	-0.0169497	0.0142889	0.022169
137.2	-0.0169013	0.0144995	0.0222685
137.4	-0.0168319	0.0147058	0.0223512
137.6	-0.0167418	0.0149054	0.0224156
137.8	-0.0166315	0.0150953	0.0224605
138	-0.0165017	0.015273	0.0224849
138.2	-0.0163539	0.0154357	0.022488
138.4	-0.0161896	0.0155809	0.0224692
138.6	-0.0160106	0.0157062	0.0224282
138.8	-0.0158194	0.0158095	0.022365
139	-0.0156183	0.0158891	0.0222799
139.2	-0.0154103	0.0159434	0.0221737
139.4	-0.0151983	0.0159715	0.0220471
139.6	-0.0149854	0.0159725	0.0219017
139.8	-0.0147748	0.0159464	0.021739
140	-0.0145699	0.0158935	0.0215612
140.2	-0.0143736	0.0158145	0.0213705
140.4	-0.0141891	0.0157108	0.0211697
140.6	-0.0140191	0.0155839	0.0209617
140.8	-0.0138662	0.0154359	0.0207495
141	-0.0137328	0.0152693	0.0205364
141.2	-0.0136208	0.0150867	0.0203257
141.4	-0.0135316	0.014891	0.0201208
141.6	-0.0134661	0.0146855	0.0199249
141.8	-0.0134251	0.0144735	0.0197412
142	-0.0134087	0.0142582	0.0195727
142.2	-0.0134167	0.014043	0.019422
142.4	-0.0134484	0.0138311	0.0192914
142.6	-0.0135028	0.0136255	0.0191828
142.8	-0.0135785	0.013429	0.0190974
143	-0.0136738	0.0132441	0.0190362
143.2	-0.0137869	0.013073	0.0189996
143.4	-0.0139157	0.0129177	0.0189872
143.6	-0.014058	0.0127796	0.0189985
143.8	-0.0142113	0.0126597	0.0190323
144	-0.0143731	0.0125591	0.0190871
144.2	-0.0145411	0.0124781	0.0191611
144.4	-0.0147129	0.0124171	0.0192523
144.6	-0.0148863	0.012376	0.0193589
144.8	-0.0150593	0.0123543	0.0194785
145	-0.0152301	0.0123517	0.0196092
145.2	-0.0153969	0.0123671	0.0197487
145.4	-0.0155583	0.0123999	0.0198952
145.6	-0.0157129	0.0124488	0.0200466
145.8	-0.0158595	0.0125129	0.0202014
146	-0.0159971	0.0125909	0.0203577
146.2	-0.0161248	0.0126817	0.0205143
146.4	-0.0162419	0.0127842	0.0206696
146.6	-0.0163477	0.0128971	0.0208226
146.8	-0.0164416	0.0130194	0.0209721
147	-0.0165231	0.0131498	0.0211171
147.2	-0.016592	0.0132872	0.0212566
147.4	-0.0166479	0.0134305	0.02139
147.6	-0.0166905	0.0135787	0.0215164
147.8	-0.0167197	0.0137305	0.021635
148	-0.0167353	0.0138848	0.0217452
148.2	-0.016737	0.0140404	0.0218463
148.4	-0.0167249	0.014196	0.0219374
148.6	-0.0166989	0.0143503	0.0220178
148.8	-0.016659	0.014502	0.0220869
149	-0.0166055	0.0146496	0.0221439
149.2	-0.0165387	0.0147916	0.0221882
149.4	-0.0164589	0.0149264	0.0222192
149.6	-0.0163668	0.0150526	0.0222363
149.8	-0.016263	0.0151687	0.0222391
150	-0.0161486	0.0152731	0.0222271
150.2	-0.0160247	0.0153643	0.0222003
150.4	-0.0158925	0.0154411	0.0221585
150.6	-0.0157535	0.0155023	0.0221019
150.8	-0.0156094	0.0155469	0.0220309
151	-0.015462	0.0155741	0.021946
151.2	-0.0153132	0.0155833	0.0218479
151.4	-0.0151648	0.0155742	0.0217377
151.6	-0.0150191	0.0155466	0.0216164
151.8	-0.0148779	0.0155009	0.0214856
152	-0.0147434	0.0154375	0.0213468
152.2	-0.0146176	0.0153571	0.0212018
152.4	-0.0145022	0.0152609	0.0210525
152.6	-0.0143989	0.0151502	0.0209011
152.8	-0.0143093	0.0150265	0.0207497
153	-0.0142346	0.0148916	0.0206006
153.2	-0.0141761	0.0147476	0.0204561
153.4	-0.0141344	0.0145965	0.0203184
153.6	-0.0141101	0.0144407	0.0201898
153.8	-0.0141035	0.0142824	0.0200723
154	-0.0141147	0.014124	0.0199678
154.2	-0.0141431	0.0139678	0.0198778
154.4	-0.0141883	0.0138161	0.0198039
154.6	-0.0142494	0.0136709	0.0197469
154.8	-0.0143252	0.0135342	0.0197075
155	-0.0144145	0.0134078	0.0196862
155.2	-0.0145158	0.0132933	0.019683
155.4	-0.0146274	0.013192	0.0196974
155.6	-0.0147476	0.0131049	0.0197289
155.8	-0.0148745	0.0130329	0.0197764
156	-0.0150063	0.0129765	0.0198388
156.2	-0.0151411	0.012936	0.0199146
156.4	-0.015277	0.0129114	0.0200023
156.6	-0.0154123	0.0129027	0.0201002
156.8	-0.0155454	0.0129093	0.0202067
157	-0.0156748	0.0129307	0.02032
157.2	-0.0157991	0.0129661	0.0204385
157.4	-0.015917	0.0130146	0.0205604
157.6	-0.0160276	0.0130752	0.0206844
157.8	-0.0161298	0.0131467	0.0208088
158	-0.0162229	0.0132281	0.0209323
158.2	-0.0163062	0.013318	0.0210538
158.4	-0.0163793	0.0134154	0.021172
158.6	-0.0164418	0.013519	0.0212861
158.8	-0.0164936	0.0136278	0.0213952
159	-0.0165343	0.0137404	0.0214985
159.2	-0.0165641	0.013856	0.0215953
159.4	-0.016583	0.0139733	0.0216852
159.6	-0.016591	0.0140914	0.0217676
159.8	-0.0165884	0.0142091	0.021842
160	-0.0165753	0.0143256	0.0219081
160.2	-0.016552	0.0144398	0.0219654
160.4	-0.0165189	0.0145508	0.0220137
160.6	-0.0164764	0.0146576	0.0220526
160.8	-0.0164248	0.0147594	0.022082
161	-0.0163648	0.0148552	0.0221016
161.2	-0.0162967	0.0149441	0.0221113
161.4	-0.0162214	0.0150253	0.0221109
161.6	-0.0161394	0.0150979	0.0221004
161.8	-0.0160515	0.0151612	0.0220797
162	-0.0159587	0.0152145	0.0220491
162.2	-0.0158619	0.0152571	0.0220086
162.4	-0.015762	0.0152885	0.0219585
162.6	-0.0156601	0.0153081	0.0218993
162.8	-0.0155575	0.0153157	0.0218313
163	-0.0154553	0.0153111	0.0217554
163.2	-0.0153547	0.0152941	0.0216721
163.4	-0.0152571	0.0152649	0.0215823
163.6	-0.0151636	0.0152238	0.0214872
163.8	-0.0150756	0.015171	0.0213877
164	-0.0149941	0.0151073	0.0212851
164.2	-0.0149205	0.0150333	0.0211807
164.4	-0.0148556	0.0149501	0.0210759
164.6	-0.0148006	0.0148586	0.0209722
164.8	-0.0147561	0.0147601	0.0208711
165	-0.0147229	0.0146559	0.0207741
165.2	-0.0147015	0.0145475	0.0206825
165.4	-0.0146923	0.0144364	0.0205979
165.6	-0.0146953	0.0143241	0.0205216
165.8	-0.0147107	0.0142123	0.0204547
166	-0.014738	0.0141025	0.0203982
166.2	-0.014777	0.0139962	0.0203532
166.4	-0.014827	0.0138949	0.0203202
166.6	-0.0148872	0.0138002	0.0202996
166.8	-0.0149568	0.0137131	0.0202918
167	-0.0150347	0.0136349	0.0202967
167.2	-0.0151198	0.0135666	0.0203141
167.4	-0.0152108	0.0135089	0.0203435
167.6	-0.0153064	0.0134625	0.0203844
167.8	-0.0154052	0.0134277	0.0204358
168	-0.0155059	0.0134049	0.0204969
168.2	-0.015607	0.013394	0.0205665
168.4	-0.0157073	0.013395	0.0206433
168.6	-0.0158055	0.0134075	0.0207262
168.8	-0.0159005	0.013431	0.0208139
169	-0.015991	0.013465	0.020905
169.2	-0.0160762	0.0135088	0.0209984
169.4	-0.0161553	0.0135614	0.0210928
169.6	-0.0162274	0.0136221	0.021187
169.8	-0.016292	0.0136898	0.02128
170	-0.0163486	0.0137635	0.0213708
170.2	-0.0163969	0.0138424	0.0214586
170.4	-0.0164366	0.0139252	0.0215424
170.6	-0.0164676	0.0140111	0.0216216
170.8	-0.0164899	0.014099	0.0216956
171	-0.0165036	0.014188	0.0217639
171.2	-0.0165087	0.0142772	0.021826
171.4	-0.0165055	0.0143657	0.0218816
171.6	-0.0164943	0.0144527	0.0219304
171.8	-0.0164755	0.0145373	0.0219721
172	-0.0164493	0.0146188	0.0220066
172.2	-0.0164164	0.0146967	0.0220338
172.4	-0.016377	0.0147701	0.0220536
172.6	-0.0163318	0.0148385	0.022066
172.8	-0.0162812	0.0149013	0.022071
173	-0.0162259	0.0149581	0.0220686
173.2	-0.0161664	0.0150083	0.022059
173.4	-0.0161032	0.0150516	0.0220423
173.6	-0.0160372	0.0150875	0.0220187
173.8	-0.0159689	0.0151158	0.0219884
174	-0.015899	0.0151361	0.0219518
174.2	-0.0158283	0.0151484	0.0219091
174.4	-0.0157575	0.0151524	0.0218607
174.6	-0.0156873	0.0151481	0.0218073
174.8	-0.0156186	0.0151355	0.0217491
175	-0.0155522	0.0151147	0.021687
175.2	-0.0154888	0.0150859	0.0216215
175.4	-0.0154291	0.0150495	0.0215533
175.6	-0.015374	0.0150057	0.0214833
175.8	-0.0153241	0.0149551	0.0214122
176	-0.0152801	0.0148983	0.0213411
176.2	-0.0152426	0.0148359	0.0212707
176.4	-0.0152122	0.0147687	0.021202
176.6	-0.0151893	0.0146975	0.021136
176.8	-0.0151743	0.0146233	0.0210737
177	-0.0151675	0.014547	0.0210158
177.2	-0.0151689	0.0144696	0.0209634
177.4	-0.0151787	0.0143921	0.0209171
177.6	-0.0151967	0.0143157	0.0208777
177.8	-0.0152228	0.0142414	0.0208459
178	-0.0152565	0.0141702	0.020822
178.2	-0.0152976	0.014103	0.0208065
178.4	-0.0153454	0.0140409	0.0207997
178.6	-0.0153992	0.0139845	0.0208015
178.8	-0.0154584	0.0139348	0.020812
179	-0.0155221	0.0138923	0.020831
179.2	-0.0155895	0.0138576	0.0208582
179.4	-0.0156596	0.013831	0.020893
179.6	-0.0157314	0.0138128	0.0209349
179.8	-0.0158041	0.0138032	0.0209832
180	-0.0158766	0.0138021	0.0210372
180.2	-0.015948	0.0138095	0.021096
180.4	-0.0160174	0.013825	0.0211587
180.6	-0.016084	0.0138484	0.0212244
180.8	-0.016147	0.0138791	0.0212921
181	-0.0162057	0.0139166	0.0213611
181.2	-0.0162596	0.0139603	0.0214304
181.4	-0.016308	0.0140094	0.0214991
181.6	-0.0163505	0.0140633	0.0215666
181.8	-0.016387	0.0141211	0.0216319
182	-0.016417	0.0141821	0.0216945
182.2	-0.0164405	0.0142455	0.0217537
182.4	-0.0164574	0.0143105	0.0218091
182.6	-0.0164678	0.0143764	0.0218602
182.8	-0.0164717	0.0144423	0.0219065
183	-0.0164694	0.0145075	0.0219479
183.2	-0.016461	0.0145715	0.0219839
183.4	-0.0164469	0.0146335	0.0220145
183.6	-0.0164274	0.014693	0.0220396
183.8	-0.0164029	0.0147495	0.022059
184	-0.0163737	0.0148023	0.0220728
184.2	-0.0163404	0.0148513	0.022081
184.4	-0.0163034	0.0148958	0.0220836
184.6	-0.0162631	0.0149357	0.0220808
184.8	-0.01622	0.0149705	0.0220727
185	-0.0161747	0.0150001	0.0220595
185.2	-0.0161276	0.0150242	0.0220415
185.4	-0.0160793	0.0150428	0.0220188
185.6	-0.0160303	0.0150556	0.0219918
185.8	-0.015981	0.0150627	0.0219608
186	-0.015932	0.0150639	0.021926
186.2	-0.0158839	0.0150595	0.021888
186.4	-0.0158371	0.0150493	0.0218471
186.6	-0.0157921	0.0150337	0.0218037
186.8	-0.0157495	0.0150126	0.0217583
187	-0.0157096	0.0149865	0.0217115
187.2	-0.0156731	0.0149555	0.0216637
187.4	-0.0156403	0.0149201	0.0216155
187.6	-0.0156115	0.0148807	0.0215674
187.8	-0.0155873	0.0148376	0.0215202
188	-0.0155679	0.0147914	0.0214743
188.2	-0.0155536	0.0147427	0.0214303
188.4	-0.0155445	0.014692	0.0213889
188.6	-0.015541	0.01464	0.0213507
188.8	-0.015543	0.0145873	0.021316
189	-0.0155506	0.0145346	0.0212856
189.2	-0.0155637	0.0144826	0.0212597
189.4	-0.0155822	0.014432	0.0212388
189.6	-0.015606	0.0143834	0.0212233
189.8	-0.0156347	0.0143375	0.0212134
190	-0.0156679	0.014295	0.0212092
190.2	-0.0157054	0.0142563	0.0212108
190.4	-0.0157465	0.014222	0.0212183
190.6	-0.0157908	0.0141926	0.0212316
190.8	-0.0158378	0.0141685	0.0212504
191	-0.0158867	0.0141499	0.0212745
191.2	-0.015937	0.014137	0.0213036
191.4	-0.015988	0.0141301	0.0213372
191.6	-0.0160391	0.0141291	0.0213748
191.8	-0.0160895	0.0141341	0.021416
192	-0.0161388	0.0141448	0.0214601
192.2	-0.0161862	0.014161	0.0215065
192.4	-0.0162313	0.0141825	0.0215546
192.6	-0.0162735	0.014209	0.0216037
192.8	-0.0163123	0.0142399	0.0216533
193	-0.0163473	0.0142748	0.0217027
193.2	-0.0163783	0.0143133	0.0217513
193.4	-0.0164049	0.0143547	0.0217986
193.6	-0.016427	0.0143985	0.0218441
193.8	-0.0164444	0.0144442	0.0218872
194	-0.016457	0.014491	0.0219277
194.2	-0.0164649	0.0145385	0.021965
194.4	-0.016468	0.0145861	0.0219989
194.6	-0.0164667	0.0146333	0.0220292
194.8	-0.0164608	0.0146795	0.0220555
195	-0.0164509	0.0147242	0.0220779
195.2	-0.0164369	0.014767	0.0220961
195.4	-0.0164193	0.0148075	0.0221101
195.6	-0.0163984	0.0148453	0.0221199
195.8	-0.0163745	0.0148801	0.0221256
196	-0.016348	0.0149116	0.0221272
196.2	-0.0163192	0.0149396	0.0221248
196.4	-0.0162885	0.0149638	0.0221186
196.6	-0.0162563	0.0149841	0.0221087
196.8	-0.0162231	0.0150004	0.0220953
197	-0.0161891	0.0150127	0.0220787
197.2	-0.0161548	0.0150207	0.022059
197.4	-0.0161206	0.0150247	0.0220367
197.6	-0.0160868	0.0150245	0.0220119
197.8	-0.0160538	0.0150203	0.0219849
198	-0.016022	0.0150122	0.0219561
198.2	-0.0159917	0.0150003	0.0219258
198.4	-0.0159632	0.0149848	0.0218944
198.6	-0.0159368	0.0149658	0.0218622
198.8	-0.0159128	0.0149436	0.0218296
199	-0.0158916	0.0149186	0.0217969
199.2	-0.0158733	0.0148909	0.0217646
199.4	-0.0158581	0.0148609	0.0217331
199.6	-0.0158463	0.014829	0.0217027
199.8	-0.015838	0.0147955	0.0216737
200	-0.0158333	0.0147609	0.0216467
200.2	-0.0158323	0.0147255	0.0216218
200.4	-0.0158351	0.0146898	0.0215996
200.6	-0.0158416	0.0146543	0.0215802
200.8	-0.0158518	0.0146193	0.0215639
201	-0.0158656	0.0145854	0.0215511
201.2	-0.0158828	0.0145528	0.0215418
201.4	-0.0159033	0.0145222	0.0215362
201.6	-0.0159269	0.0144939	0.0215346
201.8	-0.0159532	0.0144682	0.0215367
202	-0.015982	0.0144455	0.0215428
202.2	-0.0160128	0.014426	0.0215528
202.4	-0.0160455	0.0144102	0.0215664
202.6	-0.0160795	0.014398	0.0215836
202.8	-0.0161144	0.0143898	0.0216041
203	-0.0161498	0.0143856	0.0216277
203.2	-0.0161852	0.0143854	0.0216541
203.4	-0.0162203	0.0143892	0.0216829
203.6	-0.0162546	0.0143971	0.0217138
203.8	-0.0162877	0.0144087	0.0217462
204	-0.0163192	0.0144239	0.0217799
204.2	-0.0163487	0.0144426	0.0218145
204.4	-0.016376	0.0144644	0.0218494
204.6	-0.0164007	0.0144891	0.0218842
204.8	-0.0164227	0.0145162	0.0219186
205	-0.0164416	0.0145454	0.0219521
205.2	-0.0164573	0.0145764	0.0219844
205.4	-0.0164698	0.0146087	0.0220152
205.6	-0.016479	0.0146418	0.0220441
205.8	-0.0164848	0.0146755	0.0220708
206	-0.0164873	0.0147093	0.0220951
206.2	-0.0164866	0.0147427	0.0221168
206.4	-0.0164827	0.0147755	0.0221358
206.6	-0.0164759	0.0148072	0.0221519
206.8	-0.0164662	0.0148375	0.022165
207	-0.016454	0.0148662	0.0221752
207.2	-0.0164394	0.0148929	0.0221822
207.4	-0.0164226	0.0149174	0.0221863
207.6	-0.0164041	0.0149395	0.0221874
207.8	-0.0163839	0.0149591	0.0221857
208	-0.0163624	0.0149759	0.0221812
208.2	-0.01634	0.0149899	0.0221741
208.4	-0.0163168	0.0150009	0.0221646
208.6	-0.0162933	0.0150091	0.0221527
208.8	-0.0162696	0.0150142	0.0221388
209	-0.016246	0.0150164	0.022123
209.2	-0.0162229	0.0150157	0.0221055
209.4	-0.0162004	0.0150122	0.0220866
209.6	-0.0161789	0.0150059	0.0220666
209.8	-0.0161586	0.014997	0.0220456
210	-0.0161396	0.0149856	0.022024
210.2	-0.0161223	0.014972	0.022002
210.4	-0.0161067	0.0149562	0.0219799
210.6	-0.0160931	0.0149385	0.0219579
210.8	-0.0160817	0.0149191	0.0219362
211	-0.0160724	0.0148982	0.0219153
211.2	-0.0160655	0.0148762	0.0218952
211.4	-0.0160611	0.0148532	0.0218764
211.6	-0.0160591	0.0148295	0.0218589
211.8	-0.0160597	0.0148055	0.021843
212	-0.0160628	0.0147814	0.021829
212.2	-0.0160684	0.0147576	0.021817
212.4	-0.0160765	0.0147342	0.0218071
212.6	-0.016087	0.0147116	0.0217996
212.8	-0.0160997	0.0146901	0.0217945
213	-0.0161146	0.01467	0.0217919
213.2	-0.0161315	0.0146514	0.021792
213.4	-0.0161502	0.0146347	0.0217946
213.6	-0.0161704	0.0146201	0.0217998
213.8	-0.0161921	0.0146077	0.0218075
214	-0.0162148	0.0145977	0.0218177
214.2	-0.0162384	0.0145902	0.0218303
214.4	-0.0162626	0.0145854	0.021845
214.6	-0.016287	0.0145833	0.0218618
214.8	-0.0163115	0.0145839	0.0218804
215	-0.0163357	0.0145872	0.0219007
215.2	-0.0163593	0.0145931	0.0219223
215.4	-0.0163821	0.0146017	0.021945
215.6	-0.0164038	0.0146127	0.0219685
215.8	-0.0164242	0.014626	0.0219926
216	-0.0164431	0.0146414	0.0220169
216.2	-0.0164602	0.0146588	0.0220413
216.4	-0.0164754	0.0146778	0.0220653
216.6	-0.0164886	0.0146983	0.0220888
216.8	-0.0164996	0.01472	0.0221114
217	-0.0165083	0.0147426	0.022133
217.2	-0.0165148	0.0147658	0.0221533
217.4	-0.016519	0.0147893	0.0221721
217.6	-0.0165209	0.0148129	0.0221893
217.8	-0.0165206	0.0148363	0.0222046
218	-0.016518	0.0148592	0.0222181
218.2	-0.0165135	0.0148814	0.0222295
218.4	-0.0165069	0.0149026	0.0222389
218.6	-0.0164986	0.0149227	0.0222461
218.8	-0.0164886	0.0149413	0.0222512
219	-0.0164771	0.0149584	0.0222542
219.2	-0.0164643	0.0149738	0.0222551
219.4	-0.0164505	0.0149873	0.022254
219.6	-0.0164358	0.0149989	0.0222509
219.8	-0.0164204	0.0150085	0.022246
220	-0.0164045	0.0150161	0.0222394
220.2	-0.0163884	0.0150215	0.0222312
220.4	-0.0163722	0.0150249	0.0222215
220.6	-0.0163563	0.0150261	0.0222106
220.8	-0.0163406	0.0150253	0.0221986
221	-0.0163255	0.0150226	0.0221856
221.2	-0.0163111	0.0150179	0.0221718
221.4	-0.0162976	0.0150114	0.0221575
221.6	-0.0162852	0.0150033	0.0221428
221.8	-0.0162739	0.0149936	0.0221279
222	-0.0162639	0.0149824	0.0221131
222.2	-0.0162553	0.01497	0.0220983
222.4	-0.0162482	0.0149565	0.022084
222.6	-0.0162428	0.0149421	0.0220702
222.8	-0.0162389	0.014927	0.0220571
223	-0.0162368	0.0149113	0.0220449
223.2	-0.0162364	0.0148952	0.0220338
223.4	-0.0162377	0.014879	0.0220238
223.6	-0.0162408	0.0148628	0.0220151
223.8	-0.0162455	0.0148468	0.0220079
224	-0.0162519	0.0148313	0.0220021
224.2	-0.0162599	0.0148164	0.021998
224.4	-0.0162694	0.0148024	0.0219955
224.6	-0.0162803	0.0147893	0.0219948
224.8	-0.0162924	0.0147773	0.0219957
225	-0.0163058	0.0147666	0.0219984
225.2	-0.0163201	0.0147574	0.0220029
225.4	-0.0163353	0.0147497	0.022009
225.6	-0.0163512	0.0147436	0.0220168
225.8	-0.0163676	0.0147393	0.022026
226	-0.0163844	0.0147368	0.0220368
226.2	-0.0164013	0.014736	0.0220488
226.4	-0.0164181	0.0147371	0.0220621
226.6	-0.0164347	0.01474	0.0220764
226.8	-0.016451	0.0147447	0.0220916
227	-0.0164666	0.014751	0.0221075
227.2	-0.0164815	0.0147591	0.0221239
227.4	-0.0164954	0.0147686	0.0221407
227.6	-0.0165083	0.0147796	0.0221576
227.8	-0.01652	0.0147918	0.0221745
228	-0.0165305	0.0148052	0.0221912
228.2	-0.0165395	0.0148195	0.0222075
228.4	-0.0165471	0.0148347	0.0222233
228.6	-0.0165531	0.0148504	0.0222383
228.8	-0.0165577	0.0148665	0.0222524
229	-0.0165606	0.0148828	0.0222655
229.2	-0.016562	0.0148992	0.0222775
229.4	-0.0165619	0.0149154	0.0222882
229.6	-0.0165602	0.0149313	0.0222976
229.8	-0.0165572	0.0149466	0.0223057
230	-0.0165529	0.0149613	0.0223123
230.2	-0.0165473	0.0149752	0.0223174
230.4	-0.0165405	0.0149881	0.0223211
230.6	-0.0165328	0.0149999	0.0223233
230.8	-0.0165242	0.0150105	0.0223241
231	-0.0165149	0.0150198	0.0223234
231.2	-0.0165049	0.0150278	0.0223214
231.4	-0.0164946	0.0150343	0.0223182
231.6	-0.0164839	0.0150394	0.0223137
231.8	-0.016473	0.0150431	0.0223082
232	-0.0164622	0.0150453	0.0223017
232.2	-0.0164515	0.0150461	0.0222943
232.4	-0.0164411	0.0150454	0.0222862
232.6	-0.0164311	0.0150434	0.0222774
232.8	-0.0164216	0.01504	0.0222681
233	-0.0164127	0.0150354	0.0222585
233.2	-0.0164046	0.0150297	0.0222487
233.4	-0.0163974	0.0150229	0.0222388
233.6	-0.0163911	0.0150152	0.0222289
233.8	-0.0163858	0.0150066	0.0222192
234	-0.0163816	0.0149974	0.0222098
234.2	-0.0163784	0.0149875	0.0222009
234.4	-0.0163765	0.0149772	0.0221924
234.6	-0.0163757	0.0149665	0.0221847
234.8	-0.0163761	0.0149557	0.0221777
235	-0.0163777	0.0149448	0.0221715
235.2	-0.0163804	0.014934	0.0221662
235.4	-0.0163843	0.0149234	0.022162
235.6	-0.0163893	0.0149132	0.0221588
235.8	-0.0163954	0.0149035	0.0221567
236	-0.0164024	0.0148943	0.0221558
236.2	-0.0164104	0.0148859	0.022156
236.4	-0.0164192	0.0148783	0.0221575
236.6	-0.0164287	0.0148716	0.02216
236.8	-0.0164389	0.0148659	0.0221637
237	-0.0164496	0.0148612	0.0221686
237.2	-0.0164608	0.0148577	0.0221745
237.4	-0.0164722	0.0148553	0.0221814
237.6	-0.0164838	0.0148542	0.0221893
237.8	-0.0164955	0.0148543	0.022198
238	-0.0165071	0.0148555	0.0222075
238.2	-0.0165186	0.014858	0.0222177
238.4	-0.0165297	0.0148617	0.0222284
238.6	-0.0165404	0.0148665	0.0222396
238.8	-0.0165506	0.0148724	0.0222511
239	-0.0165601	0.0148793	0.0222628
239.2	-0.0165689	0.0148872	0.0222746
239.4	-0.0165769	0.0148958	0.0222863
239.6	-0.016584	0.0149053	0.0222979
239.8	-0.0165902	0.0149153	0.0223092
240	-0.0165954	0.0149258	0.0223201
240.2	-0.0165995	0.0149367	0.0223305
240.4	-0.0166026	0.0149479	0.0223402
240.6	-0.0166047	0.0149592	0.0223493
240.8	-0.0166057	0.0149705	0.0223577
241	-0.0166057	0.0149817	0.0223651
241.2	-0.0166047	0.0149926	0.0223717
241.4	-0.0166027	0.0150032	0.0223773
241.6	-0.0165998	0.0150132	0.022382
241.8	-0.0165961	0.0150228	0.0223856
242	-0.0165917	0.0150316	0.0223882
242.2	-0.0165866	0.0150397	0.0223899
242.4	-0.0165809	0.015047	0.0223905
242.6	-0.0165747	0.0150533	0.0223902
242.8	-0.0165681	0.0150588	0.022389
243	-0.0165612	0.0150633	0.0223869
243.2	-0.0165541	0.0150667	0.022384
243.4	-0.016547	0.0150692	0.0223804
243.6	-0.0165398	0.0150707	0.0223761
243.8	-0.0165328	0.0150712	0.0223712
244	-0.0165259	0.0150707	0.0223658
244.2	-0.0165194	0.0150692	0.0223601
244.4	-0.0165132	0.0150669	0.0223539
244.6	-0.0165076	0.0150637	0.0223476
244.8	-0.0165024	0.0150598	0.0223412
245	-0.0164979	0.0150552	0.0223347
245.2	-0.016494	0.0150499	0.0223282
245.4	-0.0164908	0.015044	0.0223219
245.6	-0.0164883	0.0150378	0.0223159
245.8	-0.0164867	0.0150311	0.0223102
246	-0.0164858	0.0150241	0.0223048
246.2	-0.0164857	0.015017	0.0223
246.4	-0.0164865	0.0150098	0.0222957
246.6	-0.0164881	0.0150025	0.022292
246.8	-0.0164904	0.0149954	0.0222889
247	-0.0164935	0.0149885	0.0222866
247.2	-0.0164974	0.0149818	0.0222849
247.4	-0.016502	0.0149755	0.0222841
247.6	-0.0165072	0.0149696	0.022284
247.8	-0.016513	0.0149642	0.0222847
248	-0.0165194	0.0149595	0.0222862
248.2	-0.0165262	0.0149553	0.0222885
248.4	-0.0165335	0.0149519	0.0222916
248.6	-0.0165411	0.0149491	0.0222954
248.8	-0.0165489	0.0149472	0.0222999
249	-0.0165569	0.0149461	0.022305
249.2	-0.016565	0.0149457	0.0223108
249.4	-0.0165731	0.0149462	0.0223172
249.6	-0.0165811	0.0149475	0.022324
249.8	-0.016589	0.0149496	0.0223313
