# Time	Value
50.2	-0.0411665
50.4	-0.0419439
50.6	-0.0427048
50.8	-0.0434492
51	-0.0441777
51.2	-0.0448898
51.4	-0.0455844
51.6	-0.0462594
51.8	-0.0469136
52	-0.0475469
52.2	-0.0481595
52.4	-0.0487516
52.6	-0.049322
52.8	-0.0498693
53	-0.0503924
53.2	-0.0508907
53.4	-0.0513647
53.6	-0.0518142
53.8	-0.0522388
54	-0.0526372
54.2	-0.0530084
54.4	-0.0533521
54.6	-0.0536684
54.8	-0.0539575
55	-0.054219
55.2	-0.0544522
55.4	-0.0546563
55.6	-0.0548308
55.8	-0.0549759
56	-0.0550919
56.2	-0.0551787
56.4	-0.0552358
56.6	-0.0552627
56.8	-0.0552591
57	-0.0552251
57.2	-0.0551611
57.4	-0.0550673
57.6	-0.0549436
57.8	-0.0547896
58	-0.0546053
58.2	-0.0543908
58.4	-0.0541467
58.6	-0.0538734
58.8	-0.053571
59	-0.0532396
59.2	-0.0528794
59.4	-0.0524906
59.6	-0.0520739
59.8	-0.0516301
60	-0.0511596
60.2	-0.0506628
60.4	-0.05014
60.6	-0.0495919
60.8	-0.0490194
61	-0.0484234
61.2	-0.0478046
61.4	-0.0471639
61.6	-0.046502
61.8	-0.0458197
62	-0.0451182
62.2	-0.0443985
62.4	-0.043662
62.6	-0.0429096
62.8	-0.0421425
63	-0.0413618
63.2	-0.0405688
63.4	-0.0397649
63.6	-0.0389517
63.8	-0.0381306
64	-0.0373029
64.2	-0.03647
64.4	-0.0356334
64.6	-0.0347949
64.8	-0.0339561
65	-0.0331186
65.2	-0.0322841
65.4	-0.0314541
65.6	-0.0306303
65.8	-0.0298145
66	-0.0290085
66.2	-0.0282139
66.4	-0.0274325
66.6	-0.026666
66.8	-0.025916
67	-0.0251842
67.2	-0.0244725
67.4	-0.0237825
67.6	-0.0231158
67.8	-0.022474
68	-0.0218587
68.2	-0.0212714
68.4	-0.0207135
68.6	-0.0201866
68.8	-0.0196921
69	-0.0192313
69.2	-0.0188053
69.4	-0.0184153
69.6	-0.0180624
69.8	-0.0177479
70	-0.0174726
70.2	-0.0172373
70.4	-0.0170429
70.6	-0.0168899
70.8	-0.0167789
71	-0.0167104
71.2	-0.0166849
71.4	-0.0167026
71.6	-0.0167635
71.8	-0.0168676
72	-0.017015
72.2	-0.0172054
72.4	-0.0174385
72.6	-0.017714
72.8	-0.0180311
73	-0.0183893
73.2	-0.0187878
73.4	-0.0192254
73.6	-0.0197014
73.8	-0.0202147
74	-0.0207637
74.2	-0.0213473
74.4	-0.0219639
74.6	-0.022612
74.8	-0.0232898
75	-0.0239959
75.2	-0.0247282
75.4	-0.0254845
75.6	-0.026263
75.8	-0.0270618
76	-0.0278787
76.2	-0.0287113
76.4	-0.0295572
76.6	-0.0304141
76.8	-0.0312796
77	-0.0321513
77.2	-0.0330268
77.4	-0.0339035
77.6	-0.0347789
77.8	-0.0356503
78	-0.0365152
78.2	-0.0373711
78.4	-0.0382152
78.6	-0.0390452
78.8	-0.0398583
79	-0.0406518
79.2	-0.0414231
79.4	-0.0421701
79.6	-0.0428905
79.8	-0.0435818
80	-0.0442414
80.2	-0.0448673
80.4	-0.0454575
80.6	-0.0460099
80.8	-0.0465223
81	-0.0469932
81.2	-0.0474209
81.4	-0.0478036
81.6	-0.0481401
81.8	-0.0484289
82	-0.0486691
82.2	-0.0488596
82.4	-0.0489996
82.6	-0.0490885
82.8	-0.0491259
83	-0.0491114
83.2	-0.0490449
83.4	-0.0489266
83.6	-0.0487567
83.8	-0.0485357
84	-0.0482642
84.2	-0.047943
84.4	-0.0475731
84.6	-0.0471556
84.8	-0.046692
85	-0.0461836
85.2	-0.0456322
85.4	-0.0450394
85.6	-0.0444072
85.8	-0.0437376
86	-0.0430328
86.2	-0.0422949
86.4	-0.0415263
86.6	-0.0407295
86.8	-0.0399067
87	-0.0390607
87.2	-0.0381939
87.4	-0.0373089
87.6	-0.0364083
87.8	-0.0354948
88	-0.034571
88.2	-0.0336395
88.4	-0.0327029
88.6	-0.0317639
88.8	-0.0308249
89	-0.0298887
89.2	-0.0289575
89.4	-0.0280341
89.6	-0.0271208
89.8	-0.0262199
90	-0.025334
90.2	-0.0244653
90.4	-0.0236162
90.6	-0.0227888
90.8	-0.0219853
91	-0.0212081
91.2	-0.020459
91.4	-0.0197403
91.6	-0.0190539
91.8	-0.0184018
92	-0.0177859
92.2	-0.0172079
92.4	-0.0166698
92.6	-0.0161732
92.8	-0.0157196
93	-0.0153106
93.2	-0.0149477
93.4	-0.0146321
93.6	-0.0143651
93.8	-0.0141477
94	-0.0139808
94.2	-0.0138651
94.4	-0.0138014
94.6	-0.01379
94.8	-0.0138313
95	-0.0139253
95.2	-0.0140719
95.4	-0.0142707
95.6	-0.0145212
95.8	-0.0148228
96	-0.0151745
96.2	-0.0155752
96.4	-0.0160235
96.6	-0.0165177
96.8	-0.0170561
97	-0.0176369
97.2	-0.0182577
97.4	-0.0189164
97.6	-0.0196105
97.8	-0.020337
98	-0.0210933
98.2	-0.0218769
98.4	-0.0226843
98.6	-0.0235122
98.8	-0.0243576
99	-0.025217
99.2	-0.0260875
99.4	-0.0269653
99.6	-0.0278471
99.8	-0.0287291
100	-0.0296078
100.2	-0.0304799
100.4	-0.0313417
100.6	-0.03219
100.8	-0.0330214
101	-0.0338327
101.2	-0.0346206
101.4	-0.0353818
101.6	-0.036113
101.8	-0.0368118
102	-0.0374755
102.2	-0.0381012
102.4	-0.0386865
102.6	-0.0392294
102.8	-0.0397276
103	-0.0401793
103.2	-0.0405831
103.4	-0.0409373
103.6	-0.0412409
103.8	-0.0414929
104	-0.0416927
104.2	-0.0418398
104.4	-0.0419339
104.6	-0.0419752
104.8	-0.0419638
105	-0.0419004
105.2	-0.0417856
105.4	-0.0416203
105.6	-0.0414059
105.8	-0.0411435
106	-0.0408347
106.2	-0.0404813
106.4	-0.0400851
106.6	-0.0396481
106.8	-0.0391724
107	-0.0386603
107.2	-0.0381139
107.4	-0.0375358
107.6	-0.0369282
107.8	-0.0362937
108	-0.0356347
108.2	-0.0349537
108.4	-0.0342532
108.6	-0.0335356
108.8	-0.0328033
109	-0.0320587
109.2	-0.0313043
109.4	-0.0305424
109.6	-0.0297751
109.8	-0.0290048
110	-0.0282337
110.2	-0.0274639
110.4	-0.0266976
110.6	-0.0259369
110.8	-0.0251838
111	-0.0244405
111.2	-0.0237089
111.4	-0.0229911
111.6	-0.0222891
111.8	-0.0216049
112	-0.0209405
112.2	-0.020298
112.4	-0.0196792
112.6	-0.0190862
112.8	-0.018521
113	-0.0179855
113.2	-0.0174815
113.4	-0.0170109
113.6	-0.0165755
113.8	-0.0161772
114	-0.0158174
114.2	-0.0154977
114.4	-0.0152196
114.6	-0.0149843
114.8	-0.014793
115	-0.0146468
115.2	-0.0145464
115.4	-0.0144924
115.6	-0.0144853
115.8	-0.0145253
116	-0.0146123
116.2	-0.0147462
116.4	-0.0149265
116.6	-0.0151524
116.8	-0.0154232
117	-0.0157376
117.2	-0.0160943
117.4	-0.0164917
117.6	-0.0169279
117.8	-0.0174011
118	-0.0179092
118.2	-0.0184496
118.4	-0.0190199
118.6	-0.0196176
118.8	-0.02024
119	-0.0208838
119.2	-0.0215463
119.4	-0.0222245
119.6	-0.0229154
119.8	-0.0236156
120	-0.024322
120.2	-0.0250313
120.4	-0.0257402
120.6	-0.0264456
120.8	-0.0271443
121	-0.0278331
121.2	-0.0285089
121.4	-0.0291688
121.6	-0.0298099
121.8	-0.0304295
122	-0.0310248
122.2	-0.0315932
122.4	-0.032132
122.6	-0.0326394
122.8	-0.0331132
123	-0.0335513
123.2	-0.0339522
123.4	-0.0343143
123.6	-0.0346362
123.8	-0.034917
124	-0.0351557
124.2	-0.0353516
124.4	-0.0355043
124.6	-0.0356136
124.8	-0.0356796
125	-0.0357024
125.2	-0.0356824
125.4	-0.0356204
125.6	-0.0355171
125.8	-0.0353736
126	-0.0351911
126.2	-0.0349709
126.4	-0.0347146
126.6	-0.0344237
126.8	-0.0341001
127	-0.0337456
127.2	-0.0333621
127.4	-0.0329516
127.6	-0.0325163
127.8	-0.0320582
128	-0.0315793
128.2	-0.031082
128.4	-0.0305681
128.6	-0.03004
128.8	-0.0294995
129	-0.0289489
129.2	-0.02839
129.4	-0.0278248
129.6	-0.0272552
129.8	-0.0266831
130	-0.0261102
130.2	-0.0255384
130.4	-0.0249694
130.6	-0.0244047
130.8	-0.0238462
131	-0.0232953
131.2	-0.0227538
131.4	-0.0222231
131.6	-0.0217048
131.8	-0.0212005
132	-0.0207117
132.2	-0.0202399
132.4	-0.0197868
132.6	-0.0193537
132.8	-0.0189423
133	-0.0185541
133.2	-0.0181904
133.4	-0.0178528
133.6	-0.0175427
133.8	-0.0172614
134	-0.0170102
134.2	-0.0167904
134.4	-0.0166029
134.6	-0.016449
134.8	-0.0163293
135	-0.0162447
135.2	-0.0161958
135.4	-0.0161829
135.6	-0.0162064
135.8	-0.0162663
136	-0.0163624
136.2	-0.0164946
136.4	-0.0166622
136.6	-0.0168644
136.8	-0.0171005
137	-0.0173693
137.2	-0.0176695
137.4	-0.0179994
137.6	-0.0183578
137.8	-0.0187425
138	-0.0191515
138.2	-0.0195829
138.4	-0.0200346
138.6	-0.020504
138.8	-0.0209888
139	-0.0214864
139.2	-0.0219943
139.4	-0.02251
139.6	-0.0230309
139.8	-0.0235543
140	-0.0240777
140.2	-0.0245983
140.4	-0.0251138
140.6	-0.0256215
140.8	-0.0261189
141	-0.0266039
141.2	-0.027074
141.4	-0.027527
141.6	-0.0279608
141.8	-0.0283734
142	-0.0287632
142.2	-0.0291284
142.4	-0.0294675
142.6	-0.0297789
142.8	-0.0300615
143	-0.0303143
143.2	-0.0305365
143.4	-0.030727
143.6	-0.0308856
143.8	-0.0310119
144	-0.0311055
144.2	-0.0311665
144.4	-0.031195
144.6	-0.0311914
144.8	-0.0311561
145	-0.0310897
145.2	-0.030993
145.4	-0.0308669
145.6	-0.0307124
145.8	-0.0305307
146	-0.0303231
146.2	-0.0300908
146.4	-0.0298353
146.6	-0.0295581
146.8	-0.0292607
147	-0.0289448
147.2	-0.028612
147.4	-0.028264
147.6	-0.0279024
147.8	-0.0275288
148	-0.027145
148.2	-0.0267527
148.4	-0.0263533
148.6	-0.0259485
148.8	-0.02554
149	-0.0251291
149.2	-0.0247174
149.4	-0.0243063
149.6	-0.0238972
149.8	-0.0234916
150	-0.0230906
150.2	-0.0226956
150.4	-0.0223079
150.6	-0.0219287
150.8	-0.0215591
151	-0.0212004
151.2	-0.0208537
151.4	-0.0205201
151.6	-0.0202008
151.8	-0.0198969
152	-0.0196093
152.2	-0.0193393
152.4	-0.0190877
152.6	-0.0188557
152.8	-0.0186441
153	-0.018454
153.2	-0.018286
153.4	-0.0181412
153.6	-0.0180202
153.8	-0.0179237
154	-0.0178522
154.2	-0.0178062
154.4	-0.0177862
154.6	-0.0177922
154.8	-0.0178246
155	-0.0178832
155.2	-0.0179679
155.4	-0.0180783
155.6	-0.0182142
155.8	-0.0183748
156	-0.0185593
156.2	-0.018767
156.4	-0.0189969
156.6	-0.0192476
156.8	-0.019518
157	-0.0198066
157.2	-0.0201118
157.4	-0.0204322
157.6	-0.020766
157.8	-0.0211114
158	-0.0214664
158.2	-0.0218292
158.4	-0.0221979
158.6	-0.0225705
158.8	-0.0229451
159	-0.0233196
159.2	-0.0236922
159.4	-0.0240609
159.6	-0.0244237
159.8	-0.024779
160	-0.0251248
160.2	-0.0254594
160.4	-0.0257813
160.6	-0.0260888
160.8	-0.0263806
161	-0.0266553
161.2	-0.0269118
161.4	-0.0271488
161.6	-0.0273654
161.8	-0.0275606
162	-0.0277337
162.2	-0.0278842
162.4	-0.0280116
162.6	-0.0281155
162.8	-0.0281956
163	-0.0282518
163.2	-0.0282844
163.4	-0.0282933
163.6	-0.0282788
163.8	-0.0282414
164	-0.0281817
164.2	-0.0281001
164.4	-0.0279974
164.6	-0.0278744
164.8	-0.0277321
165	-0.0275713
165.2	-0.0273932
165.4	-0.0271988
165.6	-0.0269892
165.8	-0.0267656
166	-0.0265293
166.2	-0.0262815
166.4	-0.0260235
166.6	-0.0257565
166.8	-0.0254818
167	-0.0252006
167.2	-0.0249143
167.4	-0.024624
167.6	-0.024331
167.8	-0.0240364
168	-0.0237415
168.2	-0.0234473
168.4	-0.023155
168.6	-0.0228656
168.8	-0.0225803
169	-0.0222999
169.2	-0.0220256
169.4	-0.0217582
169.6	-0.0214986
169.8	-0.0212478
170	-0.0210066
170.2	-0.0207758
170.4	-0.0205564
170.6	-0.0203489
170.8	-0.0201543
171	-0.0199732
171.2	-0.0198063
171.4	-0.0196543
171.6	-0.0195179
171.8	-0.0193975
172	-0.0192938
172.2	-0.0192072
172.4	-0.0191383
172.6	-0.0190872
172.8	-0.0190545
173	-0.0190402
173.2	-0.0190445
173.4	-0.0190676
173.6	-0.0191094
173.8	-0.0191697
174	-0.0192484
174.2	-0.0193451
174.4	-0.0194595
174.6	-0.0195911
174.8	-0.0197391
175	-0.0199029
175.2	-0.0200816
175.4	-0.0202744
175.6	-0.0204803
175.8	-0.0206982
176	-0.0209269
176.2	-0.0211652
176.4	-0.0214118
176.6	-0.0216654
176.8	-0.0219247
177	-0.0221881
177.2	-0.0224545
177.4	-0.0227222
177.6	-0.0229899
177.8	-0.0232561
178	-0.0235195
178.2	-0.0237787
178.4	-0.0240323
178.6	-0.0242791
178.8	-0.0245178
179	-0.0247472
179.2	-0.0249662
179.4	-0.0251737
179.6	-0.0253688
179.8	-0.0255505
180	-0.0257182
180.2	-0.025871
180.4	-0.0260084
180.6	-0.0261297
180.8	-0.0262345
181	-0.0263225
181.2	-0.0263934
181.4	-0.0264471
181.6	-0.0264835
181.8	-0.0265026
182	-0.0265046
182.2	-0.0264896
182.4	-0.0264579
182.6	-0.0264101
182.8	-0.0263464
183	-0.0262674
183.2	-0.0261738
183.4	-0.0260661
183.6	-0.0259451
183.8	-0.0258116
184	-0.0256664
184.2	-0.0255104
184.4	-0.0253444
184.6	-0.0251693
184.8	-0.0249862
185	-0.0247958
185.2	-0.0245993
185.4	-0.0243976
185.6	-0.0241916
185.8	-0.0239822
186	-0.0237706
186.2	-0.0235575
186.4	-0.023344
186.6	-0.0231308
186.8	-0.022919
187	-0.0227092
187.2	-0.0225025
187.4	-0.0222995
187.6	-0.0221011
187.8	-0.0219079
188	-0.0217208
188.2	-0.0215404
188.4	-0.0213673
188.6	-0.0212022
188.8	-0.0210458
189	-0.0208984
189.2	-0.0207608
189.4	-0.0206334
189.6	-0.0205167
189.8	-0.0204112
190	-0.0203172
190.2	-0.0202352
190.4	-0.0201655
190.6	-0.0201084
190.8	-0.0200642
191	-0.0200329
191.2	-0.0200149
191.4	-0.0200103
191.6	-0.0200191
191.8	-0.0200413
192	-0.0200768
192.2	-0.0201255
192.4	-0.0201872
192.6	-0.0202616
192.8	-0.0203485
193	-0.0204474
193.2	-0.0205579
193.4	-0.0206794
193.6	-0.0208113
193.8	-0.020953
194	-0.0211038
194.2	-0.0212628
194.4	-0.0214293
194.6	-0.0216023
194.8	-0.0217811
195	-0.0219645
195.2	-0.0221518
195.4	-0.0223418
195.6	-0.0225335
195.8	-0.022726
196	-0.0229182
196.2	-0.0231091
196.4	-0.0232978
196.6	-0.0234831
196.8	-0.0236643
197	-0.0238403
197.2	-0.0240103
197.4	-0.0241735
197.6	-0.0243291
197.8	-0.0244762
198	-0.0246143
198.2	-0.0247426
198.4	-0.0248607
198.6	-0.024968
198.8	-0.025064
199	-0.0251484
199.2	-0.0252209
199.4	-0.0252813
199.6	-0.0253293
199.8	-0.0253649
200	-0.025388
200.2	-0.0253986
200.4	-0.0253968
200.6	-0.0253828
200.8	-0.0253569
201	-0.0253192
201.2	-0.0252701
201.4	-0.0252099
201.6	-0.0251392
201.8	-0.0250584
202	-0.0249679
202.2	-0.0248685
202.4	-0.0247606
202.6	-0.0246448
202.8	-0.0245219
203	-0.0243926
203.2	-0.0242575
203.4	-0.0241172
203.6	-0.0239727
203.8	-0.0238245
204	-0.0236734
204.2	-0.0235202
204.4	-0.0233655
204.6	-0.0232101
204.8	-0.0230546
205	-0.0228999
205.2	-0.0227465
205.4	-0.0225952
205.6	-0.0224465
205.8	-0.022301
206	-0.0221595
206.2	-0.0220224
206.4	-0.0218904
206.6	-0.0217638
206.8	-0.0216433
207	-0.0215292
207.2	-0.0214221
207.4	-0.0213223
207.6	-0.0212302
207.8	-0.0211462
208	-0.0210705
208.2	-0.0210035
208.4	-0.0209455
208.6	-0.0208965
208.8	-0.0208569
209	-0.0208267
209.2	-0.0208061
209.4	-0.0207951
209.6	-0.0207939
209.8	-0.0208024
210	-0.0208205
210.2	-0.0208482
210.4	-0.0208854
210.6	-0.0209317
210.8	-0.0209871
211	-0.0210513
211.2	-0.0211239
211.4	-0.0212046
211.6	-0.0212932
211.8	-0.021389
212	-0.0214916
212.2	-0.0216005
212.4	-0.0217152
212.6	-0.0218351
212.8	-0.0219595
213	-0.0220878
213.2	-0.0222194
213.4	-0.0223536
213.6	-0.0224897
213.8	-0.022627
214	-0.0227647
214.2	-0.0229023
214.4	-0.0230389
214.6	-0.0231739
214.8	-0.0233066
215	-0.0234364
215.2	-0.0235625
215.4	-0.0236844
215.6	-0.0238015
215.8	-0.0239133
216	-0.0240191
216.2	-0.0241185
216.4	-0.024211
216.6	-0.0242964
216.8	-0.0243741
217	-0.0244439
217.2	-0.0245055
217.4	-0.0245586
217.6	-0.0246032
217.8	-0.0246391
218	-0.0246661
218.2	-0.0246842
218.4	-0.0246935
218.6	-0.0246939
218.8	-0.0246857
219	-0.0246688
219.2	-0.0246436
219.4	-0.0246102
219.6	-0.0245688
219.8	-0.0245199
220	-0.0244636
220.2	-0.0244004
220.4	-0.0243306
220.6	-0.0242547
220.8	-0.024173
221	-0.0240861
221.2	-0.0239943
221.4	-0.0238983
221.6	-0.0237985
221.8	-0.0236955
222	-0.0235897
222.2	-0.0234817
222.4	-0.023372
222.6	-0.0232611
222.8	-0.0231497
223	-0.0230382
223.2	-0.0229272
223.4	-0.0228171
223.6	-0.0227084
223.8	-0.0226018
224	-0.0224975
224.2	-0.0223962
224.4	-0.0222981
224.6	-0.0222039
224.8	-0.0221137
225	-0.0220282
225.2	-0.0219475
225.4	-0.021872
225.6	-0.0218021
225.8	-0.0217379
226	-0.0216798
226.2	-0.0216281
226.4	-0.0215827
226.6	-0.0215441
226.8	-0.0215122
227	-0.0214873
227.2	-0.0214693
227.4	-0.0214585
227.6	-0.0214546
227.8	-0.0214579
228	-0.0214681
228.2	-0.0214853
228.4	-0.0215092
228.6	-0.0215399
228.8	-0.0215771
229	-0.0216206
229.2	-0.0216702
229.4	-0.0217256
229.6	-0.0217865
229.8	-0.0218528
230	-0.0219239
230.2	-0.0219996
230.4	-0.0220794
230.6	-0.022163
230.8	-0.0222499
231	-0.0223397
231.2	-0.022432
231.4	-0.0225262
231.6	-0.0226219
231.8	-0.0227187
232	-0.0228159
232.2	-0.0229133
232.4	-0.0230102
232.6	-0.0231061
232.8	-0.0232007
233	-0.0232935
233.2	-0.023384
233.4	-0.0234717
233.6	-0.0235564
233.8	-0.0236375
234	-0.0237148
234.2	-0.0237878
234.4	-0.0238562
234.6	-0.0239198
234.8	-0.0239784
235	-0.0240315
235.2	-0.0240791
235.4	-0.024121
235.6	-0.024157
235.8	-0.024187
236	-0.0242109
236.2	-0.0242288
236.4	-0.0242404
236.6	-0.024246
236.8	-0.0242454
237	-0.0242388
237.2	-0.0242264
237.4	-0.0242081
237.6	-0.0241842
237.8	-0.0241548
238	-0.0241202
238.2	-0.0240806
238.4	-0.0240362
238.6	-0.0239873
238.8	-0.0239341
239	-0.023877
239.2	-0.0238163
239.4	-0.0237523
239.6	-0.0236854
239.8	-0.0236159
240	-0.0235441
240.2	-0.0234705
240.4	-0.0233954
240.6	-0.0233191
240.8	-0.0232422
241	-0.0231648
241.2	-0.0230875
241.4	-0.0230105
241.6	-0.0229343
241.8	-0.0228592
242	-0.0227856
242.2	-0.0227138
242.4	-0.0226441
242.6	-0.0225768
242.8	-0.0225123
243	-0.0224509
243.2	-0.0223928
243.4	-0.0223382
243.6	-0.0222875
243.8	-0.0222408
244	-0.0221983
244.2	-0.0221603
244.4	-0.0221268
244.6	-0.022098
244.8	-0.0220741
245	-0.022055
245.2	-0.022041
245.4	-0.0220319
245.6	-0.0220279
245.8	-0.0220289
246	-0.0220349
246.2	-0.0220458
246.4	-0.0220615
246.6	-0.0220821
246.8	-0.0221072
247	-0.0221368
247.2	-0.0221707
247.4	-0.0222087
247.6	-0.0222507
247.8	-0.0222963
248	-0.0223454
248.2	-0.0223977
248.4	-0.0224529
248.6	-0.0225107
248.8	-0.0225708
249	-0.022633
249.2	-0.0226969
249.4	-0.0227621
249.6	-0.0228285
249.8	-0.0228955
