# Time	U	V	U_magnitude
0	-9.0862e-116	4.50211e-115	4.59289e-115
0.2	-5.86268e-08	4.12078e-08	7.16601e-08
0.4	-0.00436379	0.000136592	0.00436592
0.6	-0.0127733	3.9592e-05	0.0127733
0.8	-0.0140511	0.000154339	0.0140519
1	-0.0111481	0.000470322	0.011158
1.2	-0.00884045	0.00070695	0.00886867
1.4	-0.0063711	0.000647389	0.00640391
1.6	-0.0103717	0.000679986	0.0103939
1.8	-0.0149028	0.00111378	0.0149444
2	-0.0169245	0.00153556	0.016994
2.2	-0.0162457	0.0019077	0.0163573
2.4	-0.0126183	0.00205314	0.0127843
2.6	-0.010328	0.0020688	0.0105332
2.8	-0.0123638	0.00223499	0.0125641
3	-0.0162143	0.002574	0.0164173
3.2	-0.0188397	0.00309959	0.0190929
3.4	-0.0183244	0.00385099	0.0187247
3.6	-0.0153221	0.0042207	0.0158928
3.8	-0.0137056	0.00414963	0.01432
4	-0.0148946	0.00411487	0.0154525
4.2	-0.0177186	0.00450348	0.0182819
4.4	-0.020193	0.005466	0.0209197
4.6	-0.0204429	0.00645466	0.0214377
4.8	-0.0187416	0.00689305	0.019969
5	-0.0172325	0.006919	0.0185697
5.2	-0.0175773	0.0069056	0.0188851
5.4	-0.0199545	0.0073005	0.0212481
5.6	-0.022539	0.00831727	0.0240246
5.8	-0.0232395	0.00951499	0.025112
6	-0.0221095	0.0103376	0.0244069
6.2	-0.0209234	0.0105208	0.0234195
6.4	-0.0212841	0.0103718	0.0236767
6.6	-0.0232611	0.0106775	0.0255947
6.8	-0.0253935	0.0117895	0.0279969
7	-0.0263342	0.0132525	0.0294808
7.2	-0.0260115	0.0143233	0.0296943
7.4	-0.0253709	0.0146179	0.0292808
7.6	-0.0255865	0.0145274	0.029423
7.8	-0.0270473	0.0148305	0.0308464
8	-0.0289781	0.0159119	0.0330594
8.2	-0.030246	0.0174729	0.0349303
8.4	-0.0304107	0.0187952	0.0357501
8.6	-0.0301026	0.0193766	0.0357997
8.8	-0.0303855	0.0194322	0.0360678
9	-0.0316585	0.0196888	0.0372815
9.2	-0.0333539	0.0207074	0.0392591
9.4	-0.0346326	0.0223594	0.0412233
9.6	-0.0351688	0.0239285	0.0425373
9.8	-0.0353411	0.0248075	0.0431788
10	-0.0357911	0.0250765	0.0437017
10.2	-0.0368373	0.0253988	0.0447446
10.4	-0.0382722	0.0263955	0.0464917
10.6	-0.0395985	0.0280692	0.0485378
10.8	-0.0404693	0.0298225	0.0502708
11	-0.0409846	0.0310381	0.0514111
11.2	-0.0415651	0.031633	0.0522332
11.4	-0.0425359	0.0321168	0.0532991
11.6	-0.0438394	0.0331129	0.0549396
11.8	-0.0451371	0.0347825	0.056984
12	-0.0461676	0.0366983	0.0589763
12.2	-0.0469661	0.0382555	0.0605748
12.4	-0.0477625	0.0392276	0.0618067
12.6	-0.0487426	0.0399596	0.0630287
12.8	-0.0499125	0.0410284	0.0646111
13	-0.0511417	0.0427097	0.0666303
13.2	-0.0522939	0.0447469	0.0688254
13.4	-0.0533238	0.0466096	0.0708229
13.6	-0.0542911	0.0479868	0.0724586
13.8	-0.0553007	0.0490506	0.0739197
14	-0.0564128	0.0502739	0.0755637
14.2	-0.057602	0.0519946	0.0775978
14.4	-0.058797	0.0541251	0.0799163
14.6	-0.0599498	0.0562601	0.0822143
14.8	-0.061064	0.0580595	0.0842599
15	-0.0621705	0.0595507	0.0860898
15.2	-0.0633014	0.061093	0.087974
15.4	-0.0644874	0.0630598	0.0901951
15.6	-0.0657547	0.0655356	0.0928364
15.8	-0.0671049	0.0682966	0.095747
16	-0.0685082	0.0710701	0.0987134
16.2	-0.069933	0.0738249	0.101689
16.4	-0.0713907	0.0768318	0.10488
16.6	-0.0729393	0.080456	0.108597
16.8	-0.0746377	0.0848786	0.113027
17	-0.0764928	0.089993	0.11811
17.2	-0.0784487	0.0955465	0.123626
17.4	-0.0804226	0.10138	0.129405
17.6	-0.0823588	0.107547	0.13546
17.8	-0.0842574	0.114224	0.141938
18	-0.0861565	0.121509	0.148954
18.2	-0.0880751	0.129297	0.156445
18.4	-0.089966	0.137326	0.164172
18.6	-0.0917245	0.145342	0.171866
18.8	-0.0932552	0.153236	0.179382
19	-0.0945346	0.161042	0.186738
19.2	-0.09561	0.168816	0.194011
19.4	-0.0965329	0.176509	0.201182
19.6	-0.0972922	0.183938	0.208084
19.8	-0.0978101	0.190876	0.214477
20	-0.098003	0.197173	0.220186
20.2	-0.0978486	0.202808	0.225179
20.4	-0.0974011	0.207835	0.229526
20.6	-0.0967427	0.212284	0.233289
20.8	-0.0959149	0.216103	0.236432
21	-0.0948918	0.219178	0.238838
21.2	-0.0936193	0.221421	0.240399
21.4	-0.0920831	0.222843	0.241119
21.6	-0.0903445	0.223554	0.241119
21.8	-0.0885069	0.223693	0.240566
22	-0.0866464	0.223356	0.239574
22.2	-0.0847698	0.222575	0.238171
22.4	-0.0828388	0.22136	0.236352
22.6	-0.0808325	0.219765	0.23416
22.8	-0.0787876	0.217915	0.231721
23	-0.0767821	0.215967	0.22921
23.2	-0.0748787	0.214052	0.226771
23.4	-0.0730822	0.212228	0.224459
23.6	-0.0713466	0.210499	0.222262
23.8	-0.0696228	0.208853	0.220152
24	-0.067903	0.207308	0.218145
24.2	-0.0662242	0.205918	0.216305
24.4	-0.0646292	0.20474	0.214699
24.6	-0.0631234	0.203786	0.213339
24.8	-0.0616654	0.203012	0.212171
25	-0.060201	0.202347	0.211112
25.2	-0.0587061	0.201733	0.210102
25.4	-0.0572002	0.20116	0.209134
25.6	-0.0557217	0.200644	0.208238
25.8	-0.0542886	0.200198	0.207429
26	-0.0528819	0.199798	0.206678
26.2	-0.0514625	0.199386	0.205921
26.4	-0.050006	0.198907	0.205096
26.6	-0.048522	0.198336	0.204185
26.8	-0.0470436	0.197692	0.203212
27	-0.0455977	0.197004	0.202212
27.2	-0.0441829	0.196284	0.201195
27.4	-0.042774	0.19551	0.200134
27.6	-0.0413469	0.194643	0.198986
27.8	-0.0399015	0.19366	0.197728
28	-0.0384613	0.192572	0.196375
28.2	-0.037053	0.191415	0.194968
28.4	-0.0356845	0.190217	0.193536
28.6	-0.0343414	0.188981	0.192076
28.8	-0.0330021	0.187682	0.190561
29	-0.0316588	0.186295	0.188966
29.2	-0.0303237	0.184822	0.187293
29.4	-0.0290185	0.183287	0.18557
29.6	-0.0277557	0.181723	0.183831
29.8	-0.0265301	0.180145	0.182088
30	-0.0253246	0.178539	0.180326
30.2	-0.0241269	0.176882	0.178519
30.4	-0.0229402	0.175163	0.176658
30.6	-0.0217798	0.173396	0.174758
30.8	-0.0206597	0.171608	0.172847
31	-0.0195813	0.169819	0.170944
31.2	-0.0185334	0.168026	0.169045
31.4	-0.0175032	0.166209	0.167128
31.6	-0.0164874	0.164352	0.165177
31.8	-0.015495	0.162458	0.163195
32	-0.0145385	0.160546	0.161203
32.2	-0.013624	0.158637	0.159221
32.4	-0.0127464	0.156735	0.157253
32.6	-0.0118947	0.154828	0.155284
32.8	-0.0110619	0.152897	0.153297
33	-0.0102511	0.150938	0.151286
33.2	-0.00947235	0.148962	0.149263
33.4	-0.00873392	0.146989	0.147248
33.6	-0.00803567	0.145028	0.14525
33.8	-0.0073697	0.143072	0.143261
34	-0.00672781	0.141105	0.141266
34.2	-0.00610862	0.139119	0.139253
34.4	-0.00551862	0.137119	0.13723
34.6	-0.00496637	0.13512	0.135211
34.8	-0.00445523	0.133134	0.133208
35	-0.00398095	0.131159	0.13122
35.2	-0.00353575	0.129185	0.129233
35.4	-0.00311522	0.1272	0.127238
35.6	-0.00272219	0.125205	0.125235
35.8	-0.00236405	0.123211	0.123234
36	-0.00204631	0.12123	0.121247
36.2	-0.00176797	0.119265	0.119278
36.4	-0.00152262	0.117308	0.117318
36.6	-0.00130428	0.11535	0.115358
36.8	-0.00111264	0.113388	0.113393
37	-0.000953094	0.111428	0.111432
37.2	-0.000831814	0.109481	0.109484
37.4	-0.000750295	0.107553	0.107556
37.6	-0.000704155	0.105641	0.105643
37.8	-0.000687078	0.103735	0.103738
38	-0.000696328	0.101832	0.101835
38.2	-0.000734888	0.099935	0.0999377
38.4	-0.000808509	0.0980523	0.0980556
38.6	-0.000920343	0.096191	0.0961954
38.8	-0.00106806	0.0943507	0.0943567
39	-0.00124584	0.092525	0.0925334
39.2	-0.00144942	0.0907088	0.0907204
39.4	-0.00167953	0.0889026	0.0889185
39.6	-0.0019406	0.0871134	0.087135
39.8	-0.00223664	0.0853479	0.0853772
40	-0.0025671	0.0836077	0.0836471
40.2	-0.00292715	0.0818887	0.081941
40.4	-0.00331178	0.0801862	0.0802546
40.6	-0.00371978	0.0784992	0.0785873
40.8	-0.00415427	0.0768322	0.0769444
41	-0.00461936	0.075191	0.0753328
41.2	-0.00511539	0.0735785	0.0737561
41.4	-0.00563902	0.0719928	0.0722133
41.6	-0.00618512	0.0704297	0.0707008
41.8	-0.00675115	0.0688875	0.0692175
42	-0.00733865	0.0673687	0.0677672
42.2	-0.00795108	0.0658778	0.0663559
42.4	-0.00858976	0.0644186	0.0649887
42.6	-0.00925251	0.0629904	0.0636663
42.8	-0.00993472	0.0615902	0.0623863
43	-0.010633	0.0602155	0.0611471
43.2	-0.0113472	0.0588674	0.0599511
43.4	-0.01208	0.0575498	0.058804
43.6	-0.0128335	0.0562659	0.0577109
43.8	-0.0136064	0.055016	0.0566735
44	-0.0143945	0.0537979	0.0556904
44.2	-0.0151941	0.0526098	0.0547599
44.4	-0.0160044	0.0514513	0.053883
44.6	-0.0168269	0.0503248	0.0530634
44.8	-0.0176633	0.0492334	0.052306
45	-0.0185136	0.0481781	0.0516128
45.2	-0.0193744	0.0471574	0.0509822
45.4	-0.0202418	0.0461694	0.0504118
45.6	-0.0211143	0.0452136	0.0499007
45.8	-0.0219926	0.0442909	0.0494506
46	-0.0228782	0.0434039	0.0490644
46.2	-0.0237715	0.0425537	0.0487432
46.4	-0.02467	0.0417396	0.0484851
46.6	-0.0255701	0.04096	0.0482862
46.8	-0.0264699	0.0402139	0.0481436
47	-0.0273692	0.0395013	0.0480565
47.2	-0.0282693	0.0388242	0.0480257
47.4	-0.0291707	0.0381835	0.0480511
47.6	-0.0300717	0.0375791	0.04813
47.8	-0.0309694	0.0370097	0.0482579
48	-0.0318615	0.0364738	0.0484304
48.2	-0.0327474	0.0359712	0.0486448
48.4	-0.0336277	0.0355029	0.0489007
48.6	-0.0345032	0.0350696	0.0491971
48.8	-0.0353727	0.0346715	0.0495312
49	-0.0362339	0.0343075	0.0498989
49.2	-0.0370844	0.0339762	0.0502955
49.4	-0.0379232	0.033677	0.0507179
49.6	-0.0387509	0.03341	0.051165
49.8	-0.0395679	0.0331758	0.0516358
50	-0.0403738	0.0329744	0.0521283
50.2	-0.0411665	0.0328052	0.052639
50.4	-0.0419439	0.0326666	0.0531639
50.6	-0.0427048	0.0325578	0.0537002
50.8	-0.0434492	0.0324785	0.0542465
51	-0.0441777	0.0324288	0.0548023
51.2	-0.0448898	0.0324088	0.0553663
51.4	-0.0455844	0.0324178	0.0559361
51.6	-0.0462594	0.0324545	0.0565087
51.8	-0.0469136	0.0325178	0.0570815
52	-0.0475469	0.032607	0.0576535
52.2	-0.0481595	0.0327219	0.0582243
52.4	-0.0487516	0.0328624	0.0587933
52.6	-0.049322	0.0330279	0.0593591
52.8	-0.0498693	0.0332174	0.0599195
53	-0.0503924	0.0334294	0.0604724
53.2	-0.0508907	0.0336631	0.061017
53.4	-0.0513647	0.0339181	0.061553
53.6	-0.0518142	0.0341939	0.0620801
53.8	-0.0522388	0.0344899	0.0625975
54	-0.0526372	0.034805	0.0631036
54.2	-0.0530084	0.0351379	0.0635969
54.4	-0.0533521	0.0354874	0.0640765
54.6	-0.0536684	0.0358529	0.0645424
54.8	-0.0539575	0.0362339	0.0649946
55	-0.054219	0.0366296	0.0654326
55.2	-0.0544522	0.037039	0.0658554
55.4	-0.0546563	0.0374607	0.0662617
55.6	-0.0548308	0.0378935	0.0666509
55.8	-0.0549759	0.0383364	0.0670227
56	-0.0550919	0.0387888	0.0673772
56.2	-0.0551787	0.0392497	0.0677143
56.4	-0.0552358	0.0397182	0.0680333
56.6	-0.0552627	0.040193	0.0683333
56.8	-0.0552591	0.0406727	0.0686137
57	-0.0552251	0.0411562	0.0688741
57.2	-0.0551611	0.0416424	0.0691147
57.4	-0.0550673	0.0421306	0.0693354
57.6	-0.0549436	0.0426197	0.0695359
57.8	-0.0547896	0.0431085	0.0697154
58	-0.0546053	0.0435954	0.0698734
58.2	-0.0543908	0.0440792	0.0700096
58.4	-0.0541467	0.0445588	0.0701238
58.6	-0.0538734	0.0450333	0.0702164
58.8	-0.053571	0.0455017	0.070287
59	-0.0532396	0.0459627	0.0703351
59.2	-0.0528794	0.0464147	0.0703602
59.4	-0.0524906	0.0468565	0.0703619
59.6	-0.0520739	0.0472869	0.0703403
59.8	-0.0516301	0.047705	0.0702953
60	-0.0511596	0.0481097	0.0702271
60.2	-0.0506628	0.0484997	0.0701351
60.4	-0.05014	0.0488738	0.070019
60.6	-0.0495919	0.0492305	0.0698785
60.8	-0.0490194	0.0495688	0.0697135
61	-0.0484234	0.0498876	0.0695241
61.2	-0.0478046	0.050186	0.0693103
61.4	-0.0471639	0.0504629	0.069072
61.6	-0.046502	0.0507171	0.0688089
61.8	-0.0458197	0.0509474	0.0685207
62	-0.0451182	0.0511527	0.0682074
62.2	-0.0443985	0.0513322	0.0678691
62.4	-0.043662	0.051485	0.0675061
62.6	-0.0429096	0.0516104	0.0671183
62.8	-0.0421425	0.0517072	0.0667055
63	-0.0413618	0.0517746	0.0662677
63.2	-0.0405688	0.0518117	0.0658048
63.4	-0.0397649	0.0518178	0.0653172
63.6	-0.0389517	0.0517925	0.0648051
63.8	-0.0381306	0.0517351	0.0642687
64	-0.0373029	0.0516451	0.0637081
64.2	-0.03647	0.0515217	0.0631233
64.4	-0.0356334	0.0513647	0.0625146
64.6	-0.0347949	0.0511735	0.0618822
64.8	-0.0339561	0.0509481	0.0612268
65	-0.0331186	0.0506882	0.0605486
65.2	-0.0322841	0.0503938	0.0598481
65.4	-0.0314541	0.0500646	0.0591255
65.6	-0.0306303	0.0497006	0.0583812
65.8	-0.0298145	0.0493018	0.0576158
66	-0.0290085	0.0488686	0.0568299
66.2	-0.0282139	0.0484013	0.0560242
66.4	-0.0274325	0.0479003	0.0551995
66.6	-0.026666	0.0473658	0.0543562
66.8	-0.025916	0.0467984	0.0534951
67	-0.0251842	0.0461987	0.0526171
67.2	-0.0244725	0.0455673	0.0517231
67.4	-0.0237825	0.0449052	0.0508142
67.6	-0.0231158	0.0442133	0.0498914
67.8	-0.022474	0.0434924	0.0489558
68	-0.0218587	0.0427435	0.0480084
68.2	-0.0212714	0.0419678	0.0470507
68.4	-0.0207135	0.0411665	0.046084
68.6	-0.0201866	0.040341	0.0451098
68.8	-0.0196921	0.0394926	0.0441298
69	-0.0192313	0.0386228	0.0431458
69.2	-0.0188053	0.0377331	0.0421595
69.4	-0.0184153	0.036825	0.0411729
69.6	-0.0180624	0.0359003	0.0401881
69.8	-0.0177479	0.0349607	0.0392077
70	-0.0174726	0.0340082	0.0382341
70.2	-0.0172373	0.0330444	0.0372701
70.4	-0.0170429	0.0320715	0.0363186
70.6	-0.0168899	0.0310912	0.0353827
70.8	-0.0167789	0.0301058	0.0344658
71	-0.0167104	0.0291173	0.0335717
71.2	-0.0166849	0.0281278	0.0327041
71.4	-0.0167026	0.0271395	0.0318674
71.6	-0.0167635	0.0261546	0.0310657
71.8	-0.0168676	0.0251752	0.0303036
72	-0.017015	0.0242036	0.0295859
72.2	-0.0172054	0.0232421	0.0289174
72.4	-0.0174385	0.0222929	0.0283033
72.6	-0.017714	0.0213584	0.0277482
72.8	-0.0180311	0.0204406	0.0272569
73	-0.0183893	0.0195419	0.0268338
73.2	-0.0187878	0.0186641	0.0264827
73.4	-0.0192254	0.0178097	0.026207
73.6	-0.0197014	0.016981	0.0260096
73.8	-0.0202147	0.0161797	0.0258924
74	-0.0207637	0.0154079	0.025856
74.2	-0.0213473	0.0146677	0.0259007
74.4	-0.0219639	0.0139607	0.0260253
74.6	-0.022612	0.0132889	0.0262278
74.8	-0.0232898	0.0126541	0.0265055
75	-0.0239959	0.0120578	0.0268551
75.2	-0.0247282	0.0115014	0.0272721
75.4	-0.0254845	0.0109866	0.0277519
75.6	-0.026263	0.0105147	0.0282897
75.8	-0.0270618	0.0100869	0.0288805
76	-0.0278787	0.00970405	0.0295194
76.2	-0.0287113	0.00936738	0.0302008
76.4	-0.0295572	0.00907782	0.0309198
76.6	-0.0304141	0.00883613	0.0316717
76.8	-0.0312796	0.0086429	0.0324517
77	-0.0321513	0.00849868	0.0332556
77.2	-0.0330268	0.00840386	0.0340792
77.4	-0.0339035	0.0083587	0.0349187
77.6	-0.0347789	0.00836334	0.0357703
77.8	-0.0356503	0.00841777	0.0366306
78	-0.0365152	0.00852185	0.0374965
78.2	-0.0373711	0.00867531	0.0383648
78.4	-0.0382152	0.00887776	0.0392329
78.6	-0.0390452	0.00912867	0.0400981
78.8	-0.0398583	0.00942736	0.040958
79	-0.0406518	0.00977296	0.04181
79.2	-0.0414231	0.0101642	0.0426519
79.4	-0.0421701	0.0106	0.0434819
79.6	-0.0428905	0.0110794	0.0442984
79.8	-0.0435818	0.0116009	0.0450994
80	-0.0442414	0.0121628	0.0458829
80.2	-0.0448673	0.0127633	0.0466473
80.4	-0.0454575	0.0134006	0.0473916
80.6	-0.0460099	0.014073	0.048114
80.8	-0.0465223	0.014778	0.048813
81	-0.0469932	0.0155134	0.0494877
81.2	-0.0474209	0.0162772	0.0501367
81.4	-0.0478036	0.0170665	0.0507587
81.6	-0.0481401	0.0178791	0.051353
81.8	-0.0484289	0.0187121	0.0519182
82	-0.0486691	0.0195628	0.0524536
82.2	-0.0488596	0.0204284	0.0529583
82.4	-0.0489996	0.021306	0.0534313
82.6	-0.0490885	0.0221928	0.0538721
82.8	-0.0491259	0.0230857	0.0542798
83	-0.0491114	0.0239817	0.0546539
83.2	-0.0490449	0.0248778	0.0549937
83.4	-0.0489266	0.0257709	0.0552988
83.6	-0.0487567	0.0266582	0.0555686
83.8	-0.0485357	0.0275365	0.055803
84	-0.0482642	0.0284029	0.0560014
84.2	-0.047943	0.0292546	0.0561637
84.4	-0.0475731	0.0300886	0.0562896
84.6	-0.0471556	0.0309022	0.0563791
84.8	-0.046692	0.0316927	0.056432
85	-0.0461836	0.0324575	0.0564483
85.2	-0.0456322	0.033194	0.0564282
85.4	-0.0450394	0.0339	0.0563716
85.6	-0.0444072	0.0345732	0.0562788
85.8	-0.0437376	0.0352114	0.05615
86	-0.0430328	0.0358126	0.0559854
86.2	-0.0422949	0.036375	0.0557853
86.4	-0.0415263	0.0368969	0.0555501
86.6	-0.0407295	0.0373767	0.0552802
86.8	-0.0399067	0.037813	0.0549761
87	-0.0390607	0.0382045	0.0546381
87.2	-0.0381939	0.0385502	0.0542668
87.4	-0.0373089	0.0388491	0.0538628
87.6	-0.0364083	0.0391003	0.0534266
87.8	-0.0354948	0.0393032	0.0529587
88	-0.034571	0.0394574	0.0524599
88.2	-0.0336395	0.0395623	0.0519307
88.4	-0.0327029	0.0396179	0.0513718
88.6	-0.0317639	0.0396239	0.0507838
88.8	-0.0308249	0.0395804	0.0501675
89	-0.0298887	0.0394874	0.0495236
89.2	-0.0289575	0.0393454	0.0488529
89.4	-0.0280341	0.0391546	0.048156
89.6	-0.0271208	0.0389156	0.0474337
89.8	-0.0262199	0.0386289	0.046687
90	-0.025334	0.0382952	0.0459166
90.2	-0.0244653	0.0379154	0.0451235
90.4	-0.0236162	0.0374904	0.0443086
90.6	-0.0227888	0.0370211	0.0434729
90.8	-0.0219853	0.0365088	0.0426174
91	-0.0212081	0.0359545	0.0417434
91.2	-0.020459	0.0353597	0.0408519
91.4	-0.0197403	0.0347258	0.0399444
91.6	-0.0190539	0.0340542	0.0390223
91.8	-0.0184018	0.0333466	0.038087
92	-0.0177859	0.0326048	0.0371404
92.2	-0.0172079	0.0318305	0.0361842
92.4	-0.0166698	0.0310258	0.0352205
92.6	-0.0161732	0.0301927	0.0342516
92.8	-0.0157196	0.0293334	0.03328
93	-0.0153106	0.0284502	0.0323084
93.2	-0.0149477	0.0275454	0.0313398
93.4	-0.0146321	0.0266216	0.0303777
93.6	-0.0143651	0.0256813	0.0294259
93.8	-0.0141477	0.0247273	0.0284885
94	-0.0139808	0.0237625	0.0275703
94.2	-0.0138651	0.0227898	0.0266761
94.4	-0.0138014	0.021812	0.0258117
94.6	-0.01379	0.0208324	0.0249831
94.8	-0.0138313	0.019854	0.0241968
95	-0.0139253	0.0188801	0.02346
95.2	-0.0140719	0.0179138	0.0227799
95.4	-0.0142707	0.0169587	0.0221641
95.6	-0.0145212	0.0160178	0.0216203
95.8	-0.0148228	0.0150946	0.0211557
96	-0.0151745	0.0141924	0.0207772
96.2	-0.0155752	0.0133144	0.0204905
96.4	-0.0160235	0.0124636	0.0203001
96.6	-0.0165177	0.0116433	0.0202089
96.8	-0.0170561	0.0108567	0.0202182
97	-0.0176369	0.0101063	0.0203273
97.2	-0.0182577	0.00939514	0.0205332
97.4	-0.0189164	0.00872595	0.020832
97.6	-0.0196105	0.00810086	0.0212178
97.8	-0.020337	0.00752239	0.0216836
98	-0.0210933	0.00699278	0.0222222
98.2	-0.0218769	0.0065137	0.022826
98.4	-0.0226843	0.00608682	0.0234867
98.6	-0.0235122	0.00571381	0.0241965
98.8	-0.0243576	0.00539594	0.0249481
99	-0.025217	0.00513428	0.0257344
99.2	-0.0260875	0.00492963	0.0265491
99.4	-0.0269653	0.00478251	0.0273862
99.6	-0.0278471	0.00469331	0.0282398
99.8	-0.0287291	0.00466219	0.0291049
100	-0.0296078	0.00468909	0.0299769
100.2	-0.0304799	0.00477364	0.0308514
100.4	-0.0313417	0.00491522	0.0317248
100.6	-0.03219	0.00511305	0.0325935
100.8	-0.0330214	0.00536613	0.0334546
101	-0.0338327	0.00567325	0.0343051
101.2	-0.0346206	0.00603295	0.0351423
101.4	-0.0353818	0.00644355	0.0359638
101.6	-0.036113	0.00690284	0.0367668
101.8	-0.0368118	0.00740872	0.0375499
102	-0.0374755	0.00795915	0.0383114
102.2	-0.0381012	0.00855158	0.0390491
102.4	-0.0386865	0.00918294	0.0397614
102.6	-0.0392294	0.00985073	0.0404473
102.8	-0.0397276	0.0105519	0.041105
103	-0.0401793	0.0112831	0.0417335
103.2	-0.0405831	0.0120414	0.0423318
103.4	-0.0409373	0.0128232	0.0428987
103.6	-0.0412409	0.0136252	0.0434334
103.8	-0.0414929	0.0144439	0.0439351
104	-0.0416927	0.0152757	0.0444031
104.2	-0.0418398	0.0161171	0.0448367
104.4	-0.0419339	0.0169646	0.0452355
104.6	-0.0419752	0.0178146	0.0455991
104.8	-0.0419638	0.0186637	0.0459271
105	-0.0419004	0.0195084	0.0462193
105.2	-0.0417856	0.0203455	0.0464755
105.4	-0.0416203	0.0211715	0.0466957
105.6	-0.0414059	0.0219835	0.0468798
105.8	-0.0411435	0.0227783	0.047028
106	-0.0408347	0.0235532	0.0471405
106.2	-0.0404813	0.0243053	0.0472174
106.4	-0.0400851	0.0250322	0.0472592
106.6	-0.0396481	0.0257314	0.0472661
106.8	-0.0391724	0.0264007	0.0472385
107	-0.0386603	0.0270382	0.0471771
107.2	-0.0381139	0.0276418	0.0470823
107.4	-0.0375358	0.0282099	0.0469546
107.6	-0.0369282	0.0287411	0.0467947
107.8	-0.0362937	0.029234	0.0466032
108	-0.0356347	0.0296874	0.0463808
108.2	-0.0349537	0.0301003	0.046128
108.4	-0.0342532	0.030472	0.0458456
108.6	-0.0335356	0.0308016	0.0455343
108.8	-0.0328033	0.0310887	0.0451947
109	-0.0320587	0.0313327	0.0448275
109.2	-0.0313043	0.0315334	0.0444333
109.4	-0.0305424	0.0316905	0.0440128
109.6	-0.0297751	0.031804	0.0435666
109.8	-0.0290048	0.0318738	0.0430954
110	-0.0282337	0.0318999	0.0425999
110.2	-0.0274639	0.0318826	0.0420805
110.4	-0.0266976	0.031822	0.041538
110.6	-0.0259369	0.0317184	0.0409729
110.8	-0.0251838	0.0315722	0.040386
111	-0.0244405	0.0313838	0.0397779
111.2	-0.0237089	0.0311537	0.0391492
111.4	-0.0229911	0.0308825	0.0385009
111.6	-0.0222891	0.0305708	0.0378335
111.8	-0.0216049	0.0302194	0.0371481
112	-0.0209405	0.0298291	0.0364456
112.2	-0.020298	0.0294008	0.035727
112.4	-0.0196792	0.0289357	0.0349935
112.6	-0.0190862	0.0284348	0.0342465
112.8	-0.018521	0.0278994	0.0334874
113	-0.0179855	0.027331	0.0327179
113.2	-0.0174815	0.0267311	0.0319398
113.4	-0.0170109	0.0261014	0.0311553
113.6	-0.0165755	0.0254436	0.0303665
113.8	-0.0161772	0.0247599	0.0295762
114	-0.0158174	0.0240523	0.0287872
114.2	-0.0154977	0.0233232	0.0280027
114.4	-0.0152196	0.022575	0.0272262
114.6	-0.0149843	0.0218101	0.0264615
114.8	-0.014793	0.0210315	0.025713
115	-0.0146468	0.0202418	0.0249852
115.2	-0.0145464	0.019444	0.0242831
115.4	-0.0144924	0.0186413	0.023612
115.6	-0.0144853	0.0178366	0.0229776
115.8	-0.0145253	0.0170334	0.0223857
116	-0.0146123	0.0162346	0.0218423
116.2	-0.0147462	0.0154438	0.0213532
116.4	-0.0149265	0.0146641	0.0209245
116.6	-0.0151524	0.0138988	0.0205615
116.8	-0.0154232	0.0131512	0.020269
117	-0.0157376	0.0124244	0.0200509
117.2	-0.0160943	0.0117215	0.0199102
117.4	-0.0164917	0.0110455	0.0198489
117.6	-0.0169279	0.0103993	0.0198671
117.8	-0.0174011	0.00978579	0.019964
118	-0.0179092	0.00920735	0.0201374
118.2	-0.0184496	0.00866645	0.0203837
118.4	-0.0190199	0.00816547	0.0206986
118.6	-0.0196176	0.00770639	0.021077
118.8	-0.02024	0.00729087	0.0215131
119	-0.0208838	0.00692071	0.0220007
119.2	-0.0215463	0.00659734	0.0225337
119.4	-0.0222245	0.00632194	0.0231062
119.6	-0.0229154	0.00609541	0.0237122
119.8	-0.0236156	0.00591837	0.024346
120	-0.024322	0.00579135	0.025002
120.2	-0.0250313	0.00571464	0.0256753
120.4	-0.0257402	0.00568823	0.0263612
120.6	-0.0264456	0.00571189	0.0270554
120.8	-0.0271443	0.00578518	0.027754
121	-0.0278331	0.00590738	0.0284531
121.2	-0.0285089	0.00607752	0.0291495
121.4	-0.0291688	0.00629444	0.0298402
121.6	-0.0298099	0.00655682	0.0305225
121.8	-0.0304295	0.00686315	0.0311939
122	-0.0310248	0.00721172	0.031852
122.2	-0.0315932	0.00760055	0.0324946
122.4	-0.032132	0.00802727	0.0331195
122.6	-0.0326394	0.00848965	0.0337254
122.8	-0.0331132	0.00898542	0.0343107
123	-0.0335513	0.00951189	0.0348736
123.2	-0.0339522	0.0100661	0.0354129
123.4	-0.0343143	0.0106455	0.0359277
123.6	-0.0346362	0.0112471	0.0364165
123.8	-0.034917	0.0118676	0.0368786
124	-0.0351557	0.0125043	0.0373132
124.2	-0.0353516	0.0131539	0.0377194
124.4	-0.0355043	0.0138132	0.0380967
124.6	-0.0356136	0.0144793	0.0384445
124.8	-0.0356796	0.0151488	0.0387623
125	-0.0357024	0.0158189	0.0390499
125.2	-0.0356824	0.0164865	0.039307
125.4	-0.0356204	0.0171486	0.0395333
125.6	-0.0355171	0.0178023	0.0397289
125.8	-0.0353736	0.018445	0.0398938
126	-0.0351911	0.019074	0.0400279
126.2	-0.0349709	0.0196868	0.0401315
126.4	-0.0347146	0.0202811	0.0402048
126.6	-0.0344237	0.0208546	0.0402481
126.8	-0.0341001	0.0214054	0.0402617
127	-0.0337456	0.0219314	0.0402461
127.2	-0.0333621	0.0224312	0.0402018
127.4	-0.0329516	0.022903	0.0401293
127.6	-0.0325163	0.0233456	0.0400291
127.8	-0.0320582	0.0237577	0.0399018
128	-0.0315793	0.0241383	0.0397481
128.2	-0.031082	0.0244865	0.0395687
128.4	-0.0305681	0.0248016	0.0393641
128.6	-0.03004	0.025083	0.0391351
128.8	-0.0294995	0.0253302	0.0388824
129	-0.0289489	0.0255429	0.0386067
129.2	-0.02839	0.0257209	0.0383087
129.4	-0.0278248	0.0258641	0.037989
129.6	-0.0272552	0.0259723	0.0376485
129.8	-0.0266831	0.0260458	0.0372876
130	-0.0261102	0.0260845	0.0369073
130.2	-0.0255384	0.0260888	0.036508
130.4	-0.0249694	0.0260588	0.0360906
130.6	-0.0244047	0.025995	0.0356557
130.8	-0.0238462	0.0258975	0.035204
131	-0.0232953	0.025767	0.0347363
131.2	-0.0227538	0.0256038	0.0342533
131.4	-0.0222231	0.0254085	0.0337558
131.6	-0.0217048	0.0251816	0.0332447
131.8	-0.0212005	0.0249239	0.0327209
132	-0.0207117	0.024636	0.0321855
132.2	-0.0202399	0.0243186	0.0316394
132.4	-0.0197868	0.0239728	0.0310839
132.6	-0.0193537	0.0235994	0.0305204
132.8	-0.0189423	0.0231995	0.0299504
133	-0.0185541	0.0227741	0.0293754
133.2	-0.0181904	0.0223247	0.0287973
133.4	-0.0178528	0.0218525	0.028218
133.6	-0.0175427	0.0213592	0.0276399
133.8	-0.0172614	0.0208462	0.0270651
134	-0.0170102	0.0203154	0.0264965
134.2	-0.0167904	0.0197686	0.0259368
134.4	-0.0166029	0.0192079	0.025389
134.6	-0.016449	0.0186354	0.0248565
134.8	-0.0163293	0.0180534	0.0243428
135	-0.0162447	0.0174642	0.0238514
135.2	-0.0161958	0.0168703	0.0233861
135.4	-0.0161829	0.0162741	0.0229507
135.6	-0.0162064	0.0156785	0.0225491
135.8	-0.0162663	0.0150859	0.022185
136	-0.0163624	0.014499	0.0218621
136.2	-0.0164946	0.0139207	0.0215837
136.4	-0.0166622	0.0133535	0.0213529
136.6	-0.0168644	0.0128002	0.021172
136.8	-0.0171005	0.0122634	0.0210433
137	-0.0173693	0.0117456	0.0209679
137.2	-0.0176695	0.0112492	0.0209465
137.4	-0.0179994	0.0107768	0.020979
137.6	-0.0183578	0.0103304	0.0210647
137.8	-0.0187425	0.00991206	0.0212021
138	-0.0191515	0.00952388	0.0213889
138.2	-0.0195829	0.00916764	0.0216226
138.4	-0.0200346	0.00884485	0.0219001
138.6	-0.020504	0.00855685	0.0222179
138.8	-0.0209888	0.00830489	0.0225721
139	-0.0214864	0.00809003	0.022959
139.2	-0.0219943	0.00791305	0.0233745
139.4	-0.02251	0.00777456	0.0238148
139.6	-0.0230309	0.00767493	0.0242761
139.8	-0.0235543	0.00761432	0.0247545
140	-0.0240777	0.00759271	0.0252464
140.2	-0.0245983	0.00760986	0.0257486
140.4	-0.0251138	0.00766534	0.0262575
140.6	-0.0256215	0.00775853	0.0267704
140.8	-0.0261189	0.00788862	0.0272842
141	-0.0266039	0.00805462	0.0277965
141.2	-0.027074	0.00825538	0.0283046
141.4	-0.027527	0.00848956	0.0288064
141.6	-0.0279608	0.00875563	0.0292996
141.8	-0.0283734	0.00905187	0.0297823
142	-0.0287632	0.00937651	0.0302529
142.2	-0.0291284	0.00972773	0.0307098
142.4	-0.0294675	0.0101036	0.0311514
142.6	-0.0297789	0.0105018	0.0315764
142.8	-0.0300615	0.01092	0.0319835
143	-0.0303143	0.0113562	0.0323716
143.2	-0.0305365	0.011808	0.03274
143.4	-0.030727	0.0122729	0.0330874
143.6	-0.0308856	0.0127485	0.0334132
143.8	-0.0310119	0.0132323	0.0337169
144	-0.0311055	0.013722	0.0339977
144.2	-0.0311665	0.0142151	0.0342552
144.4	-0.031195	0.0147091	0.0344889
144.6	-0.0311914	0.0152018	0.0346987
144.8	-0.0311561	0.0156908	0.0348841
145	-0.0310897	0.0161738	0.0350451
145.2	-0.030993	0.0166488	0.0351817
145.4	-0.0308669	0.0171137	0.0352937
145.6	-0.0307124	0.0175664	0.0353812
145.8	-0.0305307	0.0180052	0.0354445
146	-0.0303231	0.0184283	0.0354836
146.2	-0.0300908	0.018834	0.0354989
146.4	-0.0298353	0.0192209	0.0354906
146.6	-0.0295581	0.0195876	0.0354592
146.8	-0.0292607	0.0199329	0.0354049
147	-0.0289448	0.0202556	0.0353284
147.2	-0.028612	0.0205549	0.03523
147.4	-0.028264	0.0208299	0.0351104
147.6	-0.0279024	0.0210798	0.03497
147.8	-0.0275288	0.0213042	0.0348096
148	-0.027145	0.0215025	0.0346296
148.2	-0.0267527	0.0216743	0.0344308
148.4	-0.0263533	0.0218195	0.0342138
148.6	-0.0259485	0.0219378	0.0339793
148.8	-0.02554	0.0220293	0.033728
149	-0.0251291	0.0220939	0.0334606
149.2	-0.0247174	0.0221317	0.0331777
149.4	-0.0243063	0.022143	0.0328802
149.6	-0.0238972	0.0221279	0.0325687
149.8	-0.0234916	0.0220868	0.0322441
150	-0.0230906	0.02202	0.031907
150.2	-0.0226956	0.021928	0.0315583
150.4	-0.0223079	0.0218111	0.0311989
150.6	-0.0219287	0.02167	0.0308295
150.8	-0.0215591	0.0215051	0.030451
151	-0.0212004	0.0213171	0.0300645
151.2	-0.0208537	0.0211066	0.029671
151.4	-0.0205201	0.0208743	0.0292714
151.6	-0.0202008	0.0206211	0.028867
151.8	-0.0198969	0.0203477	0.028459
152	-0.0196093	0.0200551	0.0280487
152.2	-0.0193393	0.0197441	0.0276376
152.4	-0.0190877	0.0194159	0.0272272
152.6	-0.0188557	0.0190716	0.0268191
152.8	-0.0186441	0.0187124	0.0264151
153	-0.018454	0.0183395	0.026017
153.2	-0.018286	0.0179544	0.0256269
153.4	-0.0181412	0.0175585	0.0252469
153.6	-0.0180202	0.0171533	0.024879
153.8	-0.0179237	0.0167405	0.0245256
154	-0.0178522	0.0163219	0.0241889
154.2	-0.0178062	0.015899	0.0238713
154.4	-0.0177862	0.0154739	0.0235752
154.6	-0.0177922	0.0150484	0.0233028
154.8	-0.0178246	0.0146245	0.0230563
155	-0.0178832	0.0142041	0.0228378
155.2	-0.0179679	0.0137893	0.0226492
155.4	-0.0180783	0.013382	0.0224923
155.6	-0.0182142	0.0129843	0.0223685
155.8	-0.0183748	0.012598	0.0222787
156	-0.0185593	0.0122252	0.0222239
156.2	-0.018767	0.0118677	0.0222046
156.4	-0.0189969	0.0115273	0.0222207
156.6	-0.0192476	0.0112056	0.0222719
156.8	-0.019518	0.0109044	0.0223575
157	-0.0198066	0.010625	0.0224765
157.2	-0.0201118	0.010369	0.0226275
157.4	-0.0204322	0.0101374	0.0228088
157.6	-0.020766	0.0099314	0.0230187
157.8	-0.0211114	0.00975189	0.0232549
158	-0.0214664	0.00959967	0.0235151
158.2	-0.0218292	0.00947538	0.023797
158.4	-0.0221979	0.00937948	0.0240982
158.6	-0.0225705	0.00931225	0.0244161
158.8	-0.0229451	0.00927383	0.0247484
159	-0.0233196	0.00926418	0.0250924
159.2	-0.0236922	0.00928311	0.025446
159.4	-0.0240609	0.00933027	0.0258066
159.6	-0.0244237	0.00940515	0.026172
159.8	-0.024779	0.00950711	0.0265402
160	-0.0251248	0.00963536	0.026909
160.2	-0.0254594	0.00978897	0.0272765
160.4	-0.0257813	0.00996687	0.0276408
160.6	-0.0260888	0.0101679	0.0280002
160.8	-0.0263806	0.0103907	0.0283532
161	-0.0266553	0.0106339	0.0286982
161.2	-0.0269118	0.0108962	0.029034
161.4	-0.0271488	0.0111759	0.0293591
161.6	-0.0273654	0.0114714	0.0296725
161.8	-0.0275606	0.011781	0.0299729
162	-0.0277337	0.0121029	0.0302595
162.2	-0.0278842	0.0124354	0.0305314
162.4	-0.0280116	0.0127767	0.0307879
162.6	-0.0281155	0.0131249	0.0310281
162.8	-0.0281956	0.0134783	0.0312515
163	-0.0282518	0.0138349	0.0314575
163.2	-0.0282844	0.0141931	0.0316457
163.4	-0.0282933	0.0145509	0.0318157
163.6	-0.0282788	0.0149067	0.0319672
163.8	-0.0282414	0.0152588	0.0321
164	-0.0281817	0.0156054	0.0322139
164.2	-0.0281001	0.0159451	0.0323088
164.4	-0.0279974	0.0162764	0.0323848
164.6	-0.0278744	0.0165977	0.0324417
164.8	-0.0277321	0.0169077	0.0324798
165	-0.0275713	0.0172052	0.0324992
165.2	-0.0273932	0.017489	0.0325
165.4	-0.0271988	0.017758	0.0324826
165.6	-0.0269892	0.0180112	0.0324472
165.8	-0.0267656	0.0182478	0.0323941
166	-0.0265293	0.018467	0.0323239
166.2	-0.0262815	0.018668	0.0322369
166.4	-0.0260235	0.0188504	0.0321335
166.6	-0.0257565	0.0190136	0.0320143
166.8	-0.0254818	0.0191573	0.0318798
167	-0.0252006	0.019281	0.0317306
167.2	-0.0249143	0.0193846	0.0315672
167.4	-0.024624	0.0194681	0.0313902
167.6	-0.024331	0.0195312	0.0312004
167.8	-0.0240364	0.019574	0.0309982
168	-0.0237415	0.0195966	0.0307845
168.2	-0.0234473	0.0195991	0.0305598
168.4	-0.023155	0.0195818	0.0303249
168.6	-0.0228656	0.0195449	0.0300806
168.8	-0.0225803	0.0194887	0.0298275
169	-0.0222999	0.0194136	0.0295665
169.2	-0.0220256	0.0193201	0.0292983
169.4	-0.0217582	0.0192084	0.0290238
169.6	-0.0214986	0.0190793	0.0287438
169.8	-0.0212478	0.0189332	0.0284593
170	-0.0210066	0.0187706	0.0281711
170.2	-0.0207758	0.0185923	0.0278803
170.4	-0.0205564	0.018399	0.0275878
170.6	-0.0203489	0.0181913	0.0272947
170.8	-0.0201543	0.01797	0.0270021
171	-0.0199732	0.017736	0.0267113
171.2	-0.0198063	0.0174901	0.0264233
171.4	-0.0196543	0.0172333	0.0261396
171.6	-0.0195179	0.0169665	0.0258614
171.8	-0.0193975	0.0166909	0.02559
172	-0.0192938	0.0164074	0.0253269
172.2	-0.0192072	0.0161173	0.0250736
172.4	-0.0191383	0.0158217	0.0248314
172.6	-0.0190872	0.0155218	0.0246018
172.8	-0.0190545	0.0152191	0.0243863
173	-0.0190402	0.0149148	0.0241863
173.2	-0.0190445	0.0146103	0.0240032
173.4	-0.0190676	0.014307	0.0238383
173.6	-0.0191094	0.0140063	0.0236927
173.8	-0.0191697	0.0137096	0.0235676
174	-0.0192484	0.0134185	0.023464
174.2	-0.0193451	0.0131344	0.0233826
174.4	-0.0194595	0.0128586	0.0233242
174.6	-0.0195911	0.0125926	0.0232891
174.8	-0.0197391	0.0123377	0.0232777
175	-0.0199029	0.0120952	0.0232899
175.2	-0.0200816	0.0118664	0.0233256
175.4	-0.0202744	0.0116524	0.0233844
175.6	-0.0204803	0.0114544	0.0234658
175.8	-0.0206982	0.0112733	0.0235691
176	-0.0209269	0.01111	0.0236932
176.2	-0.0211652	0.0109653	0.023837
176.4	-0.0214118	0.01084	0.0239994
176.6	-0.0216654	0.0107346	0.024179
176.8	-0.0219247	0.0106495	0.0243742
177	-0.0221881	0.0105852	0.0245837
177.2	-0.0224545	0.0105418	0.0248059
177.4	-0.0227222	0.0105194	0.025039
177.6	-0.0229899	0.0105179	0.0252816
177.8	-0.0232561	0.0105373	0.025532
178	-0.0235195	0.0105772	0.0257885
178.2	-0.0237787	0.0106374	0.0260496
178.4	-0.0240323	0.0107172	0.0263137
178.6	-0.0242791	0.010816	0.0265793
178.8	-0.0245178	0.0109333	0.0268451
179	-0.0247472	0.0110681	0.0271095
179.2	-0.0249662	0.0112196	0.0273713
179.4	-0.0251737	0.0113869	0.0276293
179.6	-0.0253688	0.0115688	0.0278821
179.8	-0.0255505	0.0117643	0.0281288
180	-0.0257182	0.0119723	0.0283683
180.2	-0.025871	0.0121914	0.0285997
180.4	-0.0260084	0.0124206	0.028822
180.6	-0.0261297	0.0126584	0.0290344
180.8	-0.0262345	0.0129036	0.0292362
181	-0.0263225	0.0131548	0.0294265
181.2	-0.0263934	0.0134107	0.029605
181.4	-0.0264471	0.0136698	0.029771
181.6	-0.0264835	0.013931	0.029924
181.8	-0.0265026	0.0141928	0.0300637
182	-0.0265046	0.0144539	0.0301895
182.2	-0.0264896	0.0147131	0.0303013
182.4	-0.0264579	0.014969	0.0303989
182.6	-0.0264101	0.0152205	0.030482
182.8	-0.0263464	0.0154664	0.0305506
183	-0.0262674	0.0157055	0.0306046
183.2	-0.0261738	0.0159369	0.030644
183.4	-0.0260661	0.0161595	0.0306688
183.6	-0.0259451	0.0163724	0.0306791
183.8	-0.0258116	0.0165747	0.0306751
184	-0.0256664	0.0167656	0.030657
184.2	-0.0255104	0.0169443	0.030625
184.4	-0.0253444	0.0171104	0.0305795
184.6	-0.0251693	0.0172631	0.0305206
184.8	-0.0249862	0.0174019	0.0304489
185	-0.0247958	0.0175265	0.0303646
185.2	-0.0245993	0.0176364	0.0302683
185.4	-0.0243976	0.0177315	0.0301603
185.6	-0.0241916	0.0178114	0.0300413
185.8	-0.0239822	0.0178761	0.0299116
186	-0.0237706	0.0179254	0.0297718
186.2	-0.0235575	0.0179594	0.0296226
186.4	-0.023344	0.0179781	0.0294644
186.6	-0.0231308	0.0179816	0.029298
186.8	-0.022919	0.0179701	0.0291239
187	-0.0227092	0.0179437	0.0289428
187.2	-0.0225025	0.0179028	0.0287554
187.4	-0.0222995	0.0178476	0.0285623
187.6	-0.0221011	0.0177784	0.0283642
187.8	-0.0219079	0.0176957	0.028162
188	-0.0217208	0.0175999	0.0279562
188.2	-0.0215404	0.0174915	0.0277478
188.4	-0.0213673	0.0173708	0.0275374
188.6	-0.0212022	0.0172386	0.0273259
188.8	-0.0210458	0.0170953	0.0271141
189	-0.0208984	0.0169415	0.0269028
189.2	-0.0207608	0.016778	0.0266929
189.4	-0.0206334	0.0166052	0.0264853
189.6	-0.0205167	0.0164241	0.0262809
189.8	-0.0204112	0.0162352	0.0260806
190	-0.0203172	0.0160394	0.0258854
190.2	-0.0202352	0.0158375	0.0256961
190.4	-0.0201655	0.0156303	0.0255138
190.6	-0.0201084	0.0154186	0.0253393
190.8	-0.0200642	0.0152034	0.0251737
191	-0.0200329	0.0149856	0.0250178
191.2	-0.0200149	0.0147662	0.0248725
191.4	-0.0200103	0.0145461	0.0247387
191.6	-0.0200191	0.0143264	0.0246172
191.8	-0.0200413	0.014108	0.0245089
192	-0.0200768	0.0138919	0.0244144
192.2	-0.0201255	0.0136792	0.0243342
192.4	-0.0201872	0.0134709	0.024269
192.6	-0.0202616	0.013268	0.0242193
192.8	-0.0203485	0.0130716	0.0241853
193	-0.0204474	0.0128826	0.0241673
193.2	-0.0205579	0.012702	0.0241654
193.4	-0.0206794	0.0125306	0.0241796
193.6	-0.0208113	0.0123694	0.0242098
193.8	-0.020953	0.0122192	0.0242557
194	-0.0211038	0.0120807	0.0243169
194.2	-0.0212628	0.0119548	0.0243931
194.4	-0.0214293	0.0118419	0.0244835
194.6	-0.0216023	0.0117427	0.0245876
194.8	-0.0217811	0.0116576	0.0247045
195	-0.0219645	0.0115871	0.0248335
195.2	-0.0221518	0.0115314	0.0249735
195.4	-0.0223418	0.0114909	0.0251236
195.6	-0.0225335	0.0114655	0.0252828
195.8	-0.022726	0.0114555	0.02545
196	-0.0229182	0.0114607	0.0256241
196.2	-0.0231091	0.011481	0.025804
196.4	-0.0232978	0.0115162	0.0259886
196.6	-0.0234831	0.011566	0.0261769
196.8	-0.0236643	0.01163	0.0263677
197	-0.0238403	0.0117079	0.02656
197.2	-0.0240103	0.0117989	0.0267528
197.4	-0.0241735	0.0119026	0.026945
197.6	-0.0243291	0.0120183	0.0271357
197.8	-0.0244762	0.0121453	0.0273239
198	-0.0246143	0.0122828	0.0275087
198.2	-0.0247426	0.01243	0.0276894
198.4	-0.0248607	0.0125859	0.027865
198.6	-0.024968	0.0127498	0.0280349
198.8	-0.025064	0.0129207	0.0281983
199	-0.0251484	0.0130975	0.0283547
199.2	-0.0252209	0.0132795	0.0285033
199.4	-0.0252813	0.0134655	0.0286437
199.6	-0.0253293	0.0136546	0.0287754
199.8	-0.0253649	0.0138459	0.0288978
200	-0.025388	0.0140383	0.0290107
200.2	-0.0253986	0.0142308	0.0291136
200.4	-0.0253968	0.0144224	0.0292063
200.6	-0.0253828	0.0146123	0.0292884
200.8	-0.0253569	0.0147995	0.0293598
201	-0.0253192	0.0149832	0.0294203
201.2	-0.0252701	0.0151624	0.0294699
201.4	-0.0252099	0.0153363	0.0295084
201.6	-0.0251392	0.0155043	0.0295358
201.8	-0.0250584	0.0156654	0.0295521
202	-0.0249679	0.0158191	0.0295574
202.2	-0.0248685	0.0159647	0.0295518
202.4	-0.0247606	0.0161016	0.0295355
202.6	-0.0246448	0.0162292	0.0295085
202.8	-0.0245219	0.0163471	0.0294712
203	-0.0243926	0.0164548	0.0294238
203.2	-0.0242575	0.016552	0.0293665
203.4	-0.0241172	0.0166383	0.0292998
203.6	-0.0239727	0.0167136	0.0292238
203.8	-0.0238245	0.0167775	0.0291391
204	-0.0236734	0.0168299	0.0290461
204.2	-0.0235202	0.0168707	0.0289451
204.4	-0.0233655	0.0169	0.0288367
204.6	-0.0232101	0.0169176	0.0287213
204.8	-0.0230546	0.0169236	0.0285994
205	-0.0228999	0.0169182	0.0284716
205.2	-0.0227465	0.0169014	0.0283383
205.4	-0.0225952	0.0168735	0.0282003
205.6	-0.0224465	0.0168347	0.028058
205.8	-0.022301	0.0167853	0.0279121
206	-0.0221595	0.0167256	0.0277631
206.2	-0.0220224	0.0166559	0.0276117
206.4	-0.0218904	0.0165766	0.0274586
206.6	-0.0217638	0.0164881	0.0273043
206.8	-0.0216433	0.0163909	0.0271495
207	-0.0215292	0.0162854	0.0269949
207.2	-0.0214221	0.0161722	0.0268411
207.4	-0.0213223	0.0160516	0.0266889
207.6	-0.0212302	0.0159244	0.0265388
207.8	-0.0211462	0.015791	0.0263916
208	-0.0210705	0.0156521	0.0262479
208.2	-0.0210035	0.0155082	0.0261085
208.4	-0.0209455	0.01536	0.0259738
208.6	-0.0208965	0.0152081	0.0258447
208.8	-0.0208569	0.0150532	0.0257217
209	-0.0208267	0.014896	0.0256055
209.2	-0.0208061	0.0147372	0.0254966
209.4	-0.0207951	0.0145775	0.0253957
209.6	-0.0207939	0.0144176	0.0253033
209.8	-0.0208024	0.0142582	0.0252198
210	-0.0208205	0.0141001	0.0251457
210.2	-0.0208482	0.0139439	0.0250815
210.4	-0.0208854	0.0137905	0.0250275
210.6	-0.0209317	0.0136404	0.0249839
210.8	-0.0209871	0.0134945	0.0249511
211	-0.0210513	0.0133534	0.0249293
211.2	-0.0211239	0.0132179	0.0249185
211.4	-0.0212046	0.0130885	0.0249188
211.6	-0.0212932	0.0129659	0.0249302
211.8	-0.021389	0.0128508	0.0249526
212	-0.0214916	0.0127436	0.0249857
212.2	-0.0216005	0.0126449	0.0250295
212.4	-0.0217152	0.0125551	0.0250835
212.6	-0.0218351	0.0124748	0.0251474
212.8	-0.0219595	0.0124043	0.0252207
213	-0.0220878	0.0123439	0.025303
213.2	-0.0222194	0.012294	0.0253938
213.4	-0.0223536	0.0122547	0.0254923
213.6	-0.0224897	0.0122262	0.0255981
213.8	-0.022627	0.0122086	0.0257105
214	-0.0227647	0.0122019	0.0258287
214.2	-0.0229023	0.0122062	0.025952
214.4	-0.0230389	0.0122213	0.0260797
214.6	-0.0231739	0.0122471	0.0262111
214.8	-0.0233066	0.0122835	0.0263454
215	-0.0234364	0.01233	0.0264819
215.2	-0.0235625	0.0123864	0.0266199
215.4	-0.0236844	0.0124525	0.0267585
215.6	-0.0238015	0.0125276	0.0268971
215.8	-0.0239133	0.0126114	0.027035
216	-0.0240191	0.0127033	0.0271715
216.2	-0.0241185	0.0128029	0.0273059
216.4	-0.024211	0.0129094	0.0274377
216.6	-0.0242964	0.0130224	0.0275662
216.8	-0.0243741	0.0131412	0.0276909
217	-0.0244439	0.013265	0.0278112
217.2	-0.0245055	0.0133933	0.0279267
217.4	-0.0245586	0.0135254	0.0280368
217.6	-0.0246032	0.0136605	0.0281412
217.8	-0.0246391	0.0137979	0.0282394
218	-0.0246661	0.0139369	0.0283311
218.2	-0.0246842	0.0140769	0.028416
218.4	-0.0246935	0.014217	0.0284937
218.6	-0.0246939	0.0143566	0.028564
218.8	-0.0246857	0.0144951	0.0286267
219	-0.0246688	0.0146317	0.0286816
219.2	-0.0246436	0.0147657	0.0287286
219.4	-0.0246102	0.0148967	0.0287675
219.6	-0.0245688	0.0150239	0.0287983
219.8	-0.0245199	0.0151468	0.028821
220	-0.0244636	0.0152649	0.0288355
220.2	-0.0244004	0.0153776	0.0288418
220.4	-0.0243306	0.0154844	0.02884
220.6	-0.0242547	0.015585	0.0288302
220.8	-0.024173	0.0156788	0.0288125
221	-0.0240861	0.0157656	0.028787
221.2	-0.0239943	0.0158449	0.0287539
221.4	-0.0238983	0.0159165	0.0287135
221.6	-0.0237985	0.0159802	0.0286659
221.8	-0.0236955	0.0160357	0.0286115
222	-0.0235897	0.0160828	0.0285504
222.2	-0.0234817	0.0161214	0.0284831
222.4	-0.023372	0.0161515	0.0284098
222.6	-0.0232611	0.0161729	0.028331
222.8	-0.0231497	0.0161857	0.0282469
223	-0.0230382	0.0161899	0.028158
223.2	-0.0229272	0.0161855	0.0280647
223.4	-0.0228171	0.0161727	0.0279674
223.6	-0.0227084	0.0161516	0.0278666
223.8	-0.0226018	0.0161223	0.0277627
224	-0.0224975	0.0160851	0.0276563
224.2	-0.0223962	0.0160403	0.0275477
224.4	-0.0222981	0.015988	0.0274376
224.6	-0.0222039	0.0159286	0.0273264
224.8	-0.0221137	0.0158623	0.0272146
225	-0.0220282	0.0157897	0.0271027
225.2	-0.0219475	0.015711	0.0269912
225.4	-0.021872	0.0156266	0.0268807
225.6	-0.0218021	0.0155369	0.0267717
225.8	-0.0217379	0.0154425	0.0266647
226	-0.0216798	0.0153437	0.0265602
226.2	-0.0216281	0.015241	0.0264587
226.4	-0.0215827	0.0151349	0.0263606
226.6	-0.0215441	0.015026	0.0262665
226.8	-0.0215122	0.0149146	0.0261768
227	-0.0214873	0.0148014	0.0260919
227.2	-0.0214693	0.0146869	0.0260123
227.4	-0.0214585	0.0145716	0.0259383
227.6	-0.0214546	0.014456	0.0258704
227.8	-0.0214579	0.0143407	0.0258088
228	-0.0214681	0.0142262	0.0257539
228.2	-0.0214853	0.014113	0.0257059
228.4	-0.0215092	0.0140016	0.025665
228.6	-0.0215399	0.0138927	0.0256315
228.8	-0.0215771	0.0137866	0.0256055
229	-0.0216206	0.0136839	0.0255871
229.2	-0.0216702	0.0135851	0.0255763
229.4	-0.0217256	0.0134905	0.0255733
229.6	-0.0217865	0.0134008	0.025578
229.8	-0.0218528	0.0133162	0.0255903
230	-0.0219239	0.0132373	0.0256102
230.2	-0.0219996	0.0131642	0.0256374
230.4	-0.0220794	0.0130975	0.0256718
230.6	-0.022163	0.0130373	0.0257132
230.8	-0.0222499	0.0129839	0.0257612
231	-0.0223397	0.0129377	0.0258156
231.2	-0.022432	0.0128987	0.0258761
231.4	-0.0225262	0.0128672	0.0259421
231.6	-0.0226219	0.0128432	0.0260135
231.8	-0.0227187	0.0128269	0.0260896
232	-0.0228159	0.0128183	0.0261701
232.2	-0.0229133	0.0128173	0.0262545
232.4	-0.0230102	0.0128239	0.0263424
232.6	-0.0231061	0.0128382	0.0264332
232.8	-0.0232007	0.0128598	0.0265264
233	-0.0232935	0.0128887	0.0266215
233.2	-0.023384	0.0129247	0.0267181
233.4	-0.0234717	0.0129675	0.0268157
233.6	-0.0235564	0.0130169	0.0269136
233.8	-0.0236375	0.0130726	0.0270116
234	-0.0237148	0.0131342	0.027109
234.2	-0.0237878	0.0132013	0.0272054
234.4	-0.0238562	0.0132737	0.0273004
234.6	-0.0239198	0.0133508	0.0273935
234.8	-0.0239784	0.0134322	0.0274843
235	-0.0240315	0.0135176	0.0275724
235.2	-0.0240791	0.0136064	0.0276575
235.4	-0.024121	0.0136982	0.0277392
235.6	-0.024157	0.0137925	0.0278171
235.8	-0.024187	0.0138887	0.027891
236	-0.0242109	0.0139865	0.0279605
236.2	-0.0242288	0.0140853	0.0280255
236.4	-0.0242404	0.0141846	0.0280856
236.6	-0.024246	0.0142839	0.0281406
236.8	-0.0242454	0.0143827	0.0281905
237	-0.0242388	0.0144806	0.0282349
237.2	-0.0242264	0.0145771	0.0282738
237.4	-0.0242081	0.0146717	0.0283071
237.6	-0.0241842	0.0147641	0.0283347
237.8	-0.0241548	0.0148537	0.0283565
238	-0.0241202	0.0149403	0.0283725
238.2	-0.0240806	0.0150233	0.0283826
238.4	-0.0240362	0.0151025	0.028387
238.6	-0.0239873	0.0151775	0.0283856
238.8	-0.0239341	0.015248	0.0283785
239	-0.023877	0.0153137	0.0283658
239.2	-0.0238163	0.0153743	0.0283476
239.4	-0.0237523	0.0154296	0.028324
239.6	-0.0236854	0.0154795	0.0282951
239.8	-0.0236159	0.0155236	0.0282611
240	-0.0235441	0.0155619	0.0282223
240.2	-0.0234705	0.0155942	0.0281788
240.4	-0.0233954	0.0156205	0.0281308
240.6	-0.0233191	0.0156406	0.0280787
240.8	-0.0232422	0.0156546	0.0280226
241	-0.0231648	0.0156624	0.0279628
241.2	-0.0230875	0.015664	0.0278997
241.4	-0.0230105	0.0156595	0.0278335
241.6	-0.0229343	0.0156489	0.0277646
241.8	-0.0228592	0.0156324	0.0276933
242	-0.0227856	0.0156101	0.0276199
242.2	-0.0227138	0.0155821	0.0275448
242.4	-0.0226441	0.0155486	0.0274684
242.6	-0.0225768	0.0155099	0.027391
242.8	-0.0225123	0.0154661	0.0273131
243	-0.0224509	0.0154174	0.0272349
243.2	-0.0223928	0.0153643	0.0271569
243.4	-0.0223382	0.0153068	0.0270794
243.6	-0.0222875	0.0152454	0.0270029
243.8	-0.0222408	0.0151804	0.0269276
244	-0.0221983	0.015112	0.026854
244.2	-0.0221603	0.0150407	0.0267825
244.4	-0.0221268	0.0149668	0.0267133
244.6	-0.022098	0.0148907	0.0266469
244.8	-0.0220741	0.0148127	0.0265835
245	-0.022055	0.0147333	0.0265235
245.2	-0.022041	0.0146528	0.0264671
245.4	-0.0220319	0.0145716	0.0264147
245.6	-0.0220279	0.0144901	0.0263665
245.8	-0.0220289	0.0144088	0.0263227
246	-0.0220349	0.0143279	0.0262835
246.2	-0.0220458	0.0142479	0.0262492
246.4	-0.0220615	0.0141692	0.0262198
246.6	-0.0220821	0.0140922	0.0261955
246.8	-0.0221072	0.0140171	0.0261765
247	-0.0221368	0.0139444	0.0261627
247.2	-0.0221707	0.0138745	0.0261542
247.4	-0.0222087	0.0138075	0.026151
247.6	-0.0222507	0.0137439	0.0261532
247.8	-0.0222963	0.013684	0.0261606
248	-0.0223454	0.0136279	0.0261732
248.2	-0.0223977	0.013576	0.0261909
248.4	-0.0224529	0.0135285	0.0262136
248.6	-0.0225107	0.0134856	0.026241
248.8	-0.0225708	0.0134474	0.0262731
249	-0.022633	0.0134142	0.0263096
249.2	-0.0226969	0.013386	0.0263502
249.4	-0.0227621	0.013363	0.0263948
249.6	-0.0228285	0.0133452	0.026443
249.8	-0.0228955	0.0133327	0.0264947
