# Time	U	V	U_magnitude
0	-1.18948e-28	1.91364e-28	2.2532e-28
0.2	-0.00086745	7.38837e-05	0.000870591
0.4	-0.0117732	4.99067e-05	0.0117733
0.6	-0.0114521	0.000426845	0.0114601
0.8	-0.00737842	0.000951868	0.00743956
1	-0.00784912	0.00041094	0.00785987
1.2	-0.0129391	0.00103824	0.0129807
1.4	-0.0139191	0.00222095	0.0140952
1.6	-0.0111697	0.00228979	0.0114019
1.8	-0.0109257	0.00194024	0.0110966
2	-0.0142532	0.00280916	0.0145274
2.2	-0.0155634	0.00426032	0.016136
2.4	-0.0140918	0.00469531	0.0148534
2.6	-0.0141313	0.00449666	0.0148295
2.8	-0.0163294	0.0054921	0.0172282
3	-0.0177275	0.00727094	0.0191606
3.2	-0.0174505	0.00801581	0.0192034
3.4	-0.0176369	0.00814863	0.0194284
3.6	-0.0192916	0.00930021	0.0214164
3.8	-0.0207715	0.0111886	0.0235932
4	-0.0211515	0.012328	0.024482
4.2	-0.0216503	0.0128629	0.0251831
4.4	-0.0230258	0.014158	0.0270303
4.6	-0.0244759	0.0161681	0.0293338
4.8	-0.025339	0.0176713	0.0308924
5	-0.0260857	0.0186564	0.0320707
5.2	-0.0273182	0.0201821	0.0339647
5.4	-0.0287635	0.0223276	0.0364124
5.6	-0.0298855	0.0242054	0.0384583
5.8	-0.0308162	0.0256849	0.0401168
6	-0.0319945	0.0275131	0.0421974
6.2	-0.0333826	0.0298696	0.044795
6.4	-0.0346162	0.0321436	0.0472386
6.6	-0.0356459	0.034138	0.0493562
6.8	-0.0367605	0.0363525	0.0516995
7	-0.0380458	0.0390012	0.0544846
7.2	-0.039256	0.041694	0.0572663
7.4	-0.0402713	0.0442192	0.059809
7.6	-0.0412753	0.0468807	0.0624615
7.8	-0.042383	0.0498899	0.0654623
8	-0.0434416	0.0530197	0.0685438
8.2	-0.0443222	0.0560704	0.0714727
8.4	-0.0451277	0.0592099	0.0744468
8.6	-0.0459697	0.062628	0.0776883
8.8	-0.0467634	0.0662221	0.081069
9	-0.047401	0.069861	0.084424
9.2	-0.0479451	0.0736947	0.0879184
9.4	-0.0484976	0.0779923	0.0918412
9.6	-0.0490208	0.0828739	0.0962866
9.8	-0.0494203	0.0884005	0.101277
10	-0.0496909	0.0947645	0.107002
10.2	-0.0498515	0.102173	0.113686
10.4	-0.0498167	0.110607	0.121308
10.6	-0.0494481	0.119831	0.129633
10.8	-0.0486827	0.129595	0.138437
11	-0.0475208	0.139663	0.147526
11.2	-0.0459345	0.14971	0.156599
11.4	-0.0438808	0.159341	0.165273
11.6	-0.0413819	0.168237	0.173251
11.8	-0.0385186	0.176204	0.180365
12	-0.0353559	0.183076	0.186459
12.2	-0.0319335	0.188685	0.191368
12.4	-0.0283199	0.192943	0.195011
12.6	-0.0246141	0.195884	0.197424
12.8	-0.0208924	0.197578	0.198679
13	-0.0171941	0.198098	0.198842
13.2	-0.0135603	0.197568	0.198033
13.4	-0.0100439	0.196184	0.196441
13.6	-0.00667385	0.19415	0.194265
13.8	-0.00344384	0.191638	0.191669
14	-0.000344119	0.188813	0.188814
14.2	0.00262399	0.185848	0.185866
14.4	0.00547249	0.182879	0.182961
14.6	0.00823165	0.179987	0.180175
14.8	0.010928	0.177214	0.177551
15	0.0135691	0.174596	0.175122
15.2	0.0161621	0.17214	0.172897
15.4	0.0187207	0.169819	0.170848
15.6	0.0212521	0.167594	0.168936
15.8	0.0237464	0.165432	0.167128
16	0.0261938	0.163304	0.165392
16.2	0.0285893	0.161169	0.163685
16.4	0.0309278	0.158991	0.161971
16.6	0.0331922	0.156749	0.160224
16.8	0.0353699	0.154432	0.15843
17	0.0374551	0.152023	0.156569
17.2	0.0394407	0.149513	0.154628
17.4	0.0413178	0.146904	0.152603
17.6	0.0430773	0.144199	0.150495
17.8	0.0447169	0.1414	0.148302
18	0.0462367	0.138513	0.146026
18.2	0.047632	0.135545	0.143671
18.4	0.0488989	0.132508	0.141243
18.6	0.0500394	0.129409	0.138746
18.8	0.051056	0.126253	0.136186
19	0.0519472	0.123052	0.133567
19.2	0.052713	0.119813	0.130896
19.4	0.0533565	0.116543	0.128176
19.6	0.0538793	0.113247	0.12541
19.8	0.0542815	0.109932	0.122603
20	0.0545645	0.106604	0.119757
20.2	0.0547313	0.103269	0.116876
20.4	0.0547838	0.0999292	0.113961
20.6	0.0547222	0.0965904	0.111015
20.8	0.0545474	0.0932568	0.108038
21	0.054262	0.0899312	0.105033
21.2	0.0538672	0.0866168	0.102001
21.4	0.0533633	0.083318	0.0989421
21.6	0.0527514	0.0800381	0.0958583
21.8	0.0520333	0.0767792	0.0927497
22	0.0512104	0.0735443	0.0896173
22.2	0.0502829	0.0703373	0.0864622
22.4	0.0492523	0.0671615	0.0832854
22.6	0.0481205	0.0640199	0.0800882
22.8	0.0468884	0.0609161	0.076872
23	0.0455574	0.057854	0.073638
23.2	0.0441291	0.0548369	0.070388
23.4	0.0426062	0.0518684	0.0671239
23.6	0.0409902	0.0489523	0.0638477
23.8	0.0392831	0.046093	0.0605618
24	0.0374878	0.0432943	0.057269
24.2	0.0356073	0.0405603	0.0539723
24.4	0.0336442	0.0378949	0.050675
24.6	0.0316022	0.0353028	0.0473813
24.8	0.0294845	0.0327879	0.0440952
25	0.0272954	0.0303543	0.0408219
25.2	0.0250388	0.0280065	0.0375673
25.4	0.0227189	0.0257483	0.0343384
25.6	0.0203407	0.0235842	0.0311442
25.8	0.017909	0.0215176	0.0279954
26	0.0154293	0.0195528	0.0249073
26.2	0.0129065	0.0176935	0.0219006
26.4	0.0103471	0.0159427	0.0190061
26.6	0.00775657	0.0143043	0.016272
26.8	0.0051417	0.0127812	0.0137767
27	0.0025089	0.0113758	0.0116492
27.2	-0.000134766	0.0100908	0.0100917
27.4	-0.00278129	0.00892846	0.00935163
27.6	-0.00542487	0.00789049	0.00957544
27.8	-0.00805919	0.00697784	0.0106602
28	-0.0106781	0.00619159	0.0123433
28.2	-0.0132761	0.00553229	0.0143826
28.4	-0.0158471	0.00499998	0.0166171
28.6	-0.0183857	0.00459412	0.018951
28.8	-0.0208863	0.00431408	0.0213272
29	-0.0233433	0.0041585	0.0237108
29.2	-0.0257518	0.00412599	0.0260803
29.4	-0.0281062	0.00421466	0.0284205
29.6	-0.0304018	0.00442222	0.0307217
29.8	-0.0326333	0.00474644	0.0329767
30	-0.0347963	0.00518419	0.0351803
30.2	-0.0368858	0.00573274	0.0373287
30.4	-0.0388977	0.00638836	0.0394188
30.6	-0.0408276	0.00714821	0.0414486
30.8	-0.0426704	0.0080071	0.0434152
31	-0.0444229	0.00896171	0.0453178
31.2	-0.0460814	0.0100076	0.0471556
31.4	-0.0476424	0.0111407	0.0489276
31.6	-0.0491019	0.0123561	0.0506327
31.8	-0.0504568	0.0136484	0.0522701
32	-0.0517046	0.0150132	0.0538402
32.2	-0.0528422	0.0164456	0.0553421
32.4	-0.0538667	0.0179395	0.0567754
32.6	-0.0547765	0.0194904	0.0581407
32.8	-0.0555686	0.0210923	0.059437
33	-0.0562416	0.0227392	0.0606646
33.2	-0.0567935	0.0244262	0.0618235
33.4	-0.057223	0.0261464	0.0629134
33.6	-0.0575288	0.0278941	0.0639347
33.8	-0.0577097	0.0296627	0.0648867
34	-0.0577653	0.031446	0.0657699
34.2	-0.0576947	0.0332371	0.0665837
34.4	-0.057498	0.0350296	0.0673282
34.6	-0.0571752	0.0368163	0.0680032
34.8	-0.0567268	0.0385904	0.0686086
35	-0.0561534	0.0403447	0.0691441
35.2	-0.0554564	0.042072	0.0696094
35.4	-0.0546371	0.0437648	0.070004
35.6	-0.0536974	0.0454159	0.0703279
35.8	-0.0526396	0.0470177	0.0705804
36	-0.0514664	0.0485629	0.0707612
36.2	-0.0501806	0.0500444	0.0708698
36.4	-0.0487858	0.0514545	0.0709057
36.6	-0.047286	0.0527861	0.0708685
36.8	-0.0456855	0.0540321	0.0707575
37	-0.0439891	0.0551853	0.0705723
37.2	-0.0422021	0.0562389	0.0703124
37.4	-0.0403302	0.0571863	0.0699771
37.6	-0.0383797	0.0580209	0.0695659
37.8	-0.0363573	0.0587366	0.0690785
38	-0.0342704	0.0593275	0.0685144
38.2	-0.0321266	0.0597882	0.067873
38.4	-0.0299343	0.0601136	0.0671543
38.6	-0.0277023	0.0602989	0.0663579
38.8	-0.02544	0.0603403	0.0654839
39	-0.0231572	0.0602341	0.0645322
39.2	-0.0208641	0.0599776	0.0635029
39.4	-0.0185716	0.0595686	0.0623965
39.6	-0.0162905	0.0590056	0.0612131
39.8	-0.0140323	0.0582881	0.0599534
40	-0.0118086	0.0574164	0.0586182
40.2	-0.00963084	0.0563915	0.057208
40.4	-0.00751106	0.0552158	0.0557243
40.6	-0.00546117	0.0538917	0.0541677
40.8	-0.00349268	0.0524236	0.0525398
41	-0.00161779	0.0508159	0.0508416
41.2	0.000152432	0.0490742	0.0490744
41.4	0.00180624	0.0472051	0.0472396
41.6	0.00333343	0.045216	0.0453387
41.8	0.00472446	0.0431149	0.0433729
42	0.0059693	0.0409108	0.0413439
42.2	0.00705957	0.0386132	0.0392533
42.4	0.00798717	0.0362326	0.0371025
42.6	0.00874429	0.0337801	0.0348936
42.8	0.00932412	0.0312672	0.0326279
43	0.0097205	0.0287062	0.0303074
43.2	0.00992854	0.0261103	0.0279343
43.4	0.00994389	0.0234928	0.0255107
43.6	0.00976312	0.0208679	0.0230388
43.8	0.00938385	0.0182501	0.0205213
44	0.00880511	0.0156546	0.017961
44.2	0.0080264	0.0130978	0.0153615
44.4	0.00704905	0.0105952	0.0127258
44.6	0.0058759	0.00816347	0.0100582
44.8	0.00451164	0.00581982	0.00736377
45	0.00296184	0.00358165	0.00464765
45.2	0.0012348	0.00146662	0.00191722
45.4	-0.000659631	-0.0005086	0.000832939
45.6	-0.00270895	-0.00232699	0.00357117
45.8	-0.00489981	-0.00397436	0.00630902
46	-0.00721695	-0.0054378	0.00903626
46.2	-0.00964493	-0.00670379	0.0117459
46.4	-0.0121653	-0.00776146	0.0144303
46.6	-0.0147593	-0.00860123	0.0170827
46.8	-0.0174078	-0.00921506	0.0196964
47	-0.020091	-0.00959558	0.0222648
47.2	-0.0227868	-0.00973796	0.0247804
47.4	-0.0254738	-0.00963957	0.0272366
47.6	-0.0281302	-0.00929955	0.0296275
47.8	-0.0307341	-0.00871932	0.031947
48	-0.0332626	-0.00790129	0.0341882
48.2	-0.0356956	-0.00685078	0.0363471
48.4	-0.038012	-0.00557575	0.0384188
48.6	-0.0401908	-0.00408658	0.040398
48.8	-0.0422124	-0.00239413	0.0422802
49	-0.0440587	-0.000513535	0.0440617
49.2	-0.0457124	0.00153921	0.0457383
49.4	-0.0471575	0.00374492	0.047306
49.6	-0.0483808	0.0060833	0.0487618
49.8	-0.0493703	0.0085323	0.0501022
50	-0.0501163	0.0110685	0.051324
50.2	-0.0506116	0.0136675	0.0524246
50.4	-0.0508517	0.016304	0.0534015
50.6	-0.0508348	0.0189522	0.0542528
50.8	-0.050562	0.0215863	0.0549771
51	-0.0500373	0.0241804	0.0555736
51.2	-0.049268	0.0267097	0.0560424
51.4	-0.048264	0.0291502	0.0563839
51.6	-0.0470382	0.0314793	0.0565998
51.8	-0.0456059	0.0336764	0.0566922
52	-0.0439848	0.0357232	0.056664
52.2	-0.0421944	0.0376037	0.056519
52.4	-0.0402555	0.0393047	0.0562616
52.6	-0.0381902	0.0408162	0.0558968
52.8	-0.0360204	0.0421307	0.0554298
53	-0.0337685	0.0432437	0.0548665
53.2	-0.031456	0.0441537	0.0542128
53.4	-0.0291036	0.044861	0.0534746
53.6	-0.0267305	0.0453686	0.0526576
53.8	-0.0243545	0.0456806	0.0517673
54	-0.0219916	0.0458028	0.0508087
54.2	-0.0196562	0.0457416	0.0497861
54.4	-0.0173611	0.045504	0.0487034
54.6	-0.0151174	0.0450972	0.0475636
54.8	-0.0129348	0.0445284	0.0463691
55	-0.0108222	0.0438045	0.0451216
55.2	-0.00878745	0.042932	0.0438221
55.4	-0.00683781	0.0419167	0.0424707
55.6	-0.00498012	0.0407644	0.0410675
55.8	-0.00322162	0.0394804	0.0396117
56	-0.00156937	0.0380697	0.0381021
56.2	-3.06406e-05	0.0365374	0.0365374
56.4	0.00138661	0.0348887	0.0349162
56.6	0.00267455	0.0331285	0.0332363
56.8	0.00382523	0.0312636	0.0314967
57	0.00482967	0.0293	0.0296954
57.2	0.00567784	0.0272459	0.0278312
57.4	0.00636111	0.0251109	0.0259041
57.6	0.00687017	0.0229056	0.0239137
57.8	0.00719495	0.0206406	0.0218587
58	0.00732583	0.0183309	0.0197405
58.2	0.00725556	0.0159927	0.0175616
58.4	0.00697762	0.0136438	0.0153245
58.6	0.00648691	0.011304	0.0130331
58.8	0.00577956	0.00899425	0.0106911
59	0.00485549	0.0067365	0.00830398
59.2	0.00371692	0.00455506	0.00587912
59.4	0.0023689	0.00247499	0.00342597
59.6	0.000819929	0.000521805	0.000971887
59.8	-0.000917503	-0.00128028	0.0015751
60	-0.00282778	-0.002908	0.0040562
60.2	-0.00489084	-0.00434015	0.0065389
60.4	-0.00708587	-0.0055573	0.00900518
60.6	-0.00938663	-0.00654173	0.0114413
60.8	-0.0117667	-0.00728052	0.0138369
61	-0.014199	-0.00776173	0.016182
61.2	-0.0166527	-0.00797699	0.0184647
61.4	-0.0190971	-0.00792313	0.0206755
61.6	-0.0215017	-0.00760042	0.0228055
61.8	-0.0238363	-0.00701324	0.0248466
62	-0.0260705	-0.00616975	0.0267906
62.2	-0.0281772	-0.00508156	0.0286317
62.4	-0.0301305	-0.0037657	0.0303649
62.6	-0.0319057	-0.00224174	0.0319844
62.8	-0.0334825	-0.000532856	0.0334867
63	-0.0348426	0.00133461	0.0348682
63.2	-0.0359722	0.00333185	0.0361261
63.4	-0.0368605	0.00542852	0.0372581
63.6	-0.0375013	0.00759349	0.0382623
63.8	-0.0378921	0.00979534	0.0391377
64	-0.0380349	0.012003	0.0398839
64.2	-0.0379354	0.0141863	0.0405012
64.4	-0.0376034	0.016317	0.040991
64.6	-0.037052	0.0183687	0.0413553
64.8	-0.0362975	0.0203179	0.0415972
65	-0.0353588	0.022144	0.0417205
65.2	-0.0342569	0.0238298	0.04173
65.4	-0.0330142	0.0253618	0.0416312
65.6	-0.0316542	0.02673	0.0414304
65.8	-0.0302005	0.0279283	0.0411347
66	-0.0286762	0.0289542	0.0407514
66.2	-0.0271037	0.0298084	0.0402884
66.4	-0.0255037	0.0304946	0.0397537
66.6	-0.023895	0.0310188	0.0391553
66.8	-0.0222941	0.0313894	0.0385009
67	-0.0207151	0.0316158	0.0377978
67.2	-0.0191694	0.0317083	0.0370525
67.4	-0.017666	0.0316776	0.0362707
67.6	-0.0162115	0.0315341	0.0354572
67.8	-0.0148104	0.0312874	0.0346157
68	-0.0134653	0.0309463	0.0337489
68.2	-0.0121778	0.0305183	0.0328583
68.4	-0.0109484	0.0300093	0.0319441
68.6	-0.00977714	0.0294243	0.0310061
68.8	-0.00866405	0.0287662	0.0300426
69	-0.00760952	0.0280374	0.0290517
69.2	-0.00661463	0.027239	0.0280306
69.4	-0.00568136	0.0263713	0.0269764
69.6	-0.00481283	0.0254346	0.0258859
69.8	-0.00401328	0.0244289	0.0247564
70	-0.00328833	0.0233546	0.023585
70.2	-0.00264387	0.0222129	0.0223697
70.4	-0.00208763	0.0210062	0.0211097
70.6	-0.00162764	0.0197381	0.0198051
70.8	-0.00127292	0.0184136	0.0184576
71	-0.0010314	0.017037	0.0170682
71.2	-0.000911205	0.0156193	0.0156459
71.4	-0.000920922	0.0141706	0.0142005
71.6	-0.0010676	0.0127029	0.0127477
71.8	-0.00135637	0.0112313	0.0113129
72	-0.00179191	0.00976985	0.00993282
72.2	-0.00237638	0.00833638	0.00866847
72.4	-0.00310948	0.00694974	0.00761366
72.6	-0.00398889	0.00562883	0.00689891
72.8	-0.00500808	0.00439378	0.00666229
73	-0.00615969	0.00326376	0.00697093
73.2	-0.00743057	0.00225727	0.00776587
73.4	-0.00880647	0.00139201	0.00891581
73.6	-0.0102729	0.000683077	0.0102956
73.8	-0.0118071	0.00014403	0.011808
74	-0.0133885	-0.000214219	0.0133902
74.2	-0.0149943	-0.000383844	0.0149993
74.4	-0.0166011	-0.000360514	0.016605
74.6	-0.0181847	-0.000143241	0.0181852
74.8	-0.0197208	0.00026524	0.0197226
75	-0.0211862	0.000858266	0.0212036
75.2	-0.0225571	0.00162568	0.0226156
75.4	-0.023814	0.00255414	0.0239506
75.6	-0.0249387	0.00362758	0.0252012
75.8	-0.025915	0.00482637	0.0263606
76	-0.02673	0.00612936	0.0274238
76.2	-0.027374	0.0075133	0.0283864
76.4	-0.0278406	0.00895409	0.0292451
76.6	-0.0281268	0.0104269	0.0299973
76.8	-0.0282334	0.011907	0.0306415
77	-0.0281644	0.0133704	0.031177
77.2	-0.0279273	0.0147942	0.0316038
77.4	-0.0275325	0.0161574	0.0319234
77.6	-0.0269931	0.0174411	0.0321375
77.8	-0.0263243	0.0186292	0.0322493
78	-0.0255433	0.0197082	0.0322625
78.2	-0.0246683	0.020668	0.0321821
78.4	-0.0237181	0.0215016	0.0320136
78.6	-0.0227121	0.022205	0.0317632
78.8	-0.0216687	0.0227775	0.031438
79	-0.0206057	0.0232212	0.0310454
79.2	-0.0195395	0.0235404	0.0305931
79.4	-0.0184848	0.0237417	0.0300892
79.6	-0.0174544	0.0238335	0.0295414
79.8	-0.0164588	0.0238252	0.0289574
80	-0.0155062	0.023727	0.0283445
80.2	-0.0146026	0.0235491	0.0277092
80.4	-0.013752	0.023302	0.0270573
80.6	-0.0129561	0.022995	0.0263937
80.8	-0.0122153	0.0226367	0.0257223
81	-0.0115287	0.0222348	0.0250459
81.2	-0.0108942	0.0217951	0.0243662
81.4	-0.0103095	0.0213224	0.023684
81.6	-0.00977208	0.0208203	0.0229995
81.8	-0.00927942	0.0202904	0.0223116
82	-0.00882992	0.0197338	0.0216192
82.2	-0.00842254	0.0191505	0.0209208
82.4	-0.00805732	0.0185403	0.0202154
82.6	-0.00773531	0.0179024	0.0195021
82.8	-0.00745854	0.0172363	0.0187808
83	-0.00723017	0.0165419	0.018053
83.2	-0.00705415	0.01582	0.0173215
83.4	-0.00693507	0.015072	0.016591
83.6	-0.0068778	0.0143007	0.0158687
83.8	-0.00688746	0.0135101	0.0151645
84	-0.00696882	0.0127056	0.0144913
84.2	-0.00712636	0.0118939	0.0138654
84.4	-0.00736377	0.0110832	0.0133065
84.6	-0.00768365	0.0102826	0.0128363
84.8	-0.00808731	0.00950237	0.012478
85	-0.0085747	0.00875387	0.0122538
85.2	-0.00914461	0.00804874	0.0121822
85.4	-0.00979323	0.00739847	0.0122737
85.6	-0.010515	0.00681543	0.0125306
85.8	-0.0113031	0.00631134	0.0129458
86	-0.0121491	0.00589659	0.0135045
86.2	-0.0130421	0.00558031	0.0141858
86.4	-0.0139694	0.005371	0.0149664
86.6	-0.0149175	0.00527508	0.0158228
86.8	-0.0158718	0.00529704	0.0167324
87	-0.0168169	0.005439	0.0176746
87.2	-0.0177368	0.00570055	0.0186304
87.4	-0.018616	0.0060783	0.0195832
87.6	-0.0194401	0.00656723	0.0205194
87.8	-0.0201949	0.00716008	0.0214267
88	-0.0208672	0.00784699	0.0222938
88.2	-0.0214453	0.00861513	0.0231111
88.4	-0.0219201	0.00945096	0.0238707
88.6	-0.0222841	0.0103395	0.0245659
88.8	-0.0225324	0.0112643	0.0251911
89	-0.0226625	0.0122085	0.0257417
89.2	-0.0226742	0.0131553	0.0262142
89.4	-0.02257	0.0140879	0.026606
89.6	-0.0223548	0.0149904	0.0269156
89.8	-0.0220356	0.0158478	0.0271426
90	-0.0216213	0.0166467	0.0272873
90.2	-0.0211228	0.0173755	0.0273511
90.4	-0.020552	0.0180246	0.0273362
90.6	-0.0199221	0.0185864	0.027246
90.8	-0.0192469	0.0190558	0.0270845
91	-0.0185402	0.0194304	0.0268566
91.2	-0.0178157	0.0197094	0.026568
91.4	-0.0170864	0.0198947	0.0262249
91.6	-0.0163646	0.0199898	0.025834
91.8	-0.0156612	0.02	0.0254022
92	-0.014986	0.0199318	0.0249371
92.2	-0.0143466	0.0197931	0.0244457
92.4	-0.0137497	0.019592	0.0239354
92.6	-0.0131996	0.0193374	0.0234129
92.8	-0.0126992	0.019038	0.0228848
93	-0.01225	0.0187019	0.0223567
93.2	-0.0118519	0.0183372	0.021834
93.4	-0.0115037	0.017951	0.0213207
93.6	-0.0112031	0.0175492	0.0208203
93.8	-0.0109475	0.0171368	0.0203351
94	-0.0107337	0.0167178	0.019867
94.2	-0.0105588	0.0162952	0.019417
94.4	-0.0104196	0.0158706	0.0189854
94.6	-0.0103136	0.0154451	0.018572
94.8	-0.0102386	0.0150189	0.0181768
95	-0.0101933	0.0145921	0.0177998
95.2	-0.0101771	0.0141642	0.0174412
95.4	-0.0101902	0.0137348	0.0171021
95.6	-0.0102333	0.0133039	0.0167843
95.8	-0.010308	0.0128718	0.0164906
96	-0.010416	0.0124397	0.0162246
96.2	-0.0105594	0.0120091	0.0159912
96.4	-0.0107402	0.0115829	0.015796
96.6	-0.0109603	0.0111644	0.0156452
96.8	-0.0112213	0.0107582	0.0155453
97	-0.011524	0.010369	0.0155022
97.2	-0.0118684	0.0100026	0.0155213
97.4	-0.0122537	0.00966535	0.0156068
97.6	-0.012678	0.0093637	0.015761
97.8	-0.0131386	0.00910414	0.0159846
98	-0.0136314	0.00889295	0.0162758
98.2	-0.0141512	0.00873619	0.0166306
98.4	-0.0146918	0.00863931	0.0170437
98.6	-0.0152464	0.00860679	0.0175079
98.8	-0.0158069	0.00864203	0.018015
99	-0.0163647	0.00874729	0.0185559
99.2	-0.0169108	0.0089236	0.0191209
99.4	-0.0174359	0.00917055	0.0197005
99.6	-0.0179306	0.00948617	0.0202853
99.8	-0.0183859	0.00986692	0.0208661
100	-0.0187926	0.0103074	0.0214337
100.2	-0.0191433	0.0108007	0.02198
100.4	-0.0194313	0.0113393	0.0224979
100.6	-0.0196509	0.0119144	0.0229807
100.8	-0.0197977	0.0125159	0.0234221
101	-0.0198689	0.0131332	0.023817
101.2	-0.0198633	0.0137551	0.024161
101.4	-0.0197814	0.0143708	0.0244504
101.6	-0.019625	0.0149692	0.0246823
101.8	-0.0193979	0.0155397	0.0248548
102	-0.0191051	0.0160725	0.0249666
102.2	-0.018753	0.0165589	0.0250175
102.4	-0.0183492	0.0169913	0.025008
102.6	-0.0179022	0.0173633	0.0249394
102.8	-0.0174211	0.0176702	0.0248139
103	-0.0169155	0.0179086	0.0246344
103.2	-0.0163953	0.0180771	0.0244046
103.4	-0.0158702	0.0181754	0.024129
103.6	-0.0153496	0.0182052	0.0238126
103.8	-0.0148422	0.0181694	0.023461
104	-0.0143559	0.018072	0.0230801
104.2	-0.0138979	0.0179183	0.0226763
104.4	-0.013474	0.0177143	0.0222563
104.6	-0.0130889	0.0174666	0.0218266
104.8	-0.012746	0.017182	0.0213935
105	-0.0124476	0.0168677	0.0209633
105.2	-0.0121949	0.0165305	0.0205419
105.4	-0.0119876	0.0161771	0.0201346
105.6	-0.0118248	0.0158139	0.019746
105.8	-0.0117045	0.0154463	0.01938
106	-0.0116243	0.0150794	0.0190397
106.2	-0.0115815	0.014717	0.0187275
106.4	-0.0115731	0.0143625	0.018445
106.6	-0.0115959	0.0140181	0.0181927
106.8	-0.0116468	0.0136857	0.0179707
107	-0.0117228	0.0133664	0.0177787
107.2	-0.0118214	0.0130608	0.0176162
107.4	-0.0119406	0.0127692	0.0174823
107.6	-0.0120787	0.0124914	0.0173761
107.8	-0.0122346	0.0122273	0.0172972
108	-0.0124076	0.0119769	0.0172451
108.2	-0.0125972	0.0117404	0.01722
108.4	-0.0128034	0.0115182	0.017222
108.6	-0.0130262	0.0113112	0.0172519
108.8	-0.0132658	0.0111207	0.0173104
109	-0.0135221	0.0109482	0.0173985
109.2	-0.0137948	0.0107958	0.017517
109.4	-0.0140832	0.0106661	0.0176664
109.6	-0.0143864	0.0105618	0.0178471
109.8	-0.0147028	0.0104857	0.0180589
110	-0.0150304	0.0104407	0.0183008
110.2	-0.0153663	0.0104295	0.0185714
110.4	-0.0157071	0.0104548	0.0188684
110.6	-0.016049	0.0105184	0.0191887
110.8	-0.0163874	0.0106221	0.0195289
111	-0.0167177	0.0107668	0.0198848
111.2	-0.0170348	0.0109527	0.020252
111.4	-0.0173335	0.0111792	0.0206259
111.6	-0.0176087	0.0114449	0.0210013
111.8	-0.0178551	0.0117474	0.021373
112	-0.0180678	0.0120834	0.021736
112.2	-0.0182419	0.0124487	0.0220848
112.4	-0.0183736	0.0128381	0.0224144
112.6	-0.0184596	0.0132457	0.0227201
112.8	-0.0184975	0.0136654	0.0229978
113	-0.0184859	0.0140904	0.0232437
113.2	-0.0184241	0.0145138	0.0234542
113.4	-0.0183124	0.0149284	0.0236263
113.6	-0.0181523	0.0153268	0.0237574
113.8	-0.0179463	0.0157022	0.0238459
114	-0.017698	0.0160481	0.0238906
114.2	-0.0174116	0.0163587	0.0238908
114.4	-0.0170922	0.0166288	0.0238466
114.6	-0.0167458	0.0168541	0.0237588
114.8	-0.0163785	0.0170312	0.0236287
115	-0.015997	0.017158	0.0234585
115.2	-0.0156082	0.0172332	0.0232508
115.4	-0.0152189	0.0172567	0.0230089
115.6	-0.0148357	0.0172292	0.0227364
115.8	-0.0144651	0.0171528	0.0224379
116	-0.0141129	0.0170303	0.022118
116.2	-0.0137845	0.0168654	0.021782
116.4	-0.0134844	0.0166624	0.0214351
116.6	-0.0132162	0.0164263	0.021083
116.8	-0.0129829	0.0161622	0.020731
117	-0.0127867	0.0158758	0.0203848
117.2	-0.0126286	0.0155725	0.0200495
117.4	-0.0125093	0.0152579	0.0197303
117.6	-0.0124282	0.0149372	0.0194314
117.8	-0.0123844	0.0146153	0.0191567
118	-0.012376	0.0142968	0.0189093
118.2	-0.0124008	0.0139855	0.0186915
118.4	-0.0124561	0.013685	0.018505
118.6	-0.0125392	0.0133983	0.0183507
118.8	-0.0126472	0.0131277	0.0182287
119	-0.0127771	0.0128748	0.0181387
119.2	-0.0129261	0.012641	0.0180798
119.4	-0.0130918	0.0124269	0.0180506
119.6	-0.0132716	0.0122329	0.0180494
119.8	-0.0134632	0.0120592	0.0180743
120	-0.0136646	0.0119058	0.0181237
120.2	-0.0138743	0.0117726	0.0181959
120.4	-0.0140908	0.0116592	0.018289
120.6	-0.0143129	0.0115657	0.0184017
120.8	-0.0145394	0.0114919	0.0185326
121	-0.0147694	0.0114382	0.0186807
121.2	-0.0150021	0.0114046	0.0188448
121.4	-0.0152364	0.0113916	0.0190242
121.6	-0.0154714	0.0113998	0.0192177
121.8	-0.0157057	0.0114297	0.0194244
122	-0.0159379	0.0114818	0.019643
122.2	-0.0161663	0.0115568	0.0198723
122.4	-0.0163889	0.0116553	0.0201108
122.6	-0.0166038	0.0117775	0.0203567
122.8	-0.0168084	0.0119235	0.0206081
123	-0.0170003	0.0120932	0.0208628
123.2	-0.0171769	0.0122858	0.0211184
123.4	-0.0173353	0.0125003	0.0213722
123.6	-0.0174729	0.0127352	0.0216215
123.8	-0.0175868	0.0129883	0.021863
124	-0.0176748	0.0132569	0.022094
124.2	-0.0177347	0.0135381	0.0223114
124.4	-0.0177648	0.0138286	0.0225127
124.6	-0.0177636	0.0141248	0.0226948
124.8	-0.0177302	0.0144225	0.0228554
125	-0.0176642	0.0147174	0.0229919
125.2	-0.0175655	0.0150051	0.023102
125.4	-0.0174351	0.0152809	0.0231838
125.6	-0.0172744	0.0155403	0.0232359
125.8	-0.0170856	0.0157791	0.0232572
126	-0.0168712	0.0159932	0.0232469
126.2	-0.0166344	0.0161792	0.023205
126.4	-0.0163789	0.016334	0.0231315
126.6	-0.0161087	0.016455	0.0230274
126.8	-0.0158282	0.0165404	0.0228936
127	-0.0155418	0.0165888	0.0227318
127.2	-0.0152543	0.0165996	0.0225442
127.4	-0.0149704	0.0165731	0.0223334
127.6	-0.0146947	0.01651	0.0221023
127.8	-0.0144314	0.016412	0.0218545
128	-0.0141848	0.0162813	0.0215937
128.2	-0.0139584	0.0161206	0.0213239
128.4	-0.0137553	0.0159331	0.0210493
128.6	-0.0135782	0.0157226	0.0207742
128.8	-0.0134293	0.0154928	0.020503
129	-0.0133102	0.0152479	0.02024
129.2	-0.0132217	0.0149919	0.0199893
129.4	-0.0131641	0.0147292	0.0197546
129.6	-0.0131371	0.0144638	0.0195393
129.8	-0.0131398	0.0141998	0.0193465
130	-0.0131709	0.0139408	0.0191786
130.2	-0.0132288	0.0136903	0.0190374
130.4	-0.0133114	0.0134512	0.0189243
130.6	-0.0134166	0.0132261	0.0188397
130.8	-0.0135419	0.0130172	0.0187838
131	-0.0136849	0.0128263	0.018756
131.2	-0.013843	0.0126544	0.0187553
131.4	-0.0140137	0.0125025	0.0187803
131.6	-0.0141944	0.0123713	0.018829
131.8	-0.0143827	0.0122611	0.0188996
132	-0.0145763	0.0121718	0.01899
132.2	-0.0147732	0.0121034	0.0190981
132.4	-0.0149716	0.0120555	0.019222
132.6	-0.01517	0.0120277	0.0193596
132.8	-0.0153667	0.0120195	0.0195091
133	-0.0155606	0.0120303	0.0196688
133.2	-0.0157503	0.0120596	0.019837
133.4	-0.0159347	0.0121066	0.0200121
133.6	-0.0161127	0.0121709	0.0201928
133.8	-0.0162832	0.0122519	0.0203777
134	-0.0164451	0.012349	0.0205654
134.2	-0.0165973	0.0124616	0.0207548
134.4	-0.0167386	0.0125892	0.0209445
134.6	-0.016868	0.0127311	0.0211332
134.8	-0.0169843	0.0128864	0.0213196
135	-0.017086	0.0130541	0.0215022
135.2	-0.0171722	0.013233	0.0216794
135.4	-0.0172416	0.0134217	0.0218499
135.6	-0.0172933	0.0136187	0.022012
135.8	-0.0173262	0.0138224	0.0221643
136	-0.0173395	0.0140307	0.0223051
136.2	-0.0173325	0.0142416	0.022433
136.4	-0.0173046	0.0144529	0.0225463
136.6	-0.0172557	0.0146619	0.0226436
136.8	-0.0171858	0.0148661	0.0227234
137	-0.0170952	0.0150628	0.0227845
137.2	-0.0169845	0.0152493	0.0228258
137.4	-0.0168549	0.0154229	0.0228463
137.6	-0.0167077	0.0155809	0.0228453
137.8	-0.0165446	0.0157208	0.0228225
138	-0.0163678	0.0158406	0.0227778
138.2	-0.0161796	0.0159383	0.0227114
138.4	-0.0159825	0.0160122	0.0226237
138.6	-0.0157795	0.0160611	0.0225156
138.8	-0.0155734	0.0160841	0.0223882
139	-0.0153673	0.0160809	0.022243
139.2	-0.0151644	0.0160515	0.0220819
139.4	-0.0149677	0.0159962	0.0219069
139.6	-0.0147802	0.0159162	0.0217205
139.8	-0.0146048	0.0158126	0.0215253
140	-0.014444	0.0156874	0.0213242
140.2	-0.0143002	0.0155426	0.0211203
140.4	-0.0141755	0.0153805	0.0209166
140.6	-0.0140713	0.0152038	0.0207162
140.8	-0.0139891	0.0150155	0.0205221
141	-0.0139295	0.0148184	0.0203375
141.2	-0.013893	0.0146158	0.0201652
141.4	-0.0138798	0.0144107	0.0200079
141.6	-0.0138894	0.0142061	0.0198678
141.8	-0.0139212	0.0140051	0.019747
142	-0.0139741	0.0138104	0.019647
142.2	-0.0140469	0.0136244	0.0195688
142.4	-0.0141378	0.0134496	0.0195133
142.6	-0.0142452	0.0132878	0.0194805
142.8	-0.0143672	0.0131407	0.0194704
143	-0.0145017	0.0130097	0.0194821
143.2	-0.0146465	0.0128957	0.0195146
143.4	-0.0147993	0.0127996	0.0195665
143.6	-0.014958	0.0127219	0.0196364
143.8	-0.0151205	0.0126628	0.0197225
144	-0.0152849	0.0126223	0.0198229
144.2	-0.0154493	0.0126	0.0199359
144.4	-0.015612	0.0125956	0.0200595
144.6	-0.0157715	0.0126084	0.0201919
144.8	-0.0159263	0.0126377	0.0203312
145	-0.0160752	0.0126825	0.0204758
145.2	-0.0162171	0.0127421	0.0206241
145.4	-0.0163508	0.0128154	0.0207745
145.6	-0.0164754	0.0129014	0.0209257
145.8	-0.0165901	0.0129991	0.0210763
146	-0.0166942	0.0131075	0.0212251
146.2	-0.016787	0.0132256	0.021371
146.4	-0.0168678	0.0133521	0.0215129
146.6	-0.0169363	0.0134861	0.0216498
146.8	-0.016992	0.0136264	0.0217809
147	-0.0170345	0.0137718	0.0219052
147.2	-0.0170636	0.0139212	0.0220219
147.4	-0.0170789	0.0140733	0.0221302
147.6	-0.0170802	0.0142267	0.0222291
147.8	-0.0170675	0.0143802	0.0223179
148	-0.0170407	0.0145322	0.0223958
148.2	-0.017	0.0146813	0.022462
148.4	-0.0169455	0.0148259	0.0225157
148.6	-0.0168776	0.0149645	0.0225564
148.8	-0.0167969	0.0150955	0.0225834
149	-0.016704	0.0152174	0.0225963
149.2	-0.0165999	0.0153285	0.0225947
149.4	-0.0164856	0.0154275	0.0225783
149.6	-0.0163622	0.0155129	0.0225471
149.8	-0.0162313	0.0155835	0.0225011
150	-0.0160944	0.0156382	0.0224407
150.2	-0.0159532	0.0156763	0.0223663
150.4	-0.0158096	0.015697	0.0222787
150.6	-0.0156655	0.0156999	0.0221787
150.8	-0.0155228	0.0156848	0.0220674
151	-0.0153835	0.015652	0.0219462
151.2	-0.0152496	0.0156017	0.0218166
151.4	-0.015123	0.0155347	0.0216802
151.6	-0.0150056	0.0154517	0.0215389
151.8	-0.0148989	0.0153541	0.0213945
152	-0.0148046	0.0152432	0.0212493
152.2	-0.014724	0.0151208	0.0211053
152.4	-0.0146581	0.0149885	0.0209646
152.6	-0.0146079	0.0148485	0.0208295
152.8	-0.014574	0.0147027	0.0207019
153	-0.0145567	0.0145533	0.0205839
153.2	-0.0145562	0.0144026	0.0204773
153.4	-0.0145722	0.0142527	0.0203836
153.6	-0.0146044	0.0141057	0.0203042
153.8	-0.014652	0.0139637	0.0202402
154	-0.0147141	0.0138286	0.0201924
154.2	-0.0147895	0.0137021	0.0201613
154.4	-0.0148771	0.0135857	0.020147
154.6	-0.0149754	0.013481	0.0201494
154.8	-0.0150829	0.0133889	0.0201682
155	-0.0151979	0.0133103	0.0202025
155.2	-0.0153187	0.013246	0.0202514
155.4	-0.0154437	0.0131964	0.0203138
155.6	-0.015571	0.0131616	0.0203883
155.8	-0.0156992	0.0131417	0.0204736
156	-0.0158265	0.0131364	0.020568
156.2	-0.0159516	0.0131453	0.0206701
156.4	-0.0160731	0.013168	0.0207783
156.6	-0.0161897	0.0132036	0.0208912
156.8	-0.0163004	0.0132514	0.0210072
157	-0.0164041	0.0133105	0.0211249
157.2	-0.0165	0.0133798	0.0212431
157.4	-0.0165874	0.0134584	0.0213604
157.6	-0.0166656	0.0135451	0.0214758
157.8	-0.0167341	0.013639	0.0215883
158	-0.0167927	0.0137389	0.0216968
158.2	-0.016841	0.0138438	0.0218007
158.4	-0.0168788	0.0139526	0.0218991
158.6	-0.0169061	0.0140642	0.0219913
158.8	-0.0169229	0.0141776	0.0220769
159	-0.0169291	0.0142918	0.0221551
159.2	-0.0169249	0.0144057	0.0222256
159.4	-0.0169104	0.0145184	0.0222878
159.6	-0.016886	0.0146287	0.0223413
159.8	-0.0168519	0.0147357	0.0223859
160	-0.0168085	0.0148384	0.022421
160.2	-0.0167562	0.0149359	0.0224466
160.4	-0.0166956	0.0150271	0.0224624
160.6	-0.0166273	0.0151113	0.0224682
160.8	-0.0165519	0.0151875	0.0224639
161	-0.0164702	0.0152549	0.0224495
161.2	-0.0163831	0.0153127	0.0224251
161.4	-0.0162915	0.0153602	0.0223908
161.6	-0.0161963	0.0153969	0.0223469
161.8	-0.0160987	0.0154223	0.0222938
162	-0.0159998	0.0154359	0.022232
162.2	-0.0159008	0.0154376	0.0221621
162.4	-0.0158029	0.0154273	0.0220847
162.6	-0.0157073	0.015405	0.0220008
162.8	-0.0156154	0.0153709	0.0219113
163	-0.0155282	0.0153254	0.0218173
163.2	-0.015447	0.0152691	0.0217199
163.4	-0.0153728	0.0152026	0.0216205
163.6	-0.0153068	0.0151269	0.0215203
163.8	-0.0152499	0.0150429	0.0214207
164	-0.0152028	0.0149518	0.0213232
164.2	-0.0151662	0.0148548	0.0212292
164.4	-0.0151408	0.0147533	0.0211401
164.6	-0.0151267	0.0146486	0.0210571
164.8	-0.0151243	0.0145424	0.0209815
165	-0.0151335	0.014436	0.0209146
165.2	-0.0151541	0.0143309	0.0208572
165.4	-0.0151859	0.0142287	0.0208103
165.6	-0.0152282	0.0141307	0.0207744
165.8	-0.0152805	0.0140383	0.0207501
166	-0.0153419	0.0139526	0.0207376
166.2	-0.0154115	0.0138748	0.020737
166.4	-0.0154883	0.0138058	0.0207482
166.6	-0.0155712	0.0137465	0.0207708
166.8	-0.0156589	0.0136974	0.0208043
167	-0.0157502	0.0136591	0.020848
167.2	-0.0158439	0.0136318	0.0209011
167.4	-0.0159388	0.0136156	0.0209625
167.6	-0.0160335	0.0136105	0.0210313
167.8	-0.0161269	0.0136163	0.0211064
168	-0.0162179	0.0136326	0.0211865
168.2	-0.0163054	0.013659	0.0212705
168.4	-0.0163885	0.0136948	0.0213572
168.6	-0.0164663	0.0137395	0.0214456
168.8	-0.0165382	0.0137921	0.0215345
169	-0.0166034	0.0138519	0.0216229
169.2	-0.0166615	0.0139181	0.0217099
169.4	-0.0167121	0.0139896	0.0217945
169.6	-0.0167548	0.0140656	0.0218761
169.8	-0.0167894	0.0141451	0.0219538
170	-0.0168159	0.0142273	0.022027
170.2	-0.0168341	0.0143112	0.0220952
170.4	-0.0168443	0.0143959	0.0221579
170.6	-0.0168464	0.0144807	0.0222147
170.8	-0.0168407	0.0145645	0.0222651
171	-0.0168275	0.0146468	0.022309
171.2	-0.016807	0.0147266	0.0223461
171.4	-0.0167796	0.0148033	0.0223762
171.6	-0.0167458	0.0148762	0.0223992
171.8	-0.0167059	0.0149447	0.022415
172	-0.0166605	0.0150081	0.0224236
172.2	-0.0166101	0.0150659	0.0224249
172.4	-0.0165552	0.0151176	0.0224191
172.6	-0.0164964	0.0151627	0.0224062
172.8	-0.0164344	0.0152008	0.0223865
173	-0.0163699	0.0152316	0.0223601
173.2	-0.0163035	0.0152547	0.0223273
173.4	-0.016236	0.0152699	0.0222885
173.6	-0.016168	0.0152771	0.022244
173.8	-0.0161005	0.0152762	0.0221943
174	-0.0160341	0.0152672	0.02214
174.2	-0.0159696	0.0152502	0.0220816
174.4	-0.0159078	0.0152254	0.0220197
174.6	-0.0158494	0.015193	0.0219552
174.8	-0.0157952	0.0151534	0.0218887
175	-0.015746	0.0151071	0.0218211
175.2	-0.0157022	0.0150547	0.0217532
175.4	-0.0156646	0.0149968	0.021686
175.6	-0.0156336	0.0149341	0.0216203
175.8	-0.0156098	0.0148675	0.0215571
176	-0.0155933	0.0147978	0.0214971
176.2	-0.0155846	0.0147259	0.0214414
176.4	-0.0155838	0.0146528	0.0213906
176.6	-0.0155908	0.0145796	0.0213456
176.8	-0.0156056	0.0145071	0.021307
177	-0.0156281	0.0144363	0.0212754
177.2	-0.0156579	0.0143683	0.0212513
177.4	-0.0156946	0.014304	0.021235
177.6	-0.0157378	0.0142441	0.0212267
177.8	-0.0157867	0.0141896	0.0212265
178	-0.0158408	0.0141411	0.0212345
178.2	-0.0158994	0.0140993	0.0212504
178.4	-0.0159615	0.0140645	0.0212739
178.6	-0.0160264	0.0140373	0.0213047
178.8	-0.0160932	0.0140179	0.0213422
179	-0.016161	0.0140063	0.0213858
179.2	-0.0162289	0.0140028	0.0214349
179.4	-0.016296	0.0140071	0.0214886
179.6	-0.0163616	0.0140191	0.0215461
179.8	-0.0164248	0.0140384	0.0216067
180	-0.016485	0.0140647	0.0216695
180.2	-0.0165414	0.0140975	0.0217337
180.4	-0.0165934	0.0141362	0.0217985
180.6	-0.0166407	0.0141803	0.021863
180.8	-0.0166827	0.014229	0.0219266
181	-0.0167192	0.0142817	0.0219886
181.2	-0.0167498	0.0143377	0.0220482
181.4	-0.0167744	0.0143963	0.022105
181.6	-0.0167929	0.0144566	0.0221584
181.8	-0.0168053	0.0145182	0.022208
182	-0.0168117	0.0145801	0.0222534
182.2	-0.0168122	0.0146418	0.0222942
182.4	-0.0168069	0.0147025	0.0223301
182.6	-0.0167961	0.0147618	0.0223611
182.8	-0.01678	0.014819	0.0223868
183	-0.016759	0.0148735	0.0224073
183.2	-0.0167335	0.014925	0.0224224
183.4	-0.0167038	0.0149728	0.0224322
183.6	-0.0166704	0.0150167	0.0224367
183.8	-0.0166336	0.0150563	0.0224359
184	-0.016594	0.0150912	0.02243
184.2	-0.016552	0.0151212	0.0224191
184.4	-0.016508	0.015146	0.0224035
184.6	-0.0164627	0.0151655	0.0223833
184.8	-0.0164164	0.0151796	0.0223588
185	-0.0163698	0.015188	0.0223304
185.2	-0.0163232	0.0151909	0.0222983
185.4	-0.0162773	0.0151882	0.0222628
185.6	-0.0162326	0.0151801	0.0222245
185.8	-0.0161894	0.0151665	0.0221838
186	-0.0161484	0.0151477	0.022141
186.2	-0.0161101	0.015124	0.0220968
186.4	-0.0160747	0.0150955	0.0220516
186.6	-0.0160429	0.0150628	0.022006
186.8	-0.016015	0.015026	0.0219605
187	-0.0159913	0.0149858	0.0219157
187.2	-0.0159722	0.0149426	0.0218722
187.4	-0.0159579	0.0148968	0.0218305
187.6	-0.0159487	0.0148492	0.0217913
187.8	-0.0159446	0.0148003	0.021755
188	-0.0159458	0.0147507	0.0217222
188.2	-0.0159523	0.0147011	0.0216933
188.4	-0.015964	0.0146521	0.0216687
188.6	-0.0159808	0.0146044	0.0216489
188.8	-0.0160025	0.0145585	0.021634
189	-0.0160289	0.0145152	0.0216245
189.2	-0.0160596	0.014475	0.0216203
189.4	-0.0160942	0.0144384	0.0216215
189.6	-0.0161322	0.0144059	0.0216282
189.8	-0.0161733	0.014378	0.0216403
190	-0.0162169	0.0143549	0.0216575
190.2	-0.0162623	0.0143369	0.0216797
190.4	-0.016309	0.0143243	0.0217065
190.6	-0.0163565	0.0143172	0.0217375
190.8	-0.0164041	0.0143156	0.0217722
191	-0.0164511	0.0143194	0.0218102
191.2	-0.0164972	0.0143287	0.021851
191.4	-0.0165416	0.014343	0.021894
191.6	-0.0165838	0.0143623	0.0219385
191.8	-0.0166235	0.0143862	0.0219842
192	-0.0166602	0.0144142	0.0220302
192.2	-0.0166934	0.0144461	0.0220762
192.4	-0.016723	0.0144812	0.0221216
192.6	-0.0167485	0.0145192	0.0221658
192.8	-0.01677	0.0145595	0.0222084
193	-0.0167871	0.0146016	0.0222489
193.2	-0.0167999	0.014645	0.022287
193.4	-0.0168082	0.0146891	0.0223223
193.6	-0.0168123	0.0147334	0.0223545
193.8	-0.0168121	0.0147774	0.0223834
194	-0.0168077	0.0148207	0.0224087
194.2	-0.0167995	0.0148627	0.0224304
194.4	-0.0167875	0.014903	0.0224482
194.6	-0.016772	0.0149414	0.0224621
194.8	-0.0167534	0.0149773	0.0224721
195	-0.0167319	0.0150105	0.0224782
195.2	-0.0167078	0.0150407	0.0224805
195.4	-0.0166815	0.0150676	0.022479
195.6	-0.0166534	0.0150911	0.0224739
195.8	-0.0166237	0.015111	0.0224653
196	-0.0165929	0.015127	0.0224533
196.2	-0.0165613	0.0151393	0.0224383
196.4	-0.0165294	0.0151476	0.0224203
196.6	-0.0164974	0.015152	0.0223997
196.8	-0.0164657	0.0151525	0.0223767
197	-0.0164347	0.0151492	0.0223517
197.2	-0.0164047	0.0151421	0.0223248
197.4	-0.0163761	0.0151314	0.0222965
197.6	-0.0163492	0.0151171	0.0222671
197.8	-0.0163243	0.0150996	0.022237
198	-0.0163017	0.0150791	0.0222064
198.2	-0.0162816	0.0150558	0.0221758
198.4	-0.0162642	0.0150299	0.0221455
198.6	-0.0162499	0.0150019	0.022116
198.8	-0.0162388	0.014972	0.0220875
199	-0.0162309	0.0149407	0.0220605
199.2	-0.0162265	0.0149082	0.0220353
199.4	-0.0162256	0.0148751	0.0220122
199.6	-0.0162282	0.0148417	0.0219916
199.8	-0.0162343	0.0148085	0.0219737
200	-0.0162439	0.0147758	0.0219588
200.2	-0.0162569	0.0147441	0.0219471
200.4	-0.0162731	0.0147139	0.0219388
200.6	-0.0162923	0.0146854	0.021934
200.8	-0.0163144	0.0146591	0.0219328
201	-0.016339	0.0146353	0.0219353
201.2	-0.0163659	0.0146144	0.0219413
201.4	-0.0163947	0.0145965	0.0219509
201.6	-0.0164251	0.0145819	0.021964
201.8	-0.0164567	0.0145709	0.0219803
202	-0.0164891	0.0145634	0.0219996
202.2	-0.0165219	0.0145597	0.0220218
202.4	-0.0165548	0.0145597	0.0220465
202.6	-0.0165873	0.0145635	0.0220733
202.8	-0.016619	0.0145708	0.0221021
203	-0.0166496	0.0145817	0.0221322
203.2	-0.0166788	0.0145959	0.0221635
203.4	-0.0167061	0.0146133	0.0221955
203.6	-0.0167313	0.0146335	0.0222278
203.8	-0.0167542	0.0146563	0.02226
204	-0.0167745	0.0146813	0.0222918
204.2	-0.016792	0.0147083	0.0223228
204.4	-0.0168066	0.0147369	0.0223526
204.6	-0.0168183	0.0147667	0.022381
204.8	-0.0168269	0.0147973	0.0224077
205	-0.0168325	0.0148284	0.0224324
205.2	-0.016835	0.0148595	0.0224549
205.4	-0.0168345	0.0148904	0.022475
205.6	-0.0168312	0.0149207	0.0224926
205.8	-0.0168251	0.01495	0.0225075
206	-0.0168165	0.0149781	0.0225197
206.2	-0.0168054	0.0150047	0.0225292
206.4	-0.0167922	0.0150295	0.0225358
206.6	-0.016777	0.0150523	0.0225397
206.8	-0.01676	0.0150729	0.0225408
207	-0.0167416	0.0150911	0.0225393
207.2	-0.016722	0.0151068	0.0225353
207.4	-0.0167014	0.0151198	0.0225288
207.6	-0.0166801	0.0151302	0.02252
207.8	-0.0166584	0.0151379	0.0225091
208	-0.0166366	0.0151428	0.0224962
208.2	-0.0166149	0.0151449	0.0224816
208.4	-0.0165936	0.0151443	0.0224654
208.6	-0.0165728	0.015141	0.0224479
208.8	-0.016553	0.0151352	0.0224294
209	-0.0165342	0.0151269	0.0224099
209.2	-0.0165168	0.0151164	0.0223899
209.4	-0.0165008	0.0151036	0.0223695
209.6	-0.0164865	0.0150888	0.022349
209.8	-0.0164741	0.0150723	0.0223287
210	-0.0164636	0.0150542	0.0223087
210.2	-0.0164553	0.0150347	0.0222895
210.4	-0.0164492	0.0150142	0.0222711
210.6	-0.0164453	0.0149928	0.0222538
210.8	-0.0164438	0.0149708	0.0222379
211	-0.0164447	0.0149485	0.0222235
211.2	-0.0164479	0.0149262	0.0222109
211.4	-0.0164535	0.0149041	0.0222002
211.6	-0.0164614	0.0148826	0.0221916
211.8	-0.0164714	0.0148618	0.0221852
212	-0.0164836	0.0148421	0.022181
212.2	-0.0164978	0.0148237	0.0221793
212.4	-0.0165137	0.0148069	0.0221799
212.6	-0.0165313	0.0147918	0.0221829
212.8	-0.0165503	0.0147787	0.0221884
213	-0.0165706	0.0147677	0.0221962
213.2	-0.0165918	0.014759	0.0222062
213.4	-0.0166137	0.0147526	0.0222183
213.6	-0.0166361	0.0147487	0.0222325
213.8	-0.0166587	0.0147472	0.0222484
214	-0.0166812	0.0147483	0.022266
214.2	-0.0167035	0.0147519	0.022285
214.4	-0.0167251	0.0147578	0.0223052
214.6	-0.016746	0.0147662	0.0223264
214.8	-0.0167658	0.0147767	0.0223482
215	-0.0167843	0.0147894	0.0223705
215.2	-0.0168014	0.0148039	0.0223929
215.4	-0.0168169	0.0148201	0.0224153
215.6	-0.0168306	0.0148379	0.0224373
215.8	-0.0168424	0.0148569	0.0224588
216	-0.0168523	0.014877	0.0224794
216.2	-0.01686	0.0148978	0.022499
216.4	-0.0168657	0.0149192	0.0225174
216.6	-0.0168694	0.0149408	0.0225345
216.8	-0.0168709	0.0149624	0.02255
217	-0.0168704	0.0149838	0.0225638
217.2	-0.0168679	0.0150047	0.0225758
217.4	-0.0168636	0.015025	0.0225861
217.6	-0.0168575	0.0150443	0.0225944
217.8	-0.0168498	0.0150625	0.0226007
218	-0.0168405	0.0150794	0.0226051
218.2	-0.01683	0.0150949	0.0226076
218.4	-0.0168183	0.0151088	0.0226082
218.6	-0.0168057	0.015121	0.022607
218.8	-0.0167922	0.0151314	0.022604
219	-0.0167782	0.01514	0.0225993
219.2	-0.0167637	0.0151467	0.022593
219.4	-0.0167491	0.0151514	0.0225853
219.6	-0.0167344	0.0151543	0.0225764
219.8	-0.0167199	0.0151552	0.0225662
220	-0.0167057	0.0151542	0.0225551
220.2	-0.0166921	0.0151514	0.0225431
220.4	-0.0166791	0.0151469	0.0225304
220.6	-0.016667	0.0151407	0.0225173
220.8	-0.0166558	0.015133	0.0225038
221	-0.0166457	0.0151238	0.0224902
221.2	-0.0166369	0.0151134	0.0224767
221.4	-0.0166294	0.0151018	0.0224633
221.6	-0.0166233	0.0150893	0.0224504
221.8	-0.0166186	0.0150759	0.0224379
222	-0.0166156	0.0150618	0.0224262
222.2	-0.016614	0.0150473	0.0224154
222.4	-0.0166141	0.0150325	0.0224055
222.6	-0.0166158	0.0150176	0.0223968
222.8	-0.0166191	0.0150028	0.0223893
223	-0.016624	0.0149883	0.0223832
223.2	-0.0166303	0.0149742	0.0223785
223.4	-0.0166381	0.0149608	0.0223753
223.6	-0.0166473	0.0149482	0.0223736
223.8	-0.0166577	0.0149365	0.0223736
224	-0.0166693	0.0149259	0.0223751
224.2	-0.0166819	0.0149165	0.0223783
224.4	-0.0166953	0.0149086	0.022383
224.6	-0.0167096	0.014902	0.0223893
224.8	-0.0167243	0.014897	0.022397
225	-0.0167396	0.0148937	0.0224061
225.2	-0.016755	0.0148919	0.0224165
225.4	-0.0167705	0.0148919	0.0224281
225.6	-0.0167859	0.0148935	0.0224407
225.8	-0.0168011	0.0148967	0.0224541
226	-0.0168158	0.0149016	0.0224684
226.2	-0.0168299	0.014908	0.0224832
226.4	-0.0168433	0.0149158	0.0224984
226.6	-0.0168558	0.014925	0.0225139
226.8	-0.0168673	0.0149355	0.0225294
227	-0.0168776	0.0149471	0.0225448
227.2	-0.0168868	0.0149596	0.02256
227.4	-0.0168947	0.0149729	0.0225747
227.6	-0.0169012	0.0149869	0.0225889
227.8	-0.0169063	0.0150014	0.0226024
228	-0.0169101	0.0150162	0.022615
228.2	-0.0169124	0.0150311	0.0226266
228.4	-0.0169133	0.015046	0.0226372
228.6	-0.0169128	0.0150607	0.0226466
228.8	-0.0169111	0.015075	0.0226548
229	-0.016908	0.0150888	0.0226617
229.2	-0.0169038	0.015102	0.0226674
229.4	-0.0168985	0.0151144	0.0226716
229.6	-0.0168922	0.0151258	0.0226746
229.8	-0.0168851	0.0151362	0.0226762
230	-0.0168772	0.0151455	0.0226765
230.2	-0.0168686	0.0151537	0.0226756
230.4	-0.0168596	0.0151606	0.0226735
230.6	-0.0168502	0.0151661	0.0226703
230.8	-0.0168405	0.0151704	0.022666
231	-0.0168308	0.0151734	0.0226607
231.2	-0.0168211	0.015175	0.0226546
231.4	-0.0168116	0.0151753	0.0226477
231.6	-0.0168023	0.0151743	0.0226402
231.8	-0.0167934	0.0151721	0.0226321
232	-0.0167851	0.0151688	0.0226237
232.2	-0.0167774	0.0151643	0.022615
232.4	-0.0167704	0.0151588	0.0226061
232.6	-0.0167642	0.0151523	0.0225971
232.8	-0.0167588	0.0151451	0.0225883
233	-0.0167544	0.0151371	0.0225797
233.2	-0.016751	0.0151285	0.0225714
233.4	-0.0167487	0.0151194	0.0225635
233.6	-0.0167474	0.0151099	0.0225562
233.8	-0.0167471	0.0151001	0.0225495
234	-0.016748	0.0150903	0.0225436
234.2	-0.0167499	0.0150804	0.0225384
234.4	-0.0167529	0.0150707	0.0225341
234.6	-0.016757	0.0150613	0.0225308
234.8	-0.016762	0.0150522	0.0225285
235	-0.016768	0.0150436	0.0225272
235.2	-0.0167748	0.0150356	0.0225269
235.4	-0.0167825	0.0150282	0.0225278
235.6	-0.0167909	0.0150217	0.0225296
235.8	-0.0167999	0.0150161	0.0225326
236	-0.0168094	0.0150114	0.0225366
236.2	-0.0168194	0.0150076	0.0225416
236.4	-0.0168298	0.015005	0.0225475
236.6	-0.0168403	0.0150034	0.0225544
236.8	-0.016851	0.0150029	0.022562
237	-0.0168616	0.0150036	0.0225704
237.2	-0.0168722	0.0150053	0.0225794
237.4	-0.0168825	0.0150082	0.022589
237.6	-0.0168925	0.0150121	0.0225991
237.8	-0.016902	0.015017	0.0226094
238	-0.016911	0.0150228	0.0226201
238.2	-0.0169194	0.0150295	0.0226308
238.4	-0.0169271	0.0150371	0.0226415
238.6	-0.016934	0.0150453	0.0226522
238.8	-0.0169401	0.0150541	0.0226626
239	-0.0169453	0.0150635	0.0226727
239.2	-0.0169497	0.0150732	0.0226824
239.4	-0.016953	0.0150833	0.0226916
239.6	-0.0169555	0.0150935	0.0227002
239.8	-0.016957	0.0151037	0.0227082
240	-0.0169575	0.0151139	0.0227154
240.2	-0.0169571	0.0151239	0.0227218
240.4	-0.0169559	0.0151337	0.0227273
240.6	-0.0169538	0.0151431	0.022732
240.8	-0.016951	0.0151519	0.0227358
241	-0.0169474	0.0151603	0.0227387
241.2	-0.0169432	0.015168	0.0227407
241.4	-0.0169384	0.0151749	0.0227418
241.6	-0.0169332	0.0151812	0.022742
241.8	-0.0169275	0.0151865	0.0227414
242	-0.0169215	0.0151911	0.02274
242.2	-0.0169153	0.0151947	0.0227378
242.4	-0.016909	0.0151974	0.0227349
242.6	-0.0169027	0.0151993	0.0227314
242.8	-0.0168964	0.0152002	0.0227274
243	-0.0168902	0.0152002	0.0227228
243.2	-0.0168843	0.0151994	0.0227179
243.4	-0.0168786	0.0151978	0.0227126
243.6	-0.0168734	0.0151953	0.0227071
243.8	-0.0168686	0.0151922	0.0227014
244	-0.0168643	0.0151884	0.0226956
244.2	-0.0168606	0.0151839	0.0226899
244.4	-0.0168575	0.0151789	0.0226843
244.6	-0.016855	0.0151735	0.0226788
244.8	-0.0168533	0.0151677	0.0226736
245	-0.0168522	0.0151616	0.0226687
245.2	-0.0168519	0.0151553	0.0226643
245.4	-0.0168523	0.0151488	0.0226603
245.6	-0.0168535	0.0151423	0.0226568
245.8	-0.0168554	0.0151359	0.0226539
246	-0.0168579	0.0151296	0.0226516
246.2	-0.0168612	0.0151235	0.02265
246.4	-0.0168651	0.0151177	0.022649
246.6	-0.0168696	0.0151123	0.0226488
246.8	-0.0168747	0.0151073	0.0226492
247	-0.0168804	0.0151028	0.0226504
247.2	-0.0168864	0.0150989	0.0226523
247.4	-0.0168929	0.0150955	0.0226549
247.6	-0.0168997	0.0150929	0.0226582
247.8	-0.0169067	0.0150909	0.0226621
248	-0.0169139	0.0150896	0.0226666
248.2	-0.0169212	0.0150891	0.0226718
248.4	-0.0169286	0.0150893	0.0226774
248.6	-0.0169359	0.0150902	0.0226835
248.8	-0.0169432	0.0150919	0.02269
249	-0.0169502	0.0150943	0.0226968
249.2	-0.016957	0.0150973	0.0227039
249.4	-0.0169634	0.0151011	0.0227112
249.6	-0.0169695	0.0151054	0.0227187
249.8	-0.0169751	0.0151103	0.0227261
