# Time	U	V	U_magnitude
0	-6.2564e-116	3.09942e-115	3.16194e-115
0.2	-1.45644e-08	1.05231e-08	1.79682e-08
0.4	-0.00240573	0.000137361	0.00240964
0.6	-0.0113527	3.63595e-05	0.0113528
0.8	-0.0127093	0.000176643	0.0127105
1	-0.011335	0.000433343	0.0113432
1.2	-0.00850764	0.000849354	0.00854994
1.4	-0.00638291	0.000827222	0.00643629
1.6	-0.00664048	0.000805662	0.00668918
1.8	-0.0112747	0.00103028	0.0113217
2	-0.0140261	0.00157321	0.0141141
2.2	-0.0150524	0.00193804	0.0151766
2.4	-0.0136013	0.00233337	0.0138
2.6	-0.0102756	0.00245274	0.0105643
2.8	-0.00891506	0.0025021	0.00925952
3	-0.0111081	0.00267986	0.0114268
3.2	-0.014511	0.00305238	0.0148286
3.4	-0.0167776	0.00368628	0.0171778
3.6	-0.0164825	0.00461434	0.0171162
3.8	-0.014089	0.00515081	0.0150011
4	-0.0125159	0.00511358	0.0135202
4.2	-0.0132192	0.00501926	0.0141401
4.4	-0.0154404	0.00530859	0.0163275
4.6	-0.017867	0.00624	0.0189253
4.8	-0.0190153	0.00748767	0.0204364
5	-0.0183356	0.00833346	0.0201405
5.2	-0.016926	0.00859419	0.0189828
5.4	-0.016382	0.00857735	0.0184917
5.6	-0.0175176	0.00867215	0.0195467
5.8	-0.0198941	0.00935508	0.021984
6	-0.0218466	0.0106517	0.024305
6.2	-0.0221596	0.0120169	0.0252082
6.4	-0.0213004	0.0128994	0.0249018
6.6	-0.0206577	0.013083	0.0244521
6.8	-0.0212269	0.0129612	0.0248711
7	-0.0229254	0.0133324	0.0265203
7.2	-0.0247504	0.0145539	0.0287123
7.4	-0.0257879	0.0162288	0.0304695
7.6	-0.0259214	0.0176316	0.0313495
7.8	-0.0256722	0.018278	0.0315142
8	-0.0257959	0.0183552	0.0316598
8.2	-0.0267627	0.0185643	0.0325711
8.4	-0.0283326	0.0194786	0.0343825
8.6	-0.0297847	0.0211079	0.0365058
8.8	-0.0305693	0.022917	0.0382056
9	-0.0307427	0.0242347	0.0391463
9.2	-0.0308914	0.0248256	0.0396306
9.4	-0.0315704	0.0250957	0.0403297
9.6	-0.0327991	0.0257364	0.0416911
9.8	-0.034151	0.0271542	0.0436307
10	-0.03521	0.0291288	0.0456971
10.2	-0.0358789	0.0309986	0.0474153
10.4	-0.0363724	0.032245	0.0486075
10.6	-0.0369883	0.0329175	0.0495146
10.8	-0.0378793	0.0335588	0.0506067
11	-0.03899	0.0347479	0.0522267
11.2	-0.0401276	0.036622	0.0543267
11.4	-0.0411028	0.0387845	0.0565126
11.6	-0.041875	0.0406622	0.058369
11.8	-0.0425719	0.0419708	0.0597822
12	-0.0433593	0.0429255	0.0610133
12.2	-0.0442985	0.0440497	0.0624719
12.4	-0.045317	0.045736	0.0643848
12.6	-0.046303	0.0479383	0.0666487
12.8	-0.0472094	0.0502346	0.0689365
13	-0.0480586	0.0521828	0.0709413
13.2	-0.0488832	0.0536774	0.0726005
13.4	-0.0496993	0.0550122	0.0741374
13.6	-0.0505214	0.0566211	0.0758839
13.8	-0.0513729	0.0587288	0.0780272
14	-0.0522617	0.0611902	0.0804707
14.2	-0.0531572	0.063638	0.0829185
14.4	-0.0540092	0.065804	0.0851303
14.6	-0.054796	0.0677425	0.08713
14.8	-0.055548	0.0697947	0.0892014
15	-0.0563305	0.0723444	0.0916888
15.2	-0.0572011	0.0755664	0.0947747
15.4	-0.0581762	0.0793647	0.0984034
15.6	-0.0592203	0.0835289	0.102392
15.8	-0.0602644	0.0879574	0.106622
16	-0.06125	0.0927665	0.111163
16.2	-0.0621728	0.0982051	0.116231
16.4	-0.0630828	0.104458	0.122028
16.6	-0.0640289	0.111497	0.128574
16.8	-0.0649916	0.119094	0.135673
17	-0.0658712	0.126961	0.143032
17.2	-0.0665469	0.134913	0.150433
17.4	-0.0669574	0.142926	0.157833
17.6	-0.0671297	0.151063	0.165307
17.8	-0.0671351	0.159339	0.172905
18	-0.0670132	0.167635	0.180534
18.2	-0.0667288	0.17572	0.187964
18.4	-0.0661924	0.183348	0.19493
18.6	-0.0653257	0.190355	0.201252
18.8	-0.0641207	0.196699	0.206887
19	-0.0626488	0.202404	0.211878
19.2	-0.0610089	0.207471	0.216255
19.4	-0.0592567	0.211824	0.219956
19.6	-0.0573723	0.215322	0.222835
19.8	-0.0552966	0.217841	0.224749
20	-0.0530045	0.21935	0.225663
20.2	-0.0505516	0.219942	0.225677
20.4	-0.0480506	0.219782	0.224973
20.6	-0.0456005	0.219022	0.223719
20.8	-0.0432301	0.217762	0.222012
21	-0.0409011	0.216058	0.219895
21.2	-0.038563	0.213977	0.217425
21.4	-0.0362083	0.211645	0.21472
21.6	-0.0338854	0.209237	0.211963
21.8	-0.0316607	0.206937	0.209345
22	-0.0295644	0.204873	0.206996
22.2	-0.0275644	0.203092	0.204954
22.4	-0.0255874	0.201568	0.203185
22.6	-0.0235714	0.200255	0.201638
22.8	-0.0215072	0.199132	0.20029
23	-0.0194351	0.198213	0.199163
23.2	-0.0174031	0.19752	0.198285
23.4	-0.0154213	0.197048	0.19765
23.6	-0.013453	0.196735	0.197194
23.8	-0.0114457	0.196487	0.19682
24	-0.00937417	0.196219	0.196442
24.2	-0.00725897	0.19589	0.196025
24.4	-0.00514815	0.195512	0.19558
24.6	-0.0030792	0.195114	0.195138
24.8	-0.00105317	0.194702	0.194705
25	0.000960523	0.194242	0.194245
25.2	0.00299441	0.193677	0.1937
25.4	0.00505426	0.192963	0.193029
25.6	0.0071125	0.192099	0.192231
25.8	0.00912826	0.191124	0.191342
26	0.011078	0.190083	0.190405
26.2	0.0129704	0.188992	0.189436
26.4	0.0148347	0.187829	0.188414
26.6	0.0166947	0.186557	0.187303
26.8	0.0185475	0.185155	0.186081
27	0.0203666	0.183637	0.184763
27.2	0.0221226	0.182044	0.183383
27.4	0.0238048	0.180412	0.181976
27.6	0.0254272	0.178749	0.180549
27.8	0.0270141	0.177032	0.179082
28	0.0285797	0.175231	0.177546
28.2	0.0301165	0.173333	0.17593
28.4	0.0316009	0.17136	0.174249
28.6	0.0330124	0.169346	0.172534
28.8	0.0343467	0.167317	0.170806
29	0.0356191	0.16527	0.169065
29.2	0.0368494	0.163181	0.16729
29.4	0.0380457	0.161024	0.165458
29.6	0.0391985	0.1588	0.163566
29.8	0.040287	0.156528	0.161629
30	0.0412958	0.154238	0.159671
30.2	0.0422266	0.151944	0.157703
30.4	0.0430937	0.149637	0.155718
30.6	0.0439122	0.147292	0.153698
30.8	0.0446856	0.144895	0.151629
31	0.0454028	0.142453	0.149513
31.2	0.046047	0.139987	0.147365
31.4	0.0466083	0.137519	0.145202
31.6	0.047091	0.135054	0.143028
31.8	0.0475093	0.132579	0.140835
32	0.0478752	0.130077	0.138607
32.2	0.0481892	0.12754	0.13634
32.4	0.0484397	0.12498	0.134038
32.6	0.0486128	0.122418	0.131717
32.8	0.0487037	0.119868	0.129385
33	0.0487198	0.117329	0.127042
33.2	0.0486749	0.114788	0.124682
33.4	0.0485779	0.112232	0.122294
33.6	0.0484264	0.109663	0.119879
33.8	0.0482095	0.107094	0.117445
34	0.0479173	0.104543	0.115002
34.2	0.0475496	0.102017	0.112554
34.4	0.0471161	0.0995107	0.110101
34.6	0.0466295	0.0970118	0.107636
34.8	0.0460955	0.0945147	0.105156
35	0.0455099	0.0920255	0.102664
35.2	0.0448627	0.089558	0.100166
35.4	0.0441482	0.0871237	0.0976709
35.6	0.0433699	0.0847241	0.0951794
35.8	0.0425391	0.0823515	0.0926895
36	0.0416664	0.0799976	0.0901981
36.2	0.0407542	0.0776616	0.0877053
36.4	0.0397967	0.0753516	0.0852153
36.6	0.0387861	0.0730789	0.0827338
36.8	0.0377203	0.0708495	0.0802651
37	0.0366062	0.068661	0.0778097
37.2	0.0354548	0.0665058	0.0753662
37.4	0.0342736	0.0643792	0.0729339
37.6	0.0330621	0.0622836	0.0705149
37.8	0.0318139	0.0602272	0.0681134
38	0.0305235	0.0582176	0.0657341
38.2	0.0291928	0.0562563	0.0633797
38.4	0.0278301	0.0543389	0.061051
38.6	0.026445	0.0524595	0.0587481
38.8	0.0250416	0.0506164	0.0564721
39	0.0236169	0.0488136	0.0542266
39.2	0.022165	0.0470579	0.0520166
39.4	0.0206834	0.0453531	0.0498468
39.6	0.0191768	0.0436979	0.0477206
39.8	0.0176537	0.0420877	0.0456402
40	0.0161213	0.0405185	0.0436079
40.2	0.0145801	0.038991	0.0416278
40.4	0.0130259	0.0375093	0.0397067
40.6	0.0114544	0.0360781	0.0378527
40.8	0.00986624	0.0346984	0.0360738
41	0.00826748	0.0333675	0.0343765
41.2	0.00666583	0.0320815	0.0327667
41.4	0.00506492	0.0308387	0.0312518
41.6	0.00346327	0.0296406	0.0298423
41.8	0.0018565	0.028491	0.0285515
42	0.000242745	0.0273923	0.0273933
42.2	-0.00137496	0.0263438	0.0263797
42.4	-0.00299052	0.0253426	0.0255184
42.6	-0.00459899	0.0243862	0.024816
42.8	-0.00619954	0.023474	0.0242789
43	-0.00779557	0.0226084	0.0239146
43.2	-0.00939016	0.0217915	0.0237286
43.4	-0.0109835	0.0210245	0.0237206
43.6	-0.0125716	0.0203058	0.0238824
43.8	-0.0141496	0.0196328	0.0242004
44	-0.0157147	0.0190041	0.0246598
44.2	-0.017268	0.01842	0.0252483
44.4	-0.0188125	0.0178824	0.0259556
44.6	-0.0203499	0.0173927	0.0267699
44.8	-0.0218787	0.0169507	0.0276767
45	-0.0233945	0.0165546	0.0286594
45.2	-0.0248942	0.0162025	0.0297026
45.4	-0.0263768	0.0158936	0.0307952
45.6	-0.027844	0.0156288	0.0319303
45.8	-0.0292979	0.0154094	0.0331031
46	-0.0307386	0.0152358	0.0343073
46.2	-0.0321634	0.0151072	0.0355346
46.4	-0.0335686	0.015022	0.0367765
46.6	-0.0349523	0.0149789	0.0380267
46.8	-0.0363146	0.0149777	0.0392821
47	-0.0376574	0.015019	0.040542
47.2	-0.0389814	0.0151036	0.0418051
47.4	-0.0402851	0.0152313	0.0430684
47.6	-0.0415657	0.0154011	0.0443272
47.8	-0.0428204	0.0156116	0.0455775
48	-0.0440479	0.0158617	0.0468168
48.2	-0.045249	0.0161511	0.0480451
48.4	-0.0464249	0.0164804	0.0492633
48.6	-0.0475751	0.01685	0.0504709
48.8	-0.0486974	0.0172592	0.0516654
49	-0.0497891	0.0177069	0.052844
49.2	-0.0508485	0.0181918	0.0540047
49.4	-0.0518748	0.0187128	0.0551468
49.6	-0.052869	0.0192696	0.0562712
49.8	-0.0538312	0.0198628	0.0573788
50	-0.05476	0.020492	0.0584686
50.2	-0.0556529	0.0211562	0.0595384
50.4	-0.0565078	0.0218535	0.0605863
50.6	-0.0573239	0.0225829	0.0616119
50.8	-0.0581012	0.0233439	0.0626154
51	-0.0588395	0.0241358	0.0635973
51.2	-0.0595384	0.0249582	0.064558
51.4	-0.0601961	0.0258106	0.0654962
51.6	-0.0608105	0.0266912	0.0664103
51.8	-0.0613802	0.0275983	0.0672993
52	-0.0619048	0.0285307	0.068163
52.2	-0.062384	0.0294873	0.0690019
52.4	-0.0628177	0.0304674	0.0698164
52.6	-0.0632047	0.03147	0.0706059
52.8	-0.0635434	0.0324936	0.0713694
53	-0.0638322	0.0335362	0.0721056
53.2	-0.0640703	0.0345957	0.0728139
53.4	-0.0642575	0.0356705	0.0734943
53.6	-0.0643937	0.0367594	0.0741471
53.8	-0.0644783	0.037861	0.0747723
54	-0.0645103	0.0389736	0.0753692
54.2	-0.0644884	0.0400949	0.0759365
54.4	-0.0644117	0.0412226	0.0764734
54.6	-0.0642801	0.0423544	0.0769794
54.8	-0.0640936	0.0434883	0.0774547
55	-0.0638522	0.0446227	0.0778992
55.2	-0.0635555	0.0457555	0.0783127
55.4	-0.0632029	0.0468845	0.0786941
55.6	-0.0627938	0.048007	0.0790426
55.8	-0.0623282	0.0491202	0.0793574
56	-0.0618064	0.0502218	0.0796383
56.2	-0.0612289	0.0513096	0.0798853
56.4	-0.0605961	0.0523816	0.0800982
56.6	-0.0599081	0.0534354	0.0802765
56.8	-0.0591649	0.0544682	0.0804194
57	-0.0583669	0.0554773	0.0805259
57.2	-0.0575147	0.0564598	0.0805956
57.4	-0.0566095	0.0574135	0.0806285
57.6	-0.0556524	0.0583362	0.0806244
57.8	-0.0546441	0.0592256	0.0805832
58	-0.0535856	0.0600791	0.0805041
58.2	-0.0524778	0.060894	0.0803865
58.4	-0.0513219	0.0616675	0.0802297
58.6	-0.0501195	0.0623973	0.0800337
58.8	-0.0488724	0.0630813	0.0797983
59	-0.0475824	0.0637173	0.0795235
59.2	-0.0462512	0.0643032	0.079209
59.4	-0.0448803	0.0648364	0.0788543
59.6	-0.0434717	0.0653147	0.0784589
59.8	-0.0420276	0.0657357	0.0780225
60	-0.0405506	0.0660976	0.0775451
60.2	-0.039043	0.0663988	0.077027
60.4	-0.0375075	0.0666374	0.076468
60.6	-0.0359465	0.0668115	0.0758679
60.8	-0.0343627	0.0669194	0.0752263
61	-0.0327588	0.0669592	0.0745431
61.2	-0.0311381	0.0669296	0.0738183
61.4	-0.0295037	0.0668294	0.0730523
61.6	-0.0278589	0.0666576	0.0722451
61.8	-0.0262071	0.0664131	0.0713968
62	-0.0245514	0.0660948	0.0705074
62.2	-0.0228953	0.0657017	0.0695767
62.4	-0.0212424	0.0652333	0.0686048
62.6	-0.0195966	0.064689	0.0675921
62.8	-0.0179617	0.0640688	0.066539
63	-0.0163416	0.0633725	0.0654456
63.2	-0.0147401	0.0626001	0.0643121
63.4	-0.0131611	0.0617516	0.0631385
63.6	-0.0116084	0.0608272	0.061925
63.8	-0.0100863	0.0598277	0.060672
64	-0.00859887	0.0587539	0.0593798
64.2	-0.00715051	0.0576067	0.0580488
64.4	-0.0057453	0.0563874	0.0566793
64.6	-0.00438722	0.0550973	0.0552717
64.8	-0.00308055	0.0537377	0.053826
65	-0.0018294	0.0523106	0.0523426
65.2	-0.000638237	0.0508181	0.0508221
65.4	0.000488911	0.0492625	0.0492649
65.6	0.00154773	0.0476464	0.0476715
65.8	0.0025348	0.0459725	0.0460423
66	0.0034462	0.0442438	0.0443778
66.2	0.00427833	0.0424635	0.0426785
66.4	0.0050277	0.0406351	0.040945
66.6	0.00569065	0.0387626	0.0391781
66.8	0.00626384	0.0368502	0.0373787
67	0.00674437	0.034902	0.0355477
67.2	0.00712941	0.0329226	0.0336857
67.4	0.0074163	0.0309169	0.031794
67.6	0.00760259	0.0288899	0.0298735
67.8	0.00768608	0.0268471	0.0279257
68	0.00766489	0.024794	0.0259518
68.2	0.00753751	0.0227366	0.0239534
68.4	0.00730287	0.0206806	0.0219322
68.6	0.00696027	0.0186324	0.01989
68.8	0.00650939	0.0165983	0.0178291
69	0.00595031	0.0145847	0.0157518
69.2	0.00528354	0.0125984	0.0136615
69.4	0.00451003	0.0106462	0.0115621
69.6	0.00363142	0.00873488	0.00945967
69.8	0.00264987	0.00687129	0.00736454
70	0.00156794	0.00506231	0.00529957
70.2	0.000388922	0.00331464	0.00333738
70.4	-0.000883563	0.00163492	0.0018584
70.6	-0.00224542	2.93058e-05	0.00224561
70.8	-0.00369238	-0.00149626	0.00398402
71	-0.00521978	-0.00293713	0.00598939
71.2	-0.00682286	-0.00428912	0.00805903
71.4	-0.00849656	-0.00554799	0.0101475
71.6	-0.0102359	-0.00670994	0.0122392
71.8	-0.0120352	-0.00777125	0.0143261
72	-0.0138891	-0.0087289	0.0164043
72.2	-0.0157917	-0.0095794	0.0184701
72.4	-0.017737	-0.0103204	0.020521
72.6	-0.0197193	-0.0109493	0.0225552
72.8	-0.021732	-0.0114636	0.0245702
73	-0.0237688	-0.0118616	0.0265641
73.2	-0.0258234	-0.0121417	0.0285354
73.4	-0.0278894	-0.0123024	0.0304822
73.6	-0.02996	-0.0123426	0.0324028
73.8	-0.0320284	-0.0122617	0.0342953
74	-0.0340878	-0.0120594	0.0361581
74.2	-0.0361315	-0.0117357	0.0379896
74.4	-0.0381525	-0.011291	0.0397882
74.6	-0.0401441	-0.0107262	0.0415524
74.8	-0.0420994	-0.0100425	0.0432806
75	-0.0440112	-0.00924175	0.0449711
75.2	-0.045873	-0.00832557	0.0466224
75.4	-0.0476782	-0.00729701	0.0482333
75.6	-0.0494197	-0.00615859	0.0498019
75.8	-0.0510916	-0.00491412	0.0513274
76	-0.0526872	-0.00356697	0.0528078
76.2	-0.0542005	-0.00212212	0.054242
76.4	-0.0556257	-0.000584227	0.0556288
76.6	-0.0569573	0.00104122	0.0569668
76.8	-0.0581892	0.00274754	0.0582541
77	-0.0593172	0.00452878	0.0594898
77.2	-0.0603362	0.00637823	0.0606724
77.4	-0.0612421	0.00828883	0.0618004
77.6	-0.0620308	0.0102532	0.0628725
77.8	-0.0626989	0.0122637	0.063887
78	-0.0632434	0.0143126	0.0648427
78.2	-0.063662	0.0163916	0.0657384
78.4	-0.0639525	0.0184928	0.0665726
78.6	-0.0641138	0.0206077	0.0673443
78.8	-0.064145	0.0227279	0.0680525
79	-0.064046	0.0248451	0.0686962
79.2	-0.0638172	0.0269509	0.0692747
79.4	-0.0634596	0.029037	0.0697873
79.6	-0.0629751	0.0310953	0.0702338
79.8	-0.0623659	0.0331177	0.0706137
80	-0.0616351	0.0350966	0.0709271
80.2	-0.0607859	0.0370245	0.0711741
80.4	-0.0598227	0.0388943	0.0713549
80.6	-0.05875	0.0406992	0.0714702
80.8	-0.0575728	0.0424331	0.0715206
81	-0.0562967	0.04409	0.071507
81.2	-0.0549276	0.0456648	0.0714305
81.4	-0.0534718	0.0471527	0.0712924
81.6	-0.0519356	0.0485495	0.071094
81.8	-0.0503258	0.0498516	0.0708369
82	-0.0486491	0.0510561	0.0705227
82.2	-0.0469122	0.0521605	0.0701532
82.4	-0.045122	0.0531628	0.06973
82.6	-0.043285	0.0540616	0.069255
82.8	-0.0414078	0.054856	0.0687298
83	-0.0394967	0.0555454	0.0681563
83.2	-0.0375577	0.0561295	0.0675359
83.4	-0.0355966	0.0566084	0.0668703
83.6	-0.033619	0.0569825	0.0661607
83.8	-0.0316299	0.0572523	0.0654085
84	-0.0296344	0.0574184	0.0646148
84.2	-0.0276371	0.0574816	0.0637805
84.4	-0.0256425	0.0574427	0.0629063
84.6	-0.0236546	0.0573025	0.0619929
84.8	-0.0216777	0.0570618	0.0610407
85	-0.0197154	0.0567214	0.0600501
85.2	-0.0177716	0.056282	0.0590212
85.4	-0.0158501	0.0557444	0.057954
85.6	-0.0139544	0.055109	0.0568483
85.8	-0.0120884	0.0543766	0.0557041
86	-0.010256	0.0535476	0.0545209
86.2	-0.00846112	0.0526225	0.0532984
86.4	-0.00670812	0.0516021	0.0520362
86.6	-0.00500148	0.0504867	0.0507339
86.8	-0.00334605	0.0492774	0.0493908
87	-0.00174707	0.0479748	0.0480066
87.2	-0.000210186	0.0465803	0.0465808
87.4	0.00125863	0.0450952	0.0451128
87.6	0.00265372	0.0435215	0.0436023
87.8	0.00396904	0.0418611	0.0420489
88	0.00519872	0.0401169	0.0404523
88.2	0.00633627	0.0382919	0.0388126
88.4	0.00737565	0.0363898	0.0371297
88.6	0.00831024	0.034415	0.0354041
88.8	0.00913402	0.0323723	0.0336362
89	0.00984044	0.0302674	0.0318269
89.2	0.010424	0.0281068	0.0299776
89.4	0.0108788	0.0258971	0.0280893
89.6	0.0111996	0.0236463	0.0261644
89.8	0.0113819	0.0213627	0.0242057
90	0.0114216	0.0190555	0.0222163
90.2	0.0113153	0.0167342	0.0202007
90.4	0.0110606	0.014409	0.0181647
90.6	0.0106557	0.0120909	0.0161162
90.8	0.0101001	0.00979098	0.0140668
91	0.00939428	0.00752111	0.0120341
91.2	0.00853971	0.00529352	0.0100473
91.4	0.00753921	0.00312068	0.00815956
91.6	0.00639666	0.00101538	0.00647675
91.8	0.00511713	-0.00101009	0.00521587
92	0.00370676	-0.00294389	0.00473356
92.2	0.00217267	-0.00477678	0.00524768
92.4	0.000522975	-0.00650002	0.00652103
92.6	-0.00123291	-0.00810544	0.00819867
92.8	-0.00308496	-0.00958547	0.0100697
93	-0.00502369	-0.0109334	0.0120323
93.2	-0.00703938	-0.0121434	0.0140362
93.4	-0.00912185	-0.0132102	0.0160536
93.6	-0.011261	-0.0141294	0.0180679
93.8	-0.0134463	-0.0148972	0.0200681
94	-0.0156672	-0.0155105	0.0220463
94.2	-0.0179132	-0.0159672	0.0239965
94.4	-0.0201736	-0.0162656	0.0259141
94.6	-0.0224377	-0.0164048	0.0277951
94.8	-0.0246948	-0.0163848	0.0296361
95	-0.0269344	-0.0162062	0.0314341
95.2	-0.0291458	-0.0158704	0.0331865
95.4	-0.0313187	-0.0153795	0.0348911
95.6	-0.0334427	-0.0147364	0.0365455
95.8	-0.0355079	-0.0139449	0.038148
96	-0.0375045	-0.0130096	0.0396968
96.2	-0.0394229	-0.0119358	0.0411902
96.4	-0.0412543	-0.0107296	0.0426267
96.6	-0.0429898	-0.00939782	0.0440051
96.8	-0.0446215	-0.00794823	0.0453238
97	-0.0461416	-0.00638919	0.0465819
97.2	-0.0475434	-0.00472974	0.0477781
97.4	-0.0488204	-0.00297961	0.0489113
97.6	-0.0499673	-0.00114928	0.0499805
97.8	-0.0509793	0.000749803	0.0509848
98	-0.0518525	0.00270557	0.051923
98.2	-0.052584	0.00470648	0.0527942
98.4	-0.0531717	0.00674099	0.0535973
98.6	-0.0536147	0.00879757	0.0543317
98.8	-0.0539128	0.0108648	0.0549967
99	-0.054067	0.0129314	0.0555919
99.2	-0.0540792	0.0149864	0.0561173
99.4	-0.0539523	0.0170193	0.056573
99.6	-0.05369	0.0190199	0.0569594
99.8	-0.053297	0.0209787	0.0572772
100	-0.0527789	0.022887	0.0575276
100.2	-0.0521417	0.0247365	0.0577118
100.4	-0.0513924	0.02652	0.0578316
100.6	-0.0505384	0.0282311	0.0578889
100.8	-0.0495874	0.0298643	0.057886
101	-0.0485477	0.0314152	0.0578255
101.2	-0.0474275	0.0328802	0.0577103
101.4	-0.0462352	0.0342568	0.0575432
101.6	-0.044979	0.0355432	0.0573274
101.8	-0.043667	0.0367387	0.0570661
102	-0.0423067	0.0378434	0.0567625
102.2	-0.0409054	0.0388578	0.0564197
102.4	-0.0394696	0.0397833	0.0560407
102.6	-0.0380052	0.0406215	0.0556282
102.8	-0.0365177	0.0413743	0.0551849
103	-0.0350114	0.042044	0.0547129
103.2	-0.0334905	0.0426328	0.0542141
103.4	-0.0319581	0.0431427	0.05369
103.6	-0.0304168	0.0435758	0.0531417
103.8	-0.028869	0.0439338	0.0525699
104	-0.0273161	0.044218	0.051975
104.2	-0.0257596	0.0444294	0.0513569
104.4	-0.0242006	0.0445685	0.0507151
104.6	-0.0226399	0.0446352	0.0500487
104.8	-0.0210784	0.0446291	0.0493565
105	-0.0195171	0.0445493	0.048637
105.2	-0.017957	0.0443942	0.0478884
105.4	-0.0163995	0.044162	0.0471086
105.6	-0.0148464	0.0438504	0.0462955
105.8	-0.0133001	0.0434568	0.0454465
106	-0.0117635	0.0429784	0.0445592
106.2	-0.01024	0.0424124	0.0436311
106.4	-0.00873409	0.0417559	0.0426596
106.6	-0.00725078	0.0410063	0.0416424
106.8	-0.00579589	0.040161	0.0405771
107	-0.00437597	0.0392183	0.0394617
107.2	-0.00299835	0.0381767	0.0382943
107.4	-0.00167096	0.0370357	0.0370734
107.6	-0.00040226	0.0357956	0.0357979
107.8	0.000799059	0.0344579	0.0344671
108	0.00192366	0.0330239	0.0330799
108.2	0.0029631	0.0314976	0.0316366
108.4	0.00390846	0.0298833	0.0301378
108.6	0.00475113	0.0281858	0.0285834
108.8	0.00548307	0.0264123	0.0269754
109	0.00609646	0.0245696	0.0253147
109.2	0.00658416	0.0226667	0.0236036
109.4	0.00694015	0.0207129	0.0218447
109.6	0.00715889	0.0187181	0.0200404
109.8	0.00723577	0.0166935	0.0181943
110	0.00716763	0.0146509	0.0163102
110.2	0.00695234	0.0126023	0.0143929
110.4	0.00658895	0.0105605	0.0124475
110.6	0.0060777	0.00853859	0.0104807
110.8	0.0054204	0.00654985	0.00850184
111	0.00461991	0.00460737	0.00652468
111.2	0.00368085	0.00272489	0.0045797
111.4	0.00260854	0.000915236	0.00276444
111.6	0.00141018	-0.000809278	0.00162589
111.8	9.38521e-05	-0.00243638	0.00243819
112	-0.00133096	-0.00395681	0.00417466
112.2	-0.00285418	-0.00536192	0.00607425
112.4	-0.00446541	-0.00664393	0.00800511
112.6	-0.00615425	-0.00779593	0.00993233
112.8	-0.00790992	-0.00881222	0.0118415
113	-0.00972113	-0.00968791	0.0137243
113.2	-0.0115767	-0.010419	0.0155748
113.4	-0.0134653	-0.0110025	0.0173887
113.6	-0.0153755	-0.0114365	0.0191624
113.8	-0.0172959	-0.0117197	0.0208925
114	-0.0192153	-0.0118521	0.0225765
114.2	-0.0211226	-0.0118344	0.0242119
114.4	-0.0230069	-0.0116681	0.0257966
114.6	-0.0248576	-0.0113558	0.0273286
114.8	-0.0266641	-0.0109009	0.0288063
115	-0.0284166	-0.0103075	0.0302283
115.2	-0.0301055	-0.00958093	0.0315932
115.4	-0.0317214	-0.00872693	0.0329
115.6	-0.033256	-0.00775237	0.0341476
115.8	-0.0347011	-0.00666467	0.0353353
116	-0.0360493	-0.00547211	0.0364623
116.2	-0.037294	-0.00418361	0.0375279
116.4	-0.0384292	-0.0028087	0.0385317
116.6	-0.0394498	-0.00135757	0.0394731
116.8	-0.0403514	0.000158942	0.0403518
117	-0.0411308	0.00172923	0.0411672
117.2	-0.0417855	0.0033421	0.0419189
117.4	-0.0423139	0.00498643	0.0426067
117.6	-0.0427157	0.00665113	0.0432305
117.8	-0.0429914	0.00832529	0.0437901
118	-0.0431424	0.00999824	0.0442858
118.2	-0.0431711	0.0116597	0.044718
118.4	-0.043081	0.0132998	0.0450872
118.6	-0.042876	0.0149093	0.0453942
118.8	-0.0425612	0.0164794	0.0456402
119	-0.0421423	0.0180023	0.0458263
119.2	-0.0416255	0.0194706	0.0459542
119.4	-0.0410176	0.0208782	0.0460255
119.6	-0.0403261	0.0222195	0.0460424
119.8	-0.0395584	0.0234901	0.046007
120	-0.0387224	0.0246863	0.045922
120.2	-0.037826	0.0258055	0.0457901
120.4	-0.0368772	0.0268461	0.045614
120.6	-0.0358836	0.0278073	0.0453969
120.8	-0.0348528	0.0286891	0.0451418
121	-0.0337916	0.0294925	0.0448518
121.2	-0.0327066	0.030219	0.0445299
121.4	-0.0316038	0.0308705	0.0441791
121.6	-0.0304881	0.0314498	0.043802
121.8	-0.0293641	0.0319596	0.0434013
122	-0.0282355	0.0324029	0.042979
122.2	-0.0271051	0.0327829	0.042537
122.4	-0.0259751	0.0331023	0.0420769
122.6	-0.024847	0.0333639	0.0415996
122.8	-0.0237219	0.0335702	0.0411058
123	-0.0226001	0.0337231	0.0405957
123.2	-0.0214817	0.0338239	0.0400689
123.4	-0.0203665	0.0338738	0.039525
123.6	-0.0192542	0.0338729	0.0389628
123.8	-0.0181445	0.0338211	0.0383808
124	-0.0170371	0.0337175	0.0377774
124.2	-0.015932	0.0335609	0.0371505
124.4	-0.0148297	0.0333493	0.0364979
124.6	-0.0137309	0.0330805	0.035817
124.8	-0.0126371	0.0327518	0.0351053
125	-0.0115502	0.0323606	0.0343601
125.2	-0.010473	0.0319038	0.0335788
125.4	-0.00940905	0.0313785	0.0327588
125.6	-0.00836246	0.0307819	0.0318976
125.8	-0.00733824	0.0301115	0.0309928
126	-0.00634208	0.0293653	0.0300423
126.2	-0.00538019	0.0285418	0.0290445
126.4	-0.00445956	0.0276402	0.0279976
126.6	-0.00358752	0.0266606	0.0269009
126.8	-0.00277161	0.0256038	0.0257533
127	-0.0020201	0.0244718	0.0245551
127.2	-0.00134049	0.0232674	0.023306
127.4	-0.000741222	0.0219952	0.0220077
127.6	-0.000229563	0.0206593	0.0206605
127.8	0.000187058	0.0192668	0.0192677
128	0.000501931	0.0178248	0.0178319
128.2	0.000709174	0.0163413	0.0163567
128.4	0.000803601	0.0148257	0.0148475
128.6	0.000781272	0.0132882	0.0133112
128.8	0.0006392	0.0117397	0.0117571
129	0.000375575	0.0101913	0.0101983
129.2	-9.99163e-06	0.00865532	0.00865533
129.4	-0.000516545	0.00714405	0.0071627
129.6	-0.00114155	0.00566896	0.00578275
129.8	-0.00188143	0.00424337	0.00464177
130	-0.00273077	0.00287794	0.00396732
130.2	-0.00368359	0.00158499	0.00401011
130.4	-0.00473186	0.000374672	0.00474667
130.6	-0.00586699	-0.000743847	0.00591396
130.8	-0.00708098	-0.00176117	0.00729671
131	-0.00836294	-0.00267113	0.00877917
131.2	-0.0097029	-0.00346703	0.0103037
131.4	-0.0110906	-0.00414468	0.0118397
131.6	-0.0125149	-0.0046998	0.0133683
131.8	-0.0139651	-0.00513031	0.0148777
132	-0.0154306	-0.00543442	0.0163596
132.2	-0.0169004	-0.00561175	0.0178078
132.4	-0.0183641	-0.00566307	0.0192175
132.6	-0.0198116	-0.00559001	0.0205852
132.8	-0.0212332	-0.00539512	0.0219079
133	-0.0226194	-0.00508189	0.0231833
133.2	-0.0239614	-0.00465466	0.0244093
133.4	-0.0252508	-0.00411824	0.0255844
133.6	-0.0264802	-0.00347861	0.0267077
133.8	-0.0276423	-0.00274225	0.027778
134	-0.0287307	-0.00191612	0.0287945
134.2	-0.0297395	-0.00100787	0.0297566
134.4	-0.0306639	-2.56822e-05	0.0306639
134.6	-0.0314995	0.00102175	0.031516
134.8	-0.0322426	0.00212564	0.0323126
135	-0.0328906	0.00327693	0.0330534
135.2	-0.0334414	0.00446652	0.0337383
135.4	-0.0338937	0.0056853	0.0343672
135.6	-0.0342471	0.00692423	0.0349401
135.8	-0.034502	0.00817436	0.0354571
136	-0.0346595	0.00942701	0.0359186
136.2	-0.0347214	0.0106738	0.036325
136.4	-0.0346903	0.0119066	0.0366768
136.6	-0.0345694	0.0131178	0.0369746
136.8	-0.0343625	0.0143004	0.0372194
137	-0.0340741	0.0154478	0.0374122
137.2	-0.0337089	0.0165539	0.0375542
137.4	-0.0332722	0.0176136	0.0376468
137.6	-0.0327698	0.018622	0.0376914
137.8	-0.0322075	0.0195753	0.0376898
138	-0.0315915	0.0204702	0.0376438
138.2	-0.0309281	0.0213043	0.0375555
138.4	-0.0302234	0.0220756	0.0374271
138.6	-0.0294838	0.0227832	0.0372608
138.8	-0.0287154	0.0234264	0.037059
139	-0.0279239	0.0240056	0.0368241
139.2	-0.0271151	0.0245214	0.0365586
139.4	-0.0262941	0.0249751	0.0362648
139.6	-0.0254657	0.0253686	0.0359453
139.8	-0.024634	0.0257037	0.0356022
140	-0.0238028	0.0259831	0.0352377
140.2	-0.0229751	0.0262092	0.0348537
140.4	-0.0221535	0.0263848	0.0344519
140.6	-0.0213399	0.0265124	0.0340338
140.8	-0.0205356	0.0265947	0.0336004
141	-0.0197414	0.026634	0.0331526
141.2	-0.0189578	0.0266325	0.0326908
141.4	-0.0181848	0.026592	0.0322152
141.6	-0.0174222	0.0265136	0.0317255
141.8	-0.0166696	0.0263985	0.0312211
142	-0.0159265	0.026247	0.0307011
142.2	-0.0151925	0.0260592	0.0301644
142.4	-0.0144674	0.0258346	0.0296097
142.6	-0.0137513	0.0255724	0.0290353
142.8	-0.0130444	0.0252715	0.0284395
143	-0.0123475	0.0249304	0.0278206
143.2	-0.011662	0.0245474	0.0271768
143.4	-0.0109895	0.0241209	0.0265063
143.6	-0.0103325	0.023649	0.0258077
143.8	-0.00969386	0.0231302	0.0250794
144	-0.00907701	0.022563	0.0243204
144.2	-0.00848597	0.0219463	0.0235298
144.4	-0.00792514	0.0212794	0.0227073
144.6	-0.0073995	0.0205623	0.0218532
144.8	-0.00691418	0.0197953	0.0209681
145	-0.00647458	0.0189798	0.0200537
145.2	-0.00608636	0.0181177	0.0191127
145.4	-0.00575514	0.0172119	0.0181486
145.6	-0.00548622	0.0162659	0.0171662
145.8	-0.00528483	0.0152846	0.0161725
146	-0.00515583	0.0142734	0.015176
146.2	-0.00510346	0.0132385	0.0141881
146.4	-0.00513132	0.012187	0.0132232
146.6	-0.00524223	0.0111267	0.0122998
146.8	-0.00543814	0.0100659	0.011441
147	-0.00572004	0.00901319	0.010675
147.2	-0.00608768	0.00797771	0.0100351
147.4	-0.00654003	0.0069687	0.00955692
147.6	-0.00707507	0.00599514	0.00927352
147.8	-0.00768922	0.00506606	0.0092081
148	-0.00837844	0.00418985	0.00936767
148.2	-0.00913754	0.00337486	0.00974086
148.4	-0.00996027	0.0026282	0.0103012
148.6	-0.0108402	0.001957	0.0110154
148.8	-0.0117695	0.00136662	0.0118486
149	-0.0127402	0.000862572	0.0127694
149.2	-0.0137449	0.00044861	0.0137522
149.4	-0.0147737	0.000127777	0.0147743
149.6	-0.0158182	-9.78243e-05	0.0158185
149.8	-0.0168697	-0.000227148	0.0168712
150	-0.0179195	-0.000260164	0.0179214
150.2	-0.018959	-0.000197806	0.0189601
150.4	-0.0199799	-4.1952e-05	0.01998
150.6	-0.0209743	0.000204622	0.0209753
150.8	-0.0219346	0.000538301	0.0219413
151	-0.0228533	0.000954597	0.0228732
151.2	-0.0237248	0.00144866	0.023769
151.4	-0.0245431	0.00201489	0.0246257
151.6	-0.0253028	0.00264681	0.0254408
151.8	-0.0259997	0.00333813	0.0262131
152	-0.0266298	0.00408174	0.0269409
152.2	-0.0271904	0.00487059	0.0276232
152.4	-0.027679	0.00569732	0.0282592
152.6	-0.0280939	0.00655458	0.0288484
152.8	-0.0284344	0.00743503	0.0293904
153	-0.0287001	0.00833142	0.029885
153.2	-0.0288916	0.00923669	0.0303322
153.4	-0.0290098	0.010144	0.0307322
153.6	-0.0290563	0.0110468	0.0310854
153.8	-0.0290334	0.0119389	0.0313922
154	-0.0289436	0.0128144	0.0316534
154.2	-0.0287901	0.0136681	0.0318698
154.4	-0.0285763	0.014495	0.0320423
154.6	-0.028306	0.0152906	0.0321719
154.8	-0.0279833	0.0160511	0.03226
155	-0.0276126	0.016773	0.0323077
155.2	-0.0271981	0.0174534	0.0323166
155.4	-0.0267446	0.01809	0.0322881
155.6	-0.0262566	0.0186809	0.032224
155.8	-0.0257387	0.0192248	0.0321259
156	-0.0251955	0.0197206	0.0319956
156.2	-0.0246315	0.0201681	0.0318349
156.4	-0.0240509	0.0205671	0.0316458
156.6	-0.023458	0.0209181	0.03143
156.8	-0.0228566	0.0212217	0.0311895
157	-0.0222504	0.0214789	0.0309261
157.2	-0.0216427	0.0216912	0.0306417
157.4	-0.0210365	0.0218598	0.0303379
157.6	-0.0204345	0.0219867	0.0300164
157.8	-0.019839	0.0220734	0.0296786
158	-0.0192519	0.022122	0.0293261
158.2	-0.0186748	0.0221343	0.0289599
158.4	-0.0181088	0.022112	0.0285809
158.6	-0.0175549	0.022057	0.0281902
158.8	-0.0170136	0.0219707	0.027788
159	-0.0164852	0.0218547	0.027375
159.2	-0.0159698	0.0217101	0.0269511
159.4	-0.0154675	0.0215377	0.0265163
159.6	-0.014978	0.0213383	0.0260704
159.8	-0.0145015	0.0211123	0.025613
160	-0.0140379	0.0208598	0.0251435
160.2	-0.0135873	0.0205808	0.0246613
160.4	-0.01315	0.0202748	0.0241659
160.6	-0.0127268	0.0199416	0.0236567
160.8	-0.0123183	0.0195805	0.0231331
161	-0.0119259	0.0191911	0.0225948
161.2	-0.0115512	0.0187727	0.0220418
161.4	-0.0111959	0.0183248	0.0214743
161.6	-0.0108623	0.0178474	0.020893
161.8	-0.010553	0.0173403	0.020299
162	-0.0102708	0.0168038	0.0196941
162.2	-0.0100187	0.0162388	0.0190808
162.4	-0.00979995	0.0156465	0.0184621
162.6	-0.00961778	0.0150284	0.0178425
162.8	-0.0094755	0.0143868	0.0172269
163	-0.00937633	0.0137247	0.0166217
163.2	-0.00932329	0.0130452	0.0160344
163.4	-0.00931917	0.0123525	0.0154735
163.6	-0.00936638	0.0116509	0.014949
163.8	-0.0094669	0.0109455	0.0144716
164	-0.00962222	0.0102418	0.0140528
164.2	-0.00983318	0.00954537	0.0137042
164.4	-0.0101001	0.00886227	0.013437
164.6	-0.0104225	0.00819856	0.0132606
164.8	-0.0107992	0.00756042	0.0131826
165	-0.0112283	0.00695382	0.0132072
165.2	-0.0117073	0.00638475	0.0133351
165.4	-0.0122331	0.00585854	0.0135636
165.6	-0.0128016	0.00538043	0.0138863
165.8	-0.0134085	0.0049552	0.0142949
166	-0.0140493	0.00458672	0.0147791
166.2	-0.0147181	0.00427853	0.0153274
166.4	-0.0154095	0.00403358	0.0159286
166.6	-0.0161174	0.00385403	0.0165718
166.8	-0.0168359	0.00374133	0.0172466
167	-0.0175588	0.00369621	0.0179436
167.2	-0.0182799	0.0037187	0.0186543
167.4	-0.0189931	0.00380816	0.0193711
167.6	-0.0196923	0.00396329	0.0200872
167.8	-0.0203719	0.00418215	0.0207967
168	-0.0210261	0.00446218	0.0214944
168.2	-0.0216499	0.00479997	0.0221756
168.4	-0.0222387	0.00519197	0.0228367
168.6	-0.0227881	0.00563424	0.0234743
168.8	-0.0232942	0.00612203	0.0240852
169	-0.0237536	0.00665041	0.024667
169.2	-0.0241636	0.0072144	0.0252176
169.4	-0.0245219	0.00780843	0.0257351
169.6	-0.0248267	0.0084271	0.0262179
169.8	-0.0250769	0.00906474	0.0266649
170	-0.0252718	0.0097158	0.0270751
170.2	-0.0254114	0.0103747	0.0274477
170.4	-0.0254961	0.0110361	0.0277822
170.6	-0.0255269	0.0116947	0.0280783
170.8	-0.0255052	0.0123455	0.0283359
171	-0.0254327	0.0129838	0.0285553
171.2	-0.0253118	0.0136053	0.0287366
171.4	-0.025145	0.0142059	0.0288805
171.6	-0.0249353	0.014782	0.0289875
171.8	-0.0246857	0.0153305	0.0290586
172	-0.0243995	0.0158485	0.0290949
172.2	-0.0240803	0.0163337	0.0290973
172.4	-0.0237317	0.0167843	0.0290673
172.6	-0.0233573	0.0171987	0.0290062
172.8	-0.0229609	0.0175759	0.0289156
173	-0.0225459	0.0179153	0.0287971
173.2	-0.022116	0.0182164	0.0286523
173.4	-0.0216746	0.0184795	0.028483
173.6	-0.021225	0.0187048	0.0282908
173.8	-0.0207704	0.018893	0.0280776
174	-0.0203135	0.0190449	0.0278451
174.2	-0.0198573	0.0191616	0.0275949
174.4	-0.019404	0.0192444	0.0273288
174.6	-0.0189559	0.0192947	0.0270483
174.8	-0.018515	0.0193138	0.026755
175	-0.0180829	0.0193034	0.0264502
175.2	-0.0176611	0.0192649	0.0261352
175.4	-0.0172506	0.0191999	0.0258112
175.6	-0.0168524	0.0191098	0.0254792
175.8	-0.0164673	0.0189961	0.02514
176	-0.0160957	0.0188599	0.0247945
176.2	-0.0157379	0.0187025	0.0244431
176.4	-0.0153943	0.0185248	0.0240863
176.6	-0.0150649	0.0183277	0.0237246
176.8	-0.0147497	0.0181119	0.023358
177	-0.014449	0.0178779	0.0229868
177.2	-0.0141627	0.0176261	0.022611
177.4	-0.0138911	0.0173567	0.022231
177.6	-0.0136344	0.01707	0.0218468
177.8	-0.0133931	0.0167661	0.0214588
178	-0.0131678	0.016445	0.0210672
178.2	-0.0129593	0.0161068	0.0206729
178.4	-0.0127684	0.0157516	0.0202767
178.6	-0.0125964	0.0153798	0.0198798
178.8	-0.0124446	0.0149917	0.0194838
179	-0.0123144	0.0145879	0.0190906
179.2	-0.0122073	0.0141695	0.0187027
179.4	-0.0121251	0.0137374	0.018323
179.6	-0.0120695	0.0132931	0.0179549
179.8	-0.0120422	0.0128385	0.0176023
180	-0.0120448	0.0123757	0.0172694
180.2	-0.0120788	0.0119071	0.016961
180.4	-0.0121456	0.0114356	0.016682
180.6	-0.0122462	0.0109644	0.0164374
180.8	-0.0123816	0.0104968	0.0162323
181	-0.0125522	0.0100365	0.0160713
181.2	-0.012758	0.00958714	0.0159587
181.4	-0.0129989	0.00915283	0.015898
181.6	-0.0132742	0.00873742	0.0158917
181.8	-0.0135826	0.00834479	0.0159412
182	-0.0139225	0.0079788	0.0160468
182.2	-0.0142921	0.00764311	0.0162075
182.4	-0.014689	0.00734096	0.0164213
182.6	-0.0151104	0.00707542	0.0166849
182.8	-0.015553	0.00684925	0.0169944
183	-0.0160136	0.00666476	0.0173452
183.2	-0.0164886	0.00652381	0.0177323
183.4	-0.0169742	0.00642779	0.0181505
183.6	-0.0174664	0.00637761	0.0185944
183.8	-0.0179614	0.00637373	0.0190587
184	-0.018455	0.00641611	0.0195385
184.2	-0.0189432	0.0065043	0.0200288
184.4	-0.0194223	0.00663737	0.0205251
184.6	-0.0198883	0.00681401	0.0210232
184.8	-0.0203376	0.00703248	0.0215192
185	-0.0207668	0.00729064	0.0220094
185.2	-0.0211727	0.00758603	0.0224906
185.4	-0.0215523	0.00791603	0.0229601
185.6	-0.021903	0.00827776	0.023415
185.8	-0.0222223	0.00866795	0.023853
186	-0.0225081	0.00908319	0.0242718
186.2	-0.0227587	0.00952008	0.0246696
186.4	-0.0229725	0.00997499	0.0250447
186.6	-0.0231484	0.0104441	0.0253954
186.8	-0.0232856	0.0109238	0.0257206
187	-0.0233836	0.0114102	0.0260189
187.2	-0.0234422	0.0118995	0.0262894
187.4	-0.0234616	0.012388	0.0265313
187.6	-0.0234424	0.0128721	0.0267439
187.8	-0.0233852	0.0133483	0.0269267
188	-0.0232913	0.013813	0.0270792
188.2	-0.0231621	0.0142631	0.0272014
188.4	-0.0229991	0.0146956	0.0272932
188.6	-0.0228045	0.0151076	0.0273548
188.8	-0.0225803	0.0154965	0.0273863
189	-0.0223288	0.0158602	0.0273884
189.2	-0.0220528	0.0161965	0.0273615
189.4	-0.0217548	0.0165039	0.0273066
189.6	-0.0214377	0.0167809	0.0272245
189.8	-0.0211043	0.0170266	0.0271163
190	-0.0207575	0.0172402	0.0269833
190.2	-0.0204003	0.0174213	0.0268268
190.4	-0.0200356	0.0175699	0.0266482
190.6	-0.0196661	0.0176862	0.0264492
190.8	-0.0192946	0.0177707	0.0262313
191	-0.0189237	0.0178241	0.0259963
191.2	-0.0185559	0.0178475	0.0257459
191.4	-0.0181932	0.0178419	0.0254819
191.6	-0.0178379	0.0178087	0.025206
191.8	-0.0174918	0.0177493	0.0249199
192	-0.0171564	0.0176653	0.0246253
192.2	-0.0168333	0.0175582	0.0243239
192.4	-0.0165235	0.0174297	0.0240171
192.6	-0.016228	0.0172814	0.0237064
192.8	-0.0159476	0.0171147	0.0233932
193	-0.0156829	0.0169313	0.0230786
193.2	-0.0154343	0.0167325	0.0227638
193.4	-0.0152021	0.0165195	0.0224499
193.6	-0.0149863	0.0162936	0.0221376
193.8	-0.0147872	0.0160559	0.0218279
194	-0.0146047	0.0158073	0.0215214
194.2	-0.0144389	0.0155487	0.0212189
194.4	-0.0142897	0.0152807	0.0209211
194.6	-0.0141571	0.0150041	0.0206288
194.8	-0.0140413	0.0147194	0.0203425
195	-0.0139423	0.0144273	0.0200633
195.2	-0.0138604	0.0141283	0.0197919
195.4	-0.0137959	0.013823	0.0195295
195.6	-0.0137491	0.013512	0.0192772
195.8	-0.0137205	0.0131961	0.0190365
196	-0.0137105	0.0128761	0.0188088
196.2	-0.0137198	0.012553	0.018596
196.4	-0.0137488	0.0122279	0.0183998
196.6	-0.0137981	0.0119022	0.0182222
196.8	-0.0138682	0.0115772	0.0180654
197	-0.0139596	0.0112546	0.0179314
197.2	-0.0140726	0.0109362	0.0178224
197.4	-0.0142074	0.0106239	0.0177403
197.6	-0.014364	0.01032	0.0176869
197.8	-0.0145424	0.0100265	0.0176639
198	-0.0147421	0.00974573	0.0176723
198.2	-0.0149627	0.00947999	0.0177131
198.4	-0.0152032	0.00923161	0.0177865
198.6	-0.0154626	0.00900286	0.0178926
198.8	-0.0157398	0.00879587	0.0180308
199	-0.0160331	0.00861262	0.0181999
199.2	-0.0163408	0.008455	0.0183986
199.4	-0.016661	0.00832467	0.018625
199.6	-0.0169915	0.00822307	0.0188767
199.8	-0.0173301	0.00815136	0.0191514
200	-0.0176744	0.0081104	0.0194464
200.2	-0.0180221	0.00810079	0.019759
200.4	-0.0183705	0.00812279	0.0200862
200.6	-0.0187173	0.00817642	0.0204252
200.8	-0.0190597	0.00826137	0.0207732
201	-0.0193955	0.00837705	0.0211272
201.2	-0.0197221	0.00852262	0.0214848
201.4	-0.0200371	0.00869693	0.0218432
201.6	-0.0203385	0.00889864	0.0222
201.8	-0.0206241	0.00912621	0.0225531
202	-0.020892	0.00937795	0.0229002
202.2	-0.0211403	0.00965199	0.0232395
202.4	-0.0213674	0.00994625	0.0235689
202.6	-0.0215717	0.0102585	0.0238867
202.8	-0.0217521	0.0105866	0.0241915
203	-0.0219073	0.0109281	0.0244817
203.2	-0.0220365	0.0112806	0.024756
203.4	-0.0221387	0.0116417	0.025013
203.6	-0.0222135	0.0120087	0.0252517
203.8	-0.0222604	0.0123793	0.025471
204	-0.0222793	0.0127508	0.0256701
204.2	-0.0222701	0.0131208	0.0258479
204.4	-0.022233	0.0134866	0.0260038
204.6	-0.0221684	0.0138459	0.0261371
204.8	-0.0220769	0.0141962	0.0262473
205	-0.0219592	0.0145352	0.026334
205.2	-0.0218164	0.0148605	0.0263967
205.4	-0.0216495	0.01517	0.0264354
205.6	-0.02146	0.0154617	0.0264498
205.8	-0.0212492	0.0157337	0.0264401
206	-0.021019	0.0159843	0.0264064
206.2	-0.0207712	0.0162118	0.0263489
206.4	-0.0205076	0.016415	0.0262681
206.6	-0.0202305	0.0165926	0.0261647
206.8	-0.019942	0.0167439	0.0260392
207	-0.0196443	0.016868	0.0258926
207.2	-0.0193397	0.0169646	0.0257259
207.4	-0.0190306	0.0170335	0.0255402
207.6	-0.0187192	0.0170745	0.0253367
207.8	-0.0184078	0.0170882	0.0251168
208	-0.0180987	0.0170748	0.024882
208.2	-0.017794	0.0170352	0.0246338
208.4	-0.0174957	0.0169703	0.0243739
208.6	-0.0172057	0.0168811	0.0241041
208.8	-0.0169258	0.0167689	0.023826
209	-0.0166576	0.0166351	0.0235415
209.2	-0.0164026	0.0164811	0.0232524
209.4	-0.0161619	0.0163086	0.0229604
209.6	-0.0159368	0.0161192	0.0226674
209.8	-0.015728	0.0159145	0.022375
210	-0.0155363	0.0156962	0.022085
210.2	-0.0153623	0.015466	0.021799
210.4	-0.0152064	0.0152253	0.0215185
210.6	-0.0150688	0.0149758	0.0212449
210.8	-0.0149498	0.0147191	0.0209797
211	-0.0148492	0.0144564	0.020724
211.2	-0.0147671	0.0141892	0.0204792
211.4	-0.0147033	0.0139187	0.0202464
211.6	-0.0146577	0.013646	0.0200266
211.8	-0.01463	0.0133725	0.0198207
212	-0.01462	0.013099	0.0196298
212.2	-0.0146273	0.0128267	0.0194546
212.4	-0.0146518	0.0125565	0.0192961
212.6	-0.014693	0.0122894	0.019155
212.8	-0.0147508	0.0120263	0.019032
213	-0.0148248	0.0117683	0.0189279
213.2	-0.0149146	0.0115163	0.0188433
213.4	-0.0150201	0.0112713	0.0187789
213.6	-0.0151408	0.0110344	0.018735
213.8	-0.0152763	0.0108066	0.0187122
214	-0.0154262	0.010589	0.0187108
214.2	-0.0155899	0.0103828	0.0187309
214.4	-0.0157669	0.0101891	0.0187727
214.6	-0.0159566	0.0100089	0.0188359
214.8	-0.0161583	0.00984355	0.0189205
215	-0.0163709	0.00969401	0.0190258
215.2	-0.0165937	0.00956141	0.0191513
215.4	-0.0168255	0.00944678	0.0192961
215.6	-0.0170653	0.00935105	0.0194593
215.8	-0.0173117	0.00927508	0.0196398
216	-0.0175634	0.00921958	0.0198362
216.2	-0.0178192	0.00918516	0.0200472
216.4	-0.0180774	0.00917228	0.0202713
216.6	-0.0183367	0.00918125	0.0205068
216.8	-0.0185953	0.00921223	0.0207522
217	-0.0188519	0.00926521	0.0210056
217.2	-0.0191047	0.00934002	0.0212656
217.4	-0.0193522	0.00943632	0.0215302
217.6	-0.0195928	0.00955361	0.0217979
217.8	-0.0198251	0.00969125	0.022067
218	-0.0200475	0.00984843	0.0223359
218.2	-0.0202587	0.0100242	0.0226031
218.4	-0.0204573	0.0102174	0.0228669
218.6	-0.0206421	0.0104269	0.0231261
218.8	-0.020812	0.0106513	0.0233793
219	-0.020966	0.0108894	0.0236252
219.2	-0.021103	0.0111396	0.0238627
219.4	-0.0212222	0.0114003	0.0240905
219.6	-0.0213229	0.01167	0.0243075
219.8	-0.0214044	0.0119469	0.0245128
220	-0.0214663	0.0122293	0.0247054
220.2	-0.0215081	0.0125155	0.0248845
220.4	-0.0215296	0.0128037	0.0250491
220.6	-0.0215305	0.0130922	0.0251986
220.8	-0.0215109	0.0133791	0.0253322
221	-0.0214708	0.0136627	0.0254493
221.2	-0.0214105	0.0139412	0.0255493
221.4	-0.0213303	0.0142129	0.0256318
221.6	-0.0212306	0.0144759	0.0256961
221.8	-0.0211121	0.0147287	0.0257421
222	-0.0209754	0.0149696	0.0257693
222.2	-0.0208215	0.0151971	0.0257776
222.4	-0.0206512	0.0154097	0.0257668
222.6	-0.0204657	0.0156059	0.0257369
222.8	-0.0202662	0.0157846	0.025688
223	-0.020054	0.0159444	0.0256201
223.2	-0.0198306	0.0160844	0.0255335
223.4	-0.0195974	0.0162036	0.0254286
223.6	-0.0193562	0.0163013	0.025306
223.8	-0.0191084	0.0163768	0.0251661
224	-0.018856	0.0164297	0.0250097
224.2	-0.0186006	0.0164597	0.0248376
224.4	-0.0183441	0.0164668	0.0246508
224.6	-0.0180882	0.016451	0.0244504
224.8	-0.0178348	0.0164126	0.0242374
225	-0.0175856	0.0163519	0.0240133
225.2	-0.0173422	0.0162697	0.0237793
225.4	-0.0171065	0.0161667	0.0235371
225.6	-0.0168799	0.0160438	0.0232881
225.8	-0.0166639	0.0159021	0.0230339
226	-0.0164599	0.0157429	0.0227764
226.2	-0.0162691	0.0155673	0.0225172
226.4	-0.0160927	0.0153769	0.0222581
226.6	-0.0159315	0.0151731	0.0220008
226.8	-0.0157865	0.0149575	0.0217472
227	-0.0156583	0.0147318	0.021499
227.2	-0.0155475	0.0144975	0.021258
227.4	-0.0154545	0.0142563	0.0210258
227.6	-0.0153795	0.0140098	0.0208039
227.8	-0.0153227	0.0137596	0.020594
228	-0.015284	0.0135074	0.0203973
228.2	-0.0152633	0.0132547	0.0202152
228.4	-0.0152604	0.0130029	0.0200488
228.6	-0.015275	0.0127535	0.0198992
228.8	-0.0153067	0.0125078	0.0197671
229	-0.0153548	0.0122672	0.0196533
229.2	-0.0154189	0.0120328	0.0195584
229.4	-0.0154983	0.0118058	0.0194827
229.6	-0.0155923	0.0115873	0.0194264
229.8	-0.0157003	0.0113783	0.0193898
230	-0.0158213	0.0111797	0.0193727
230.2	-0.0159547	0.0109924	0.0193749
230.4	-0.0160995	0.0108173	0.0193961
230.6	-0.0162549	0.010655	0.0194358
230.8	-0.0164199	0.0105062	0.0194934
231	-0.0165936	0.0103717	0.0195684
231.2	-0.0167752	0.010252	0.0196599
231.4	-0.0169636	0.0101475	0.0197671
231.6	-0.0171579	0.0100586	0.019889
231.8	-0.0173571	0.00998587	0.0200246
232	-0.01756	0.00992947	0.0201729
232.2	-0.0177656	0.00988967	0.0203328
232.4	-0.0179729	0.00986664	0.0205031
232.6	-0.0181809	0.00986045	0.0206826
232.8	-0.0183883	0.00987112	0.0208703
233	-0.0185942	0.00989855	0.0210648
233.2	-0.0187975	0.00994259	0.021265
233.4	-0.0189971	0.010003	0.0214697
233.6	-0.019192	0.0100794	0.0216778
233.8	-0.0193811	0.0101714	0.021888
234	-0.0195635	0.0102784	0.0220993
234.2	-0.0197382	0.0103999	0.0223104
234.4	-0.0199043	0.0105352	0.0225204
234.6	-0.0200608	0.0106836	0.0227283
234.8	-0.020207	0.0108442	0.022933
235	-0.0203421	0.0110162	0.0231335
235.2	-0.0204654	0.0111986	0.023329
235.4	-0.0205761	0.0113904	0.0235185
235.6	-0.0206737	0.0115906	0.0237011
235.8	-0.0207576	0.0117979	0.0238761
236	-0.0208275	0.0120112	0.0240427
236.2	-0.0208828	0.0122295	0.0242003
236.4	-0.0209234	0.0124514	0.024348
236.6	-0.020949	0.0126757	0.0244854
236.8	-0.0209594	0.0129013	0.0246118
237	-0.0209545	0.0131267	0.0247265
237.2	-0.0209343	0.0133507	0.0248292
237.4	-0.020899	0.0135721	0.0249193
237.6	-0.0208487	0.0137896	0.0249964
237.8	-0.0207836	0.0140019	0.0250602
238	-0.0207041	0.0142078	0.0251102
238.2	-0.0206105	0.0144061	0.0251462
238.4	-0.0205035	0.0145956	0.0251679
238.6	-0.0203834	0.0147751	0.0251751
238.8	-0.0202511	0.0149435	0.0251677
239	-0.0201073	0.0150998	0.0251457
239.2	-0.0199527	0.0152431	0.025109
239.4	-0.0197883	0.0153723	0.0250576
239.6	-0.019615	0.0154867	0.0249917
239.8	-0.0194339	0.0155854	0.0249115
240	-0.0192461	0.0156678	0.0248172
240.2	-0.0190527	0.0157333	0.0247091
240.4	-0.018855	0.0157814	0.0245879
240.6	-0.0186541	0.0158118	0.0244538
240.8	-0.0184515	0.0158242	0.0243077
241	-0.0182484	0.0158185	0.0241501
241.2	-0.0180462	0.0157947	0.023982
241.4	-0.0178461	0.0157528	0.0238041
241.6	-0.0176497	0.0156933	0.0236176
241.8	-0.0174581	0.0156164	0.0234234
242	-0.0172726	0.0155226	0.0232228
242.2	-0.0170946	0.0154127	0.0230169
242.4	-0.0169252	0.0152874	0.0228072
242.6	-0.0167656	0.0151475	0.022595
242.8	-0.0166168	0.0149941	0.0223817
243	-0.0164798	0.0148282	0.0221689
243.2	-0.0163556	0.0146512	0.0219582
243.4	-0.0162449	0.0144641	0.021751
243.6	-0.0161484	0.0142684	0.021549
243.8	-0.0160666	0.0140655	0.0213536
244	-0.0160001	0.0138567	0.0211663
244.2	-0.015949	0.0136436	0.0209886
244.4	-0.0159136	0.0134277	0.0208218
244.6	-0.0158941	0.0132105	0.0206673
244.8	-0.0158903	0.0129934	0.0205263
245	-0.0159021	0.0127778	0.0203997
245.2	-0.0159293	0.0125652	0.0202886
245.4	-0.0159714	0.0123569	0.0201935
245.6	-0.0160279	0.0121542	0.0201151
245.8	-0.0160983	0.0119585	0.0200539
246	-0.0161819	0.0117708	0.0200101
246.2	-0.016278	0.0115922	0.0199838
246.4	-0.0163858	0.0114237	0.0199749
246.6	-0.0165044	0.0112662	0.0199831
246.8	-0.016633	0.0111205	0.020008
247	-0.0167704	0.0109872	0.0200491
247.2	-0.0169158	0.010867	0.0201057
247.4	-0.0170682	0.0107605	0.020177
247.6	-0.0172264	0.010668	0.0202622
247.8	-0.0173896	0.0105898	0.0203603
248	-0.0175566	0.0105262	0.0204703
248.2	-0.0177265	0.0104772	0.0205912
248.4	-0.0178982	0.010443	0.020722
248.6	-0.0180707	0.0104235	0.0208614
248.8	-0.018243	0.0104186	0.0210084
249	-0.0184142	0.010428	0.0211619
249.2	-0.0185834	0.0104516	0.0213208
249.4	-0.0187496	0.0104889	0.021484
249.6	-0.018912	0.0105397	0.0216506
249.8	-0.0190697	0.0106034	0.0218194
