# Time	U	V	U_magnitude
0	-6.18065e-116	3.06189e-115	3.12365e-115
0.2	-1.39342e-08	1.00767e-08	1.71959e-08
0.4	-0.00235687	0.000136615	0.00236082
0.6	-0.0113076	3.62875e-05	0.0113077
0.8	-0.0126667	0.000176992	0.0126679
1	-0.0113364	0.000432141	0.0113447
1.2	-0.00849334	0.000851223	0.00853589
1.4	-0.0063944	0.000832472	0.00644836
1.6	-0.00655252	0.000808779	0.00660224
1.8	-0.011161	0.00102628	0.011208
2	-0.0139322	0.00157055	0.0140205
2.2	-0.0149949	0.00193665	0.0151194
2.4	-0.0136134	0.00233476	0.0138121
2.6	-0.0103092	0.00246254	0.0105993
2.8	-0.00886337	0.00251032	0.00921201
3	-0.0109711	0.0026831	0.0112944
3.2	-0.0143671	0.00305109	0.0146875
3.4	-0.0166834	0.00367579	0.0170835
3.6	-0.0164864	0.00460698	0.017118
3.8	-0.0141366	0.0051692	0.0150521
4	-0.0125021	0.0051449	0.0135194
4.2	-0.0131258	0.00504331	0.0140613
4.4	-0.0152994	0.00531151	0.0161951
4.6	-0.0177362	0.00621981	0.0187951
4.8	-0.0189611	0.00747312	0.0203806
5	-0.0183615	0.00835039	0.0201711
5.2	-0.0169603	0.0086353	0.0190321
5.4	-0.0163537	0.00862487	0.0184887
5.6	-0.017398	0.00870252	0.0194532
5.8	-0.0197336	0.00934877	0.0218361
6	-0.0217455	0.0106268	0.0242032
6.2	-0.022156	0.0120095	0.0252015
6.4	-0.02134	0.0129345	0.0249539
6.6	-0.0206588	0.0131587	0.0244936
6.8	-0.0211451	0.0130351	0.0248401
7	-0.0227874	0.0133585	0.0264143
7.2	-0.0246282	0.0145335	0.0285967
7.4	-0.0257283	0.0162049	0.0304063
7.6	-0.0259188	0.0176534	0.0313597
7.8	-0.0256826	0.0183621	0.0315715
8	-0.0257624	0.0184655	0.0316966
8.2	-0.026662	0.0186449	0.0325345
8.4	-0.0281993	0.0195018	0.0342859
8.6	-0.0296785	0.0210944	0.0364113
8.8	-0.0305233	0.0229223	0.038172
9	-0.0307364	0.0243058	0.0391855
9.2	-0.0308688	0.0249588	0.0396966
9.4	-0.0314941	0.0252383	0.040359
9.6	-0.0326812	0.0258305	0.0416566
9.8	-0.0340323	0.0271849	0.043557
10	-0.0351222	0.0291399	0.0456366
10.2	-0.0358237	0.0310562	0.0474112
10.4	-0.0363258	0.0323802	0.0486625
10.6	-0.0369225	0.0331018	0.0495883
10.8	-0.0377813	0.0337283	0.0506461
11	-0.0388677	0.0348558	0.0522075
11.2	-0.0400032	0.0366783	0.0542729
11.4	-0.0409956	0.0388465	0.0564773
11.6	-0.0417852	0.0407866	0.0583914
11.8	-0.0424818	0.0421684	0.0598572
12	-0.0432499	0.0431531	0.0610962
12.2	-0.0441644	0.0442457	0.0625154
12.4	-0.0451674	0.0458711	0.0643759
12.6	-0.0461499	0.0480388	0.0666148
12.8	-0.0470574	0.0503594	0.0689236
13	-0.0479055	0.0523755	0.0709798
13.2	-0.0487246	0.053931	0.0726818
13.4	-0.0495295	0.0552768	0.0742206
13.6	-0.0503341	0.0568452	0.0759269
13.8	-0.0511639	0.0589006	0.0780194
14	-0.0520335	0.0613459	0.0804413
14.2	-0.0529178	0.0638317	0.0829143
14.4	-0.0537658	0.0660649	0.0851783
14.6	-0.0545481	0.0680554	0.0872183
14.8	-0.0552878	0.0701168	0.0892923
15	-0.056048	0.0726443	0.0917528
15.2	-0.0568909	0.0758523	0.0948164
15.4	-0.0578398	0.0796809	0.0984606
15.6	-0.0588646	0.0839235	0.102509
15.8	-0.0598962	0.0884494	0.106822
16	-0.0608685	0.0933359	0.11143
16.2	-0.0617657	0.0988121	0.116528
16.4	-0.0626316	0.105074	0.122324
16.6	-0.0635197	0.112125	0.128867
16.8	-0.0644244	0.119756	0.135986
17	-0.065256	0.127679	0.143389
17.2	-0.0658919	0.135683	0.150837
17.4	-0.066258	0.143718	0.158256
17.6	-0.0663699	0.151834	0.165706
17.8	-0.0662979	0.160062	0.173249
18	-0.0660928	0.168308	0.18082
18.2	-0.0657335	0.176357	0.188209
18.4	-0.0651371	0.183958	0.19515
18.6	-0.0642203	0.190931	0.201442
18.8	-0.0629632	0.197213	0.20702
19	-0.0614275	0.202821	0.211919
19.2	-0.0597146	0.207772	0.216182
19.4	-0.0578935	0.212008	0.219771
19.6	-0.0559585	0.215405	0.222555
19.8	-0.0538538	0.217834	0.224392
20	-0.051545	0.219254	0.225231
20.2	-0.0490732	0.219744	0.225157
20.4	-0.046545	0.219469	0.22435
20.6	-0.044066	0.218598	0.222995
20.8	-0.0416778	0.217248	0.22121
21	-0.0393497	0.215487	0.219051
21.2	-0.0370264	0.213379	0.216568
21.4	-0.0346876	0.211035	0.213866
21.6	-0.0323698	0.208618	0.211114
21.8	-0.0301374	0.206309	0.208499
22	-0.028029	0.204244	0.206158
22.2	-0.0260228	0.202477	0.204142
22.4	-0.0240497	0.200988	0.202422
22.6	-0.0220416	0.199722	0.200935
22.8	-0.0199777	0.198644	0.199646
23	-0.0178916	0.197755	0.198562
23.2	-0.015834	0.197076	0.197711
23.4	-0.0138261	0.196608	0.197094
23.6	-0.0118405	0.196303	0.196659
23.8	-0.00982555	0.19607	0.196316
24	-0.00774845	0.195819	0.195972
24.2	-0.00562116	0.195501	0.195582
24.4	-0.00348894	0.195118	0.19515
24.6	-0.00139457	0.194701	0.194706
24.8	0.000652199	0.194266	0.194267
25	0.00267633	0.193789	0.193808
25.2	0.00471288	0.193217	0.193274
25.4	0.00677503	0.192501	0.19262
25.6	0.00884153	0.191629	0.191833
25.8	0.0108724	0.190636	0.190946
26	0.0128384	0.189568	0.190002
26.2	0.0147403	0.188449	0.189025
26.4	0.0166053	0.187268	0.188003
26.6	0.0184603	0.185987	0.186901
26.8	0.0203095	0.184579	0.185693
27	0.0221309	0.18305	0.184383
27.2	0.0238935	0.181437	0.183004
27.4	0.0255814	0.17978	0.181591
27.6	0.0272027	0.178094	0.18016
27.8	0.0287814	0.176362	0.178696
28	0.0303354	0.174553	0.17717
28.2	0.031863	0.17265	0.175565
28.4	0.0333434	0.170664	0.173891
28.6	0.034753	0.168629	0.172173
28.8	0.0360836	0.166577	0.17044
29	0.0373455	0.16451	0.168695
29.2	0.0385594	0.162408	0.166923
29.4	0.039738	0.160245	0.165099
29.6	0.0408752	0.158012	0.163213
29.8	0.0419522	0.155725	0.161277
30	0.0429514	0.153415	0.159314
30.2	0.0438688	0.151099	0.157339
30.4	0.0447165	0.148775	0.155349
30.6	0.0455114	0.14642	0.15333
30.8	0.0462608	0.144016	0.151264
31	0.0469566	0.141564	0.149148
31.2	0.0475821	0.139081	0.146995
31.4	0.0481251	0.136593	0.144823
31.6	0.0485862	0.13411	0.14264
31.8	0.0489777	0.131623	0.14044
32	0.0493138	0.129113	0.13821
32.2	0.0495982	0.126569	0.13594
32.4	0.0498221	0.123999	0.133634
32.6	0.0499712	0.121423	0.131303
32.8	0.0500374	0.118857	0.12896
33	0.0500252	0.116305	0.126607
33.2	0.0499478	0.113756	0.124238
33.4	0.0498166	0.111196	0.121845
33.6	0.0496325	0.108622	0.119424
33.8	0.0493863	0.106045	0.116981
34	0.0490668	0.103483	0.114527
34.2	0.0486707	0.100947	0.112068
34.4	0.0482054	0.0984341	0.109604
34.6	0.047684	0.095933	0.10713
34.8	0.047115	0.0934357	0.104642
35	0.0464969	0.0909448	0.102142
35.2	0.0458206	0.0884728	0.0996341
35.4	0.0450782	0.0860328	0.0971272
35.6	0.0442705	0.0836293	0.0946242
35.8	0.0434075	0.0812566	0.092124
36	0.0425008	0.0789055	0.0896237
36.2	0.0415559	0.0765727	0.0871222
36.4	0.0405687	0.0742642	0.0846226
36.6	0.0395311	0.0719909	0.0821304
36.8	0.0384391	0.0697608	0.07965
37	0.0372968	0.0675737	0.0771833
37.2	0.036115	0.0654231	0.0747294
37.4	0.0349031	0.0633027	0.0722873
37.6	0.0336629	0.0612126	0.0698582
37.8	0.0323891	0.0591598	0.0674458
38	0.0310753	0.0571524	0.0650544
38.2	0.0297207	0.0551942	0.0626875
38.4	0.0283323	0.053282	0.0603464
38.6	0.02692	0.0514098	0.0580314
38.8	0.02549	0.0495742	0.0557435
39	0.0240411	0.0477778	0.0534855
39.2	0.0225677	0.0460268	0.0512617
39.4	0.0210657	0.0443262	0.0490772
39.6	0.0195375	0.0426764	0.046936
39.8	0.0179912	0.0410732	0.0448407
40	0.0164347	0.0395122	0.0427938
40.2	0.0148708	0.0379924	0.0407991
40.4	0.0132965	0.0365172	0.0388626
40.6	0.0117065	0.0350912	0.0369924
40.8	0.0101	0.033717	0.0351973
41	0.00848127	0.0323928	0.0334847
41.2	0.0068583	0.0311147	0.0318616
41.4	0.00523614	0.0298802	0.0303355
41.6	0.00361503	0.0286897	0.0289165
41.8	0.00199076	0.0275466	0.0276184
42	0.000360352	0.0264539	0.0264563
42.2	-0.00127482	0.025412	0.025444
42.4	-0.00290928	0.0244186	0.0245913
42.6	-0.00453742	0.0234708	0.0239053
42.8	-0.00615695	0.0225672	0.023392
43	-0.00777016	0.0217095	0.0230581
43.2	-0.0093807	0.0209001	0.0229088
43.4	-0.0109901	0.0201406	0.0229439
43.6	-0.0125955	0.0194302	0.0231555
43.8	-0.0141919	0.0187666	0.0235285
44	-0.0157755	0.0181478	0.024046
44.2	-0.0173463	0.0175737	0.0246927
44.4	-0.0189071	0.0170457	0.0254565
44.6	-0.0204602	0.0165656	0.0263256
44.8	-0.0220054	0.0161335	0.0272861
45	-0.0235389	0.0157483	0.0283212
45.2	-0.0250567	0.0154081	0.0294151
45.4	-0.026557	0.0151117	0.0305555
45.6	-0.0280408	0.0148594	0.0317347
45.8	-0.0295106	0.0146524	0.032948
46	-0.0309671	0.0144916	0.0341902
46.2	-0.0324084	0.0143766	0.0354541
46.4	-0.033831	0.0143061	0.0367315
46.6	-0.0352321	0.0142784	0.0380155
46.8	-0.0366112	0.0142932	0.0393023
47	-0.0379696	0.0143506	0.040591
47.2	-0.0393085	0.0144516	0.0418809
47.4	-0.0406274	0.0145964	0.0431699
47.6	-0.0419236	0.0147841	0.044454
47.8	-0.043194	0.0150136	0.0457289
48	-0.0444371	0.0152835	0.0469919
48.2	-0.0456529	0.0155936	0.0482425
48.4	-0.046842	0.0159439	0.0494811
48.6	-0.0480048	0.0163345	0.0507078
48.8	-0.0491399	0.0167656	0.0519212
49	-0.0502444	0.017236	0.0531185
49.2	-0.0513161	0.0177445	0.0542974
49.4	-0.052354	0.0182901	0.0554569
49.6	-0.0533583	0.0188718	0.0565973
49.8	-0.0543295	0.01949	0.0577196
50	-0.0552669	0.0201448	0.0588238
50.2	-0.0561682	0.0208355	0.0599081
50.4	-0.0570309	0.0215602	0.0609702
50.6	-0.0578538	0.0223176	0.0620092
50.8	-0.0586365	0.023107	0.0630252
51	-0.059379	0.0239276	0.0640187
51.2	-0.060081	0.024779	0.0649902
51.4	-0.0607411	0.0256608	0.065939
51.6	-0.0613573	0.0265714	0.0668637
51.8	-0.0619277	0.0275091	0.0677628
52	-0.0624516	0.0284724	0.0686358
52.2	-0.0629287	0.0294599	0.0694832
52.4	-0.0633589	0.030471	0.0703053
52.6	-0.0637413	0.0315047	0.071102
52.8	-0.0640744	0.0325595	0.0718725
53	-0.0643567	0.0336335	0.0726154
53.2	-0.0645868	0.0347245	0.0733298
53.4	-0.0647645	0.0358308	0.0740155
53.6	-0.0648897	0.0369507	0.0746728
53.8	-0.064962	0.0380829	0.0753018
54	-0.0649805	0.0392258	0.0759021
54.2	-0.064944	0.0403773	0.0764725
54.4	-0.0648515	0.0415348	0.0770121
54.6	-0.0647026	0.0426959	0.0775201
54.8	-0.0644973	0.0438585	0.0779966
55	-0.0642357	0.0450207	0.0784416
55.2	-0.0639176	0.0461805	0.0788549
55.4	-0.0635425	0.0473358	0.0792359
55.6	-0.0631098	0.0484839	0.0795835
55.8	-0.0626193	0.0496219	0.0798969
56	-0.0620713	0.0507472	0.0801756
56.2	-0.0614663	0.0518576	0.0804197
56.4	-0.0608049	0.0529509	0.080629
56.6	-0.0600874	0.0540248	0.0808033
56.8	-0.0593137	0.0550766	0.0809417
57	-0.0584843	0.0561035	0.0810433
57.2	-0.0575998	0.0571026	0.0811076
57.4	-0.0566612	0.0580713	0.0811342
57.6	-0.0556697	0.0590074	0.0811233
57.8	-0.0546264	0.0599087	0.0810746
58	-0.0535322	0.0607727	0.0809877
58.2	-0.0523881	0.0615965	0.0808619
58.4	-0.0511954	0.0623774	0.0806964
58.6	-0.0499555	0.063113	0.080491
58.8	-0.0486704	0.0638008	0.0802456
59	-0.0473419	0.064439	0.0799603
59.2	-0.045972	0.0650252	0.0796348
59.4	-0.0445622	0.0655572	0.0792687
59.6	-0.0431146	0.0660324	0.0788615
59.8	-0.0416313	0.0664485	0.0784129
60	-0.040115	0.0668037	0.0779227
60.2	-0.0385681	0.0670961	0.0773912
60.4	-0.0369935	0.0673241	0.0768183
60.6	-0.0353937	0.0674858	0.076204
60.8	-0.0337715	0.0675794	0.0755479
61	-0.0321296	0.0676031	0.0748498
61.2	-0.0304712	0.0675555	0.0741097
61.4	-0.0287997	0.0674354	0.0733277
61.6	-0.0271185	0.0672417	0.0725042
61.8	-0.0254311	0.0669735	0.0716393
62	-0.0237408	0.0666297	0.0707328
62.2	-0.022051	0.0662093	0.0697848
62.4	-0.0203655	0.0657116	0.0687951
62.6	-0.0186882	0.0651363	0.0677642
62.8	-0.017023	0.0644832	0.0666923
63	-0.0153739	0.0637523	0.0655798
63.2	-0.013745	0.0629436	0.0644269
63.4	-0.0121402	0.0620572	0.0632335
63.6	-0.0105635	0.0610934	0.0619999
63.8	-0.00901912	0.0600529	0.0607264
64	-0.00751143	0.0589365	0.0594132
64.2	-0.00604475	0.0577453	0.0580608
64.4	-0.00462345	0.0564807	0.0566696
64.6	-0.00325174	0.055144	0.0552398
64.8	-0.00193379	0.0537368	0.0537716
65	-0.000674082	0.052261	0.0522653
65.2	0.000523162	0.0507186	0.0507213
65.4	0.00165337	0.0491124	0.0491403
65.6	0.00271283	0.047445	0.0475225
65.8	0.00369736	0.0457192	0.0458685
66	0.00460338	0.0439382	0.0441787
66.2	0.00542721	0.0421053	0.0424536
66.4	0.00616505	0.0402243	0.040694
66.6	0.00681344	0.0382991	0.0389005
66.8	0.00736904	0.0363342	0.037074
67	0.00782863	0.0343341	0.0352153
67.2	0.00818937	0.0323035	0.0333253
67.4	0.00844866	0.0302473	0.0314051
67.6	0.00860417	0.0281711	0.0294558
67.8	0.00865373	0.0260802	0.0274785
68	0.00859544	0.0239807	0.0254746
68.2	0.00842784	0.0218785	0.0234456
68.4	0.00814991	0.0197799	0.0213931
68.6	0.00776111	0.0176912	0.0193187
68.8	0.00726119	0.015619	0.0172244
69	0.00665037	0.0135702	0.0151122
69.2	0.00592936	0.0115516	0.0129845
69.4	0.0050994	0.00957028	0.0108441
69.6	0.00416217	0.00763331	0.00869432
69.8	0.00312018	0.00574783	0.00654012
70	0.00197621	0.00392079	0.00439067
70.2	0.000733847	0.00215919	0.00228049
70.4	-0.000603093	0.00046983	0.000764501
70.6	-0.00202981	-0.00114122	0.00232862
70.8	-0.00354229	-0.00266837	0.00443486
71	-0.00513529	-0.00410712	0.00657568
71.2	-0.00680381	-0.00545317	0.00871945
71.4	-0.00854285	-0.00670244	0.0108583
71.6	-0.0103466	-0.00785093	0.0129881
71.8	-0.0122099	-0.00889533	0.0151066
72	-0.0141265	-0.00983199	0.0172112
72.2	-0.0160906	-0.0106584	0.0193005
72.4	-0.0180963	-0.0113712	0.0213724
72.6	-0.0201368	-0.0119684	0.023425
72.8	-0.0222059	-0.0124478	0.0254568
73	-0.0242973	-0.0128074	0.0274661
73.2	-0.0264042	-0.0130456	0.0294511
73.4	-0.0285199	-0.013161	0.0314101
73.6	-0.0306374	-0.013153	0.0333414
73.8	-0.0327498	-0.0130209	0.0352433
74	-0.0348502	-0.0127646	0.0371143
74.2	-0.0369316	-0.0123843	0.0389527
74.4	-0.0389869	-0.0118807	0.0407569
74.6	-0.0410089	-0.0112544	0.0425252
74.8	-0.042991	-0.0105071	0.0442564
75	-0.0449261	-0.00964091	0.0459489
75.2	-0.0468069	-0.00865785	0.0476009
75.4	-0.048627	-0.00756074	0.0492113
75.6	-0.0503793	-0.00635293	0.0507782
75.8	-0.0520577	-0.00503806	0.0523009
76	-0.0536553	-0.00362004	0.0537773
76.2	-0.0551663	-0.00210401	0.0552064
76.4	-0.0565848	-0.000495021	0.0565869
76.6	-0.0579049	0.00120099	0.0579174
76.8	-0.0591214	0.00297721	0.0591963
77	-0.0602292	0.00482707	0.0604223
77.2	-0.0612237	0.00674368	0.061594
77.4	-0.0621008	0.00871965	0.0627099
77.6	-0.0628564	0.0107473	0.0637686
77.8	-0.0634874	0.0128187	0.0647686
78	-0.0639909	0.0149257	0.0657085
78.2	-0.0643646	0.01706	0.0665871
78.4	-0.0646067	0.0192131	0.0674031
78.6	-0.0647162	0.0213766	0.0681553
78.8	-0.0646926	0.0235417	0.0688428
79	-0.0645358	0.0256999	0.0694648
79.2	-0.0642468	0.0278426	0.0700204
79.4	-0.0638268	0.0299615	0.0705093
79.6	-0.063278	0.0320482	0.0709309
79.8	-0.062603	0.0340947	0.0712852
80	-0.0618051	0.0360932	0.0715723
80.2	-0.0608881	0.0380362	0.0717922
80.4	-0.0598566	0.0399167	0.0719455
80.6	-0.0587155	0.0417278	0.0720328
80.8	-0.0574702	0.0434635	0.0720549
81	-0.0561267	0.0451181	0.0720128
81.2	-0.0546911	0.0466865	0.0719078
81.4	-0.0531699	0.048164	0.0717413
81.6	-0.0515699	0.0495468	0.0715146
81.8	-0.049898	0.0508315	0.0712296
82	-0.0481612	0.0520153	0.0708878
82.2	-0.0463663	0.053096	0.0704912
82.4	-0.0445203	0.0540719	0.0700416
82.6	-0.0426299	0.0549418	0.0695407
82.8	-0.0407017	0.0557051	0.0689904
83	-0.0387419	0.0563613	0.0683924
83.2	-0.0367566	0.0569104	0.0677484
83.4	-0.0347516	0.0573527	0.0670597
83.6	-0.0327322	0.0576887	0.0663278
83.8	-0.0307037	0.057919	0.065554
84	-0.0286708	0.0580443	0.0647392
84.2	-0.0266382	0.0580656	0.0638843
84.4	-0.0246102	0.0579835	0.0629901
84.6	-0.0225909	0.057799	0.062057
84.8	-0.0205842	0.0575128	0.0610854
85	-0.0185941	0.0571257	0.0600757
85.2	-0.0166241	0.0566385	0.0590277
85.4	-0.014678	0.0560516	0.0579416
85.6	-0.0127597	0.0553658	0.056817
85.8	-0.0108727	0.0545814	0.0556538
86	-0.00902129	0.053699	0.0544515
86.2	-0.00720947	0.0527191	0.0532098
86.4	-0.00544172	0.0516422	0.0519281
86.6	-0.00372281	0.0504689	0.050606
86.8	-0.0020579	0.0491999	0.0492429
87	-0.000452591	0.0478362	0.0478384
87.2	0.00108713	0.0463792	0.0463919
87.4	0.00255538	0.0448303	0.044903
87.6	0.00394617	0.0431914	0.0433713
87.8	0.00525355	0.041465	0.0417965
88	0.00647094	0.0396539	0.0401784
88.2	0.00759206	0.0377614	0.0385171
88.4	0.00861032	0.0357918	0.036813
88.6	0.00951908	0.0337494	0.0350661
88.8	0.010312	0.0316398	0.0332778
89	0.0109828	0.0294687	0.0314488
89.2	0.0115252	0.0272432	0.0295808
89.4	0.0119339	0.0249707	0.0276759
89.6	0.0122037	0.0226592	0.0257366
89.8	0.0123299	0.0203176	0.0237661
90	0.0123084	0.0179555	0.0217692
90.2	0.0121364	0.0155831	0.0197516
90.4	0.0118116	0.0132111	0.0177213
90.6	0.0113326	0.0108508	0.0156898
90.8	0.0106993	0.00851418	0.0136735
91	0.00991245	0.00621332	0.0116988
91.2	0.0089743	0.0039609	0.00980952
91.4	0.00788813	0.00177011	0.00808429
91.6	0.00665833	-0.000345929	0.00666731
91.8	0.00529074	-0.00237437	0.0057991
92	0.00379195	-0.00430512	0.00573699
92.2	0.00216963	-0.00612877	0.00650147
92.4	0.000432499	-0.00783647	0.0078484
92.6	-0.00140931	-0.00942001	0.00952485
92.8	-0.00334545	-0.010872	0.0113751
93	-0.00536585	-0.0121861	0.0133152
93.2	-0.00746027	-0.0133564	0.0152986
93.4	-0.00961834	-0.0143778	0.0172984
93.6	-0.0118294	-0.0152462	0.0192972
93.8	-0.0140826	-0.015958	0.0212833
94	-0.0163672	-0.0165105	0.0232482
94.2	-0.0186721	-0.0169015	0.0251855
94.4	-0.0209866	-0.0171298	0.02709
94.6	-0.0232994	-0.017195	0.0289574
94.8	-0.0255998	-0.0170972	0.0307842
95	-0.0278769	-0.0168375	0.0325671
95.2	-0.0301197	-0.0164176	0.0343036
95.4	-0.0323179	-0.0158402	0.035991
95.6	-0.0344608	-0.0151087	0.0376273
95.8	-0.0365382	-0.0142274	0.0392104
96	-0.0385404	-0.0132012	0.0407386
96.2	-0.0404577	-0.0120362	0.0422102
96.4	-0.0422812	-0.010739	0.0436237
96.6	-0.0440022	-0.00931717	0.0449778
96.8	-0.0456126	-0.00777887	0.0462711
97	-0.0471049	-0.00613315	0.0475025
97.2	-0.0484725	-0.00438964	0.0486708
97.4	-0.0497092	-0.0025587	0.049775
97.6	-0.0508098	-0.000651486	0.0508139
97.8	-0.0517699	0.00131976	0.0517867
98	-0.052586	0.00334262	0.0526922
98.2	-0.0532557	0.0054052	0.0535293
98.4	-0.0537774	0.00749561	0.0542973
98.6	-0.0541506	0.00960201	0.0549953
98.8	-0.0543757	0.0117127	0.0556229
99	-0.0544544	0.0138163	0.0561798
99.2	-0.0543891	0.0159016	0.056666
99.4	-0.0541834	0.0179581	0.0570818
99.6	-0.0538417	0.0199758	0.0574279
99.8	-0.0533694	0.0219451	0.0577051
100	-0.0527724	0.0238575	0.0579147
100.2	-0.0520578	0.025705	0.0580583
100.4	-0.0512329	0.0274808	0.0581378
100.6	-0.0503057	0.0291787	0.0581555
100.8	-0.0492845	0.0307939	0.0581138
101	-0.0481778	0.0323222	0.0580157
101.2	-0.0469943	0.0337609	0.0578641
101.4	-0.0457426	0.0351077	0.0576623
101.6	-0.0444312	0.0363618	0.0574135
101.8	-0.043068	0.0375228	0.0571211
102	-0.0416608	0.0385914	0.0567884
102.2	-0.0402165	0.0395687	0.0564185
102.4	-0.0387416	0.0404564	0.0560146
102.6	-0.0372417	0.0412566	0.0555793
102.8	-0.0357219	0.0419716	0.0551151
103	-0.0341863	0.0426039	0.0546241
103.2	-0.0326385	0.0431558	0.0541082
103.4	-0.0310814	0.0436295	0.0535685
103.6	-0.0295172	0.0440271	0.0530062
103.8	-0.0279478	0.0443502	0.0524216
104	-0.0263744	0.0446001	0.0518148
104.2	-0.0247982	0.0447774	0.0511856
104.4	-0.0232198	0.0448826	0.0505332
104.6	-0.0216401	0.0449152	0.0498565
104.8	-0.0200597	0.0448746	0.0491541
105	-0.0184794	0.0447595	0.0484242
105.2	-0.0169004	0.0445679	0.0476647
105.4	-0.0153241	0.0442978	0.0468734
105.6	-0.0137525	0.0439463	0.0460479
105.8	-0.0121881	0.0435108	0.0451856
106	-0.0106342	0.042988	0.0442838
106.2	-0.00909461	0.0423749	0.0433399
106.4	-0.00757424	0.0416685	0.0423513
106.6	-0.0060786	0.040866	0.0413156
106.8	-0.00461409	0.0399649	0.0402304
107	-0.00318786	0.0389635	0.0390937
107.2	-0.00180778	0.0378606	0.0379037
107.4	-0.000482371	0.036656	0.0366592
107.6	0.000779541	0.0353505	0.0353591
107.8	0.00196834	0.033945	0.0340021
108	0.0030753	0.0324429	0.0325883
108.2	0.00409131	0.030848	0.0311181
108.4	0.00500694	0.0291646	0.0295913
108.6	0.00581415	0.0273993	0.0280094
108.8	0.00650401	0.0255588	0.0263734
109	0.00706944	0.0236517	0.0246856
109.2	0.00750313	0.0216866	0.0229479
109.4	0.00779898	0.0196739	0.0211633
109.6	0.00795205	0.0176245	0.0193354
109.8	0.00795822	0.01555	0.0174681
110	0.00781457	0.0134625	0.0155662
110.2	0.0075194	0.011375	0.0136357
110.4	0.00707238	0.00930066	0.0116842
110.6	0.00647454	0.00725301	0.00972244
110.8	0.0057281	0.00524594	0.0077673
111	0.00483706	0.00329312	0.00585165
111.2	0.0038064	0.00140857	0.00405867
111.4	0.00264248	-0.00039474	0.0026718
111.6	0.00135331	-0.00210391	0.00250158
111.8	-5.22002e-05	-0.00370865	0.00370902
112	-0.00156367	-0.00519944	0.00542948
112.2	-0.00317058	-0.00656766	0.00729292
112.4	-0.00486214	-0.00780581	0.00919626
112.6	-0.00662729	-0.00890756	0.0111025
112.8	-0.0084545	-0.00986738	0.012994
113	-0.0103323	-0.0106806	0.0148604
113.2	-0.012249	-0.011344	0.016695
113.4	-0.0141928	-0.0118546	0.0184924
113.6	-0.0161521	-0.0122113	0.0202486
113.8	-0.0181153	-0.0124131	0.0219602
114	-0.0200707	-0.0124606	0.0236241
114.2	-0.0220071	-0.0123549	0.025238
114.4	-0.0239133	-0.0120983	0.0267996
114.6	-0.0257786	-0.011694	0.028307
114.8	-0.0275924	-0.0111458	0.0297585
115	-0.0293447	-0.0104588	0.0311528
115.2	-0.031026	-0.00963862	0.0324887
115.4	-0.0326271	-0.008692	0.033765
115.6	-0.0341394	-0.00762635	0.0349809
115.8	-0.0355552	-0.00644987	0.0361355
116	-0.0368673	-0.00517148	0.0372283
116.2	-0.0380693	-0.00380081	0.0382585
116.4	-0.0391555	-0.00234807	0.0392258
116.6	-0.0401212	-0.000824124	0.0401297
116.8	-0.0409627	0.000759389	0.0409697
117	-0.041677	0.00239048	0.0417455
117.2	-0.0422624	0.00405761	0.0424568
117.4	-0.042718	0.00574932	0.0431031
117.6	-0.0430439	0.00745427	0.0436846
117.8	-0.0432414	0.00916139	0.0442013
118	-0.0433128	0.0108599	0.0446535
118.2	-0.0432611	0.0125395	0.0450418
118.4	-0.0430903	0.0141905	0.0453668
118.6	-0.0428055	0.0158036	0.0456296
118.8	-0.0424121	0.0173704	0.0458314
119	-0.0419167	0.0188833	0.0459737
119.2	-0.0413259	0.0203354	0.0460583
119.4	-0.0406474	0.0217209	0.046087
119.6	-0.0398889	0.0230349	0.0460623
119.8	-0.0390585	0.0242734	0.0459866
120	-0.0381643	0.0254335	0.0458626
120.2	-0.0372147	0.0265132	0.0456934
120.4	-0.0362176	0.0275116	0.0454819
120.6	-0.035181	0.0284285	0.0452315
120.8	-0.0341122	0.0292648	0.0449452
121	-0.0330181	0.0300218	0.0446263
121.2	-0.0319051	0.0307018	0.0442779
121.4	-0.0307786	0.0313074	0.043903
121.6	-0.0296434	0.0318415	0.0435041
121.8	-0.0285034	0.0323074	0.0430838
122	-0.027362	0.0327084	0.0426441
122.2	-0.0262213	0.0330478	0.0421866
122.4	-0.0250832	0.0333284	0.0417127
122.6	-0.0239485	0.0335531	0.0412231
122.8	-0.0228179	0.033724	0.0407181
123	-0.0216911	0.033843	0.0401977
123.2	-0.0205681	0.0339113	0.0396613
123.4	-0.0194483	0.0339294	0.039108
123.6	-0.018331	0.0338972	0.0385363
123.8	-0.0172159	0.0338143	0.0379446
124	-0.0161027	0.0336792	0.0373308
124.2	-0.0149915	0.0334904	0.0366926
124.4	-0.0138826	0.0332454	0.0360275
124.6	-0.0127774	0.0329416	0.0353328
124.8	-0.0116773	0.0325761	0.0346058
125	-0.010585	0.0321459	0.0338437
125.2	-0.00950354	0.0316476	0.0330437
125.4	-0.00843696	0.0310783	0.0322032
125.6	-0.00739003	0.0304352	0.0313196
125.8	-0.00636831	0.0297158	0.0303906
126	-0.00537792	0.0289184	0.0294142
126.2	-0.00442584	0.0280414	0.0283886
126.4	-0.00351946	0.0270849	0.0273126
126.6	-0.00266636	0.0260489	0.026185
126.8	-0.00187503	0.0249351	0.0250055
127	-0.00115323	0.0237461	0.0237741
127.2	-0.000509707	0.0224853	0.0224911
127.4	4.79677e-05	0.0211575	0.0211576
127.6	0.000511826	0.0197688	0.0197755
127.8	0.000874714	0.0183256	0.0183465
128	0.00113023	0.0168364	0.0168743
128.2	0.00127277	0.0153102	0.015363
128.4	0.00129761	0.0137569	0.013818
128.6	0.00120116	0.0121873	0.0122464
128.8	0.000981053	0.010613	0.0106583
129	0.000636344	0.00904609	0.00906844
129.2	0.000167154	0.00749863	0.00750049
129.4	-0.000424531	0.00598398	0.00599902
129.6	-0.00113532	0.00451386	0.00465445
129.8	-0.00196073	0.00310177	0.00366952
130	-0.00289405	0.00175848	0.00338641
130.2	-0.00392851	0.000495976	0.0039597
130.4	-0.00505512	-0.000675895	0.0051001
130.6	-0.00626564	-0.00174737	0.00650473
130.8	-0.00754934	-0.00271147	0.0080215
131	-0.00889597	-0.00356095	0.00958221
131.2	-0.0102952	-0.00429092	0.0111536
131.4	-0.0117354	-0.00489681	0.0127161
131.6	-0.0132058	-0.00537589	0.0142581
131.8	-0.0146951	-0.00572593	0.0157713
132	-0.0161921	-0.00594641	0.0172495
132.2	-0.0176861	-0.00603768	0.0186883
132.4	-0.0191666	-0.00600106	0.0200841
132.6	-0.0206233	-0.00583891	0.0214339
132.8	-0.0220464	-0.00555452	0.0227354
133	-0.0234269	-0.00515214	0.0239868
133.2	-0.024756	-0.00463686	0.0251865
133.4	-0.0260253	-0.00401421	0.0263331
133.6	-0.0272278	-0.00329076	0.0274259
133.8	-0.0283564	-0.0024736	0.0284641
134	-0.0294053	-0.00157041	0.0294472
134.2	-0.0303689	-0.000589429	0.0303746
134.4	-0.0312426	0.000460568	0.031246
134.6	-0.0320227	0.00157041	0.0320612
134.8	-0.032706	0.00273083	0.0328198
135	-0.0332903	0.00393253	0.0335218
135.2	-0.0337741	0.00516609	0.0341669
135.4	-0.0341569	0.00642217	0.0347554
135.6	-0.0344387	0.00769154	0.0352872
135.8	-0.0346206	0.00896521	0.0357626
136	-0.0347044	0.0102345	0.0361821
136.2	-0.0346925	0.0114909	0.036546
136.4	-0.0345882	0.0127267	0.0368553
136.6	-0.0343952	0.0139344	0.0371106
136.8	-0.0341179	0.015107	0.0373129
137	-0.0337614	0.0162384	0.0374635
137.2	-0.0333309	0.017323	0.0375638
137.4	-0.0328324	0.0183559	0.0376152
137.6	-0.0322717	0.0193328	0.0376194
137.8	-0.0316554	0.0202503	0.0375784
138	-0.0309897	0.0211059	0.0374943
138.2	-0.0302812	0.0218974	0.0373691
138.4	-0.0295364	0.0226236	0.0372052
138.6	-0.0287616	0.0232841	0.0370051
138.8	-0.027963	0.0238789	0.0367713
139	-0.0271462	0.0244089	0.0365063
139.2	-0.0263169	0.0248752	0.0362127
139.4	-0.02548	0.0252798	0.0358929
139.6	-0.02464	0.0256247	0.0355494
139.8	-0.0238007	0.0259126	0.0351843
140	-0.0229655	0.0261461	0.0347999
140.2	-0.0221368	0.0263281	0.0343978
140.4	-0.0213169	0.0264616	0.0339798
140.6	-0.0205071	0.0265492	0.033547
140.8	-0.0197082	0.0265936	0.0331003
141	-0.0189206	0.0265971	0.0326403
141.2	-0.0181443	0.0265616	0.0321673
141.4	-0.017379	0.0264888	0.031681
141.6	-0.0166241	0.0263797	0.0311809
141.8	-0.015879	0.0262349	0.0306661
142	-0.0151431	0.0260545	0.0301355
142.2	-0.014416	0.0258381	0.0295877
142.4	-0.0136975	0.0255851	0.029021
142.6	-0.0129876	0.0252941	0.0284336
142.8	-0.0122871	0.0249637	0.0278237
143	-0.0115968	0.0245921	0.0271893
143.2	-0.0109185	0.0241776	0.0265286
143.4	-0.0102543	0.0237181	0.0258399
143.6	-0.00960695	0.0232119	0.0251214
143.8	-0.00897991	0.0226573	0.0243719
144	-0.00837709	0.0220529	0.0235904
144.2	-0.00780287	0.0213979	0.0227762
144.4	-0.00726225	0.0206919	0.0219293
144.6	-0.00676039	0.0199349	0.02105
144.8	-0.00630286	0.0191281	0.0201398
145	-0.00589548	0.0182732	0.0192007
145.2	-0.00554393	0.0173725	0.0182357
145.4	-0.00525382	0.0164298	0.0172494
145.6	-0.0050307	0.0154494	0.0162479
145.8	-0.00487968	0.0144366	0.015239
146	-0.00480532	0.0133976	0.0142333
146.2	-0.00481157	0.0123393	0.0132442
146.4	-0.00490158	0.0112694	0.0122892
146.6	-0.00507764	0.0101964	0.0113907
146.8	-0.00534113	0.00912904	0.0105767
147	-0.00569229	0.00807643	0.00988083
147.2	-0.00613006	0.00704795	0.00934084
147.4	-0.00665281	0.00605316	0.00899448
147.6	-0.00725731	0.00510116	0.00887076
147.8	-0.0079395	0.00420076	0.00898232
148	-0.00869439	0.00336069	0.0093213
148.2	-0.00951572	0.00258844	0.00986148
148.4	-0.0103971	0.0018915	0.0105678
148.6	-0.0113306	0.0012757	0.0114022
148.8	-0.0123082	0.000746949	0.0123308
149	-0.0133222	0.000309149	0.0133258
149.2	-0.0143625	-3.411e-05	0.0143626
149.4	-0.0154206	-0.000280502	0.0154232
149.6	-0.0164876	-0.000428747	0.0164931
149.8	-0.0175544	-0.000478599	0.0175609
150	-0.018612	-0.000430828	0.018617
150.2	-0.0196519	-0.000287217	0.019654
150.4	-0.0206658	-5.04848e-05	0.0206659
150.6	-0.021646	0.000275784	0.0216478
150.8	-0.0225851	0.0006872	0.0225955
151	-0.0234761	0.00117845	0.0235056
151.2	-0.0243136	0.00174413	0.0243761
151.4	-0.0250919	0.00237774	0.0252043
151.6	-0.0258065	0.00307256	0.0259887
151.8	-0.0264533	0.00382149	0.0267279
152	-0.0270293	0.00461719	0.0274208
152.2	-0.027532	0.00545213	0.0280666
152.4	-0.0279597	0.00631875	0.0286648
152.6	-0.0283114	0.00720949	0.029215
152.8	-0.0285869	0.00811691	0.029717
153	-0.0287866	0.00903374	0.0301708
153.2	-0.0289116	0.00995292	0.0305768
153.4	-0.0289634	0.0108678	0.0309352
153.6	-0.0289443	0.0117719	0.0312466
153.8	-0.028857	0.0126593	0.0315116
154	-0.0287047	0.0135244	0.0317312
154.2	-0.0284909	0.0143624	0.0319062
154.4	-0.0282195	0.0151685	0.0320379
154.6	-0.0278948	0.0159387	0.0321273
154.8	-0.0275211	0.0166697	0.0321759
155	-0.0271031	0.0173584	0.0321852
155.2	-0.0266453	0.0180023	0.0321567
155.4	-0.0261525	0.0185997	0.0320922
155.6	-0.0256296	0.0191492	0.0319932
155.8	-0.0250811	0.0196498	0.0318618
156	-0.0245116	0.0201011	0.0316997
156.2	-0.0239256	0.0205031	0.0315089
156.4	-0.0233273	0.0208563	0.0312914
156.6	-0.0227208	0.0211614	0.031049
156.8	-0.0221098	0.0214194	0.0307837
157	-0.0214977	0.0216318	0.0304973
157.2	-0.0208876	0.0218002	0.0301917
157.4	-0.0202823	0.0219262	0.0298685
157.6	-0.019684	0.0220119	0.0295294
157.8	-0.0190948	0.0220592	0.0291757
158	-0.0185162	0.02207	0.0288086
158.2	-0.0179493	0.0220464	0.0284292
158.4	-0.0173952	0.0219901	0.0280384
158.6	-0.0168541	0.0219028	0.0276368
158.8	-0.0163265	0.021786	0.0272247
159	-0.0158123	0.021641	0.0268023
159.2	-0.0153114	0.0214688	0.0263694
159.4	-0.0148237	0.02127	0.025926
159.6	-0.0143488	0.0210452	0.0254714
159.8	-0.0138869	0.0207945	0.0250051
160	-0.0134378	0.0205178	0.0245266
160.2	-0.0130017	0.0202147	0.024035
160.4	-0.0125792	0.0198848	0.0235296
160.6	-0.0121711	0.0195275	0.02301
160.8	-0.0117784	0.0191421	0.0224756
161	-0.0114026	0.018728	0.0219262
161.2	-0.0110457	0.0182845	0.0213619
161.4	-0.0107098	0.0178114	0.0207833
161.6	-0.0103974	0.0173084	0.0201913
161.8	-0.0101115	0.0167758	0.0195875
162	-0.00985496	0.0162142	0.0189742
162.2	-0.00963121	0.0156247	0.0183546
162.4	-0.0094436	0.0150087	0.0177326
162.6	-0.00929549	0.0143685	0.0171132
162.8	-0.00919023	0.0137068	0.0165026
163	-0.009131	0.0130268	0.0159083
163.2	-0.00912072	0.0123326	0.0153389
163.4	-0.00916199	0.0116286	0.0148043
163.6	-0.0092569	0.0109198	0.0143154
163.8	-0.00940712	0.0102116	0.0138842
164	-0.00961362	0.00950987	0.0135225
164.2	-0.00987687	0.00882071	0.0132423
164.4	-0.0101964	0.0081503	0.0130535
164.6	-0.0105714	0.00750493	0.0129645
164.8	-0.0109998	0.00689074	0.0129799
165	-0.0114792	0.00631391	0.0131011
165.2	-0.0120066	0.00577991	0.0133254
165.4	-0.0125778	0.0052942	0.0136466
165.6	-0.0131886	0.0048617	0.0140561
165.8	-0.0138341	0.00448644	0.0145434
166	-0.0145086	0.00417216	0.0150966
166.2	-0.0152064	0.00392196	0.0157041
166.4	-0.0159216	0.0037381	0.0163545
166.6	-0.0166479	0.00362212	0.0170374
166.8	-0.0173789	0.00357483	0.0177428
167	-0.0181083	0.00359633	0.018462
167.2	-0.0188298	0.00368599	0.0191872
167.4	-0.0195372	0.00384252	0.0199115
167.6	-0.0202247	0.00406395	0.0206289
167.8	-0.0208864	0.0043477	0.0213341
168	-0.021517	0.00469032	0.0220222
168.2	-0.0221118	0.00508802	0.0226896
168.4	-0.0226664	0.00553681	0.0233329
168.6	-0.0231767	0.00603185	0.0239488
168.8	-0.0236394	0.00656799	0.0245349
169	-0.0240516	0.00714012	0.025089
169.2	-0.0244109	0.00774249	0.0256093
169.4	-0.0247156	0.00836955	0.0260943
169.6	-0.0249647	0.00901545	0.0265427
169.8	-0.0251574	0.00967449	0.0269535
170	-0.0252938	0.010341	0.0273261
170.2	-0.0253745	0.0110093	0.0276599
170.4	-0.0254003	0.0116742	0.0279546
170.6	-0.0253729	0.0123305	0.0282104
170.8	-0.0252942	0.0129734	0.0284272
171	-0.0251665	0.0135986	0.0286055
171.2	-0.0249926	0.0142019	0.0287458
171.4	-0.0247754	0.0147797	0.0288489
171.6	-0.0245182	0.0153288	0.0289157
171.8	-0.0242246	0.0158465	0.0289472
172	-0.023898	0.0163304	0.0289447
172.2	-0.0235422	0.0167788	0.0289096
172.4	-0.023161	0.0171901	0.0288432
172.6	-0.0227581	0.0175635	0.0287473
172.8	-0.0223372	0.0178983	0.0286234
173	-0.021902	0.0181943	0.0284733
173.2	-0.021456	0.0184517	0.0282988
173.4	-0.0210024	0.0186709	0.0281017
173.6	-0.0205445	0.0188527	0.0278837
173.8	-0.0200852	0.0189979	0.0276467
174	-0.0196273	0.0191079	0.0273924
174.2	-0.0191731	0.0191839	0.0271225
174.4	-0.0187248	0.0192274	0.0268386
174.6	-0.0182844	0.01924	0.0265424
174.8	-0.0178536	0.0192232	0.0262352
175	-0.0174337	0.0191787	0.0259182
175.2	-0.0170258	0.019108	0.0255928
175.4	-0.0166307	0.0190126	0.0252599
175.6	-0.0162492	0.0188941	0.0249203
175.8	-0.0158816	0.0187536	0.0245749
176	-0.0155283	0.0185924	0.0242241
176.2	-0.0151893	0.0184115	0.0238684
176.4	-0.0148647	0.0182118	0.023508
176.6	-0.0145544	0.0179939	0.0231433
176.8	-0.0142586	0.0177584	0.0227743
177	-0.0139772	0.0175055	0.022401
177.2	-0.0137104	0.0172356	0.0220236
177.4	-0.0134583	0.0169488	0.0216423
177.6	-0.0132214	0.016645	0.0212571
177.8	-0.0130003	0.0163244	0.0208685
178	-0.0127956	0.015987	0.0204771
178.2	-0.0126083	0.0156328	0.0200837
178.4	-0.0124396	0.0152621	0.0196894
178.6	-0.0122907	0.0148752	0.0192959
178.8	-0.0121632	0.0144726	0.018905
179	-0.0120587	0.0140553	0.0185193
179.2	-0.0119789	0.0136243	0.0181415
179.4	-0.0119255	0.013181	0.0177751
179.6	-0.0119003	0.0127272	0.0174241
179.8	-0.0119049	0.0122651	0.0170927
180	-0.011941	0.0117971	0.0167857
180.2	-0.01201	0.0113262	0.0165083
180.4	-0.012113	0.0108554	0.0162654
180.6	-0.0122509	0.0103882	0.0160623
180.8	-0.0124241	0.00992834	0.0159038
181	-0.0126329	0.00947958	0.0157941
181.2	-0.012877	0.00904598	0.0157368
181.4	-0.0131557	0.0086315	0.0157345
181.6	-0.0134677	0.0082401	0.0157886
181.8	-0.0138116	0.00787574	0.0158993
182	-0.0141852	0.00754206	0.0160656
182.2	-0.0145863	0.0072424	0.0162854
182.4	-0.0150119	0.0069799	0.0165553
182.6	-0.0154589	0.00675733	0.0168712
182.8	-0.0159237	0.00657704	0.0172285
183	-0.0164028	0.00644088	0.0176221
183.2	-0.0168924	0.00635023	0.0180465
183.4	-0.0173883	0.00630601	0.0184964
183.6	-0.0178865	0.00630862	0.0189665
183.8	-0.018383	0.00635802	0.0194514
184	-0.0188736	0.00645368	0.0199465
184.2	-0.0193544	0.00659462	0.0204471
184.4	-0.0198216	0.00677945	0.0209489
184.6	-0.0202714	0.00700637	0.021448
184.8	-0.0207002	0.00727312	0.0219408
185	-0.021105	0.00757718	0.022424
185.2	-0.0214829	0.00791586	0.0228949
185.4	-0.021831	0.00828615	0.0233506
185.6	-0.0221468	0.00868468	0.0237887
185.8	-0.0224284	0.00910796	0.0242072
186	-0.0226739	0.00955253	0.024604
186.2	-0.0228819	0.0100146	0.0249775
186.4	-0.0230513	0.0104903	0.0253261
186.6	-0.0231813	0.0109759	0.0256485
186.8	-0.0232715	0.0114676	0.0259435
187	-0.0233217	0.0119613	0.0262102
187.2	-0.0233323	0.0124534	0.0264477
187.4	-0.0233037	0.0129401	0.0266554
187.6	-0.023237	0.0134178	0.0268327
187.8	-0.0231332	0.0138832	0.0269794
188	-0.0229939	0.0143328	0.0270952
188.2	-0.0228209	0.0147637	0.0271801
188.4	-0.0226162	0.015173	0.0272344
188.6	-0.0223822	0.0155583	0.0272584
188.8	-0.0221212	0.0159171	0.0272526
189	-0.0218359	0.0162477	0.0272175
189.2	-0.0215292	0.0165482	0.0271542
189.4	-0.0212039	0.0168176	0.0270636
189.6	-0.020863	0.0170547	0.0269468
189.8	-0.0205096	0.0172591	0.0268052
190	-0.0201465	0.0174303	0.0266401
190.2	-0.0197767	0.0175685	0.0264532
190.4	-0.0194032	0.0176739	0.026246
190.6	-0.0190286	0.0177473	0.0260202
190.8	-0.0186556	0.0177893	0.0257778
191	-0.0182867	0.0178013	0.0255203
191.2	-0.017924	0.0177843	0.0252498
191.4	-0.0175697	0.01774	0.024968
191.6	-0.0172254	0.0176697	0.0246766
191.8	-0.0168929	0.0175752	0.0243774
192	-0.0165735	0.0174581	0.0240721
192.2	-0.0162682	0.0173202	0.0237622
192.4	-0.015978	0.017163	0.0234492
192.6	-0.0157035	0.0169883	0.0231344
192.8	-0.0154452	0.0167974	0.022819
193	-0.0152036	0.0165919	0.0225042
193.2	-0.0149786	0.0163731	0.0221909
193.4	-0.0147706	0.0161421	0.02188
193.6	-0.0145793	0.0159	0.0215723
193.8	-0.0144048	0.0156478	0.0212685
194	-0.014247	0.0153862	0.0209693
194.2	-0.0141058	0.0151159	0.0206752
194.4	-0.0139812	0.0148377	0.020387
194.6	-0.0138733	0.014552	0.0201054
194.8	-0.0137821	0.0142593	0.0198312
195	-0.0137079	0.0139602	0.0195651
195.2	-0.0136508	0.0136553	0.0193083
195.4	-0.0136113	0.0133452	0.019062
195.6	-0.0135898	0.0130304	0.0188275
195.8	-0.0135868	0.012712	0.0186063
196	-0.0136028	0.0123908	0.0184002
196.2	-0.0136384	0.0120678	0.018211
196.4	-0.0136942	0.0117446	0.0180407
196.6	-0.0137707	0.0114224	0.0178914
196.8	-0.0138684	0.011103	0.0177654
197	-0.0139875	0.0107881	0.0176645
197.2	-0.0141284	0.0104797	0.0175908
197.4	-0.014291	0.0101801	0.0175461
197.6	-0.0144751	0.00989127	0.0175319
197.8	-0.0146806	0.00961563	0.0175493
198	-0.0149065	0.00935552	0.0175992
198.2	-0.0151523	0.00911326	0.0176817
198.4	-0.0154168	0.00889112	0.0177969
198.6	-0.0156986	0.0086912	0.0179439
198.8	-0.0159963	0.00851553	0.0181217
199	-0.016308	0.00836596	0.0183287
199.2	-0.0166317	0.00824413	0.0185628
199.4	-0.0169652	0.00815145	0.0188219
199.6	-0.0173063	0.00808902	0.0191034
199.8	-0.0176526	0.00805765	0.0194046
200	-0.0180016	0.00805788	0.0197228
200.2	-0.0183508	0.00808993	0.0200549
200.4	-0.0186976	0.00815372	0.0203981
200.6	-0.0190395	0.00824888	0.0207496
200.8	-0.019374	0.00837475	0.0211066
201	-0.0196986	0.0085304	0.0214663
201.2	-0.020011	0.00871462	0.0218263
201.4	-0.0203091	0.00892601	0.0221841
201.6	-0.0205907	0.00916297	0.0225375
201.8	-0.020854	0.00942374	0.0228844
202	-0.0210971	0.00970639	0.0232229
202.2	-0.0213184	0.0100088	0.023551
202.4	-0.0215163	0.0103286	0.023867
202.6	-0.0216898	0.0106637	0.0241694
202.8	-0.0218376	0.0110116	0.0244568
203	-0.0219588	0.0113699	0.0247277
203.2	-0.0220526	0.011736	0.024981
203.4	-0.0221186	0.0121074	0.0252154
203.6	-0.0221563	0.0124815	0.0254301
203.8	-0.0221656	0.0128558	0.0256239
204	-0.0221465	0.0132276	0.0257961
204.2	-0.0220993	0.0135945	0.0259459
204.4	-0.0220244	0.013954	0.0260727
204.6	-0.0219223	0.0143035	0.0261759
204.8	-0.021794	0.0146407	0.0262551
205	-0.0216406	0.0149633	0.02631
205.2	-0.0214631	0.0152692	0.0263403
205.4	-0.0212631	0.0155562	0.0263461
205.6	-0.0210422	0.0158225	0.0263273
205.8	-0.0208021	0.0160664	0.0262841
206	-0.0205447	0.0162863	0.0262169
206.2	-0.0202721	0.0164809	0.0261262
206.4	-0.0199865	0.0166491	0.0260126
206.6	-0.0196902	0.01679	0.0258768
206.8	-0.0193855	0.0169031	0.0257199
207	-0.0190747	0.016988	0.0255428
207.2	-0.0187603	0.0170444	0.0253468
207.4	-0.0184445	0.0170726	0.0251332
207.6	-0.0181299	0.017073	0.0249034
207.8	-0.0178186	0.0170461	0.0246591
208	-0.0175127	0.0169928	0.0244019
208.2	-0.0172145	0.0169141	0.0241335
208.4	-0.0169256	0.0168113	0.0238558
208.6	-0.016648	0.0166857	0.0235705
208.8	-0.0163832	0.0165389	0.0232797
209	-0.0161326	0.0163723	0.0229851
209.2	-0.0158973	0.0161878	0.0226886
209.4	-0.0156785	0.0159871	0.022392
209.6	-0.0154769	0.0157718	0.0220972
209.8	-0.0152932	0.0155437	0.0218058
210	-0.0151279	0.0153046	0.0215194
210.2	-0.0149813	0.015056	0.0212397
210.4	-0.0148536	0.0147996	0.020968
210.6	-0.0147447	0.0145368	0.0207057
210.8	-0.0146546	0.0142691	0.020454
211	-0.0145833	0.0139979	0.0202142
211.2	-0.0145304	0.0137243	0.0199873
211.4	-0.0144958	0.0134496	0.0197742
211.6	-0.014479	0.0131749	0.019576
211.8	-0.0144798	0.0129011	0.0193934
212	-0.0144979	0.0126294	0.0192273
212.2	-0.0145328	0.0123606	0.0190784
212.4	-0.0145844	0.0120956	0.0189475
212.6	-0.0146522	0.0118354	0.0188352
212.8	-0.0147359	0.0115809	0.0187421
213	-0.0148352	0.0113332	0.0186688
213.2	-0.0149497	0.0110931	0.0186159
213.4	-0.0150791	0.0108617	0.0185838
213.6	-0.0152229	0.0106399	0.0185727
213.8	-0.0153807	0.0104289	0.018583
214	-0.0155519	0.0102299	0.0186148
214.2	-0.0157359	0.0100438	0.0186681
214.4	-0.0159322	0.0098718	0.0187427
214.6	-0.0161399	0.009715	0.0188382
214.8	-0.0163581	0.0095745	0.0189541
215	-0.0165858	0.00945135	0.0190897
215.2	-0.0168221	0.00934654	0.0192442
215.4	-0.0170656	0.00926097	0.0194165
215.6	-0.0173152	0.00919544	0.0196054
215.8	-0.0175696	0.00915064	0.0198097
216	-0.0178273	0.00912711	0.0200279
216.2	-0.0180868	0.00912525	0.0202584
216.4	-0.0183466	0.00914534	0.0204996
216.6	-0.0186052	0.00918745	0.02075
216.8	-0.0188609	0.00925154	0.0210077
217	-0.0191122	0.00933736	0.0212712
217.2	-0.0193576	0.00944453	0.0215387
217.4	-0.0195954	0.00957247	0.0218085
217.6	-0.0198242	0.00972049	0.0220791
217.8	-0.0200426	0.00988772	0.0223489
218	-0.0202491	0.0100731	0.0226162
218.2	-0.0204424	0.0102756	0.0228797
218.4	-0.0206214	0.0104938	0.0231379
218.6	-0.020785	0.0107266	0.0233896
218.8	-0.0209321	0.0109724	0.0236336
219	-0.0210618	0.0112297	0.0238685
219.2	-0.0211733	0.011497	0.0240933
219.4	-0.0212658	0.0117725	0.0243069
219.6	-0.0213388	0.0120546	0.0245083
219.8	-0.0213918	0.0123416	0.0246966
220	-0.0214244	0.0126316	0.0248709
220.2	-0.0214363	0.012923	0.0250304
220.4	-0.0214275	0.0132138	0.0251742
220.6	-0.0213979	0.0135023	0.0253018
220.8	-0.0213477	0.0137866	0.0254125
221	-0.021277	0.0140651	0.0255057
221.2	-0.0211864	0.0143358	0.0255808
221.4	-0.0210761	0.0145971	0.0256374
221.6	-0.020947	0.0148472	0.0256753
221.8	-0.0207998	0.0150846	0.025694
222	-0.0206355	0.0153077	0.0256933
222.2	-0.0204549	0.0155149	0.0256732
222.4	-0.0202594	0.0157049	0.0256337
222.6	-0.0200501	0.0158763	0.0255747
222.8	-0.0198285	0.016028	0.0254964
223	-0.0195962	0.016159	0.0253993
223.2	-0.0193547	0.0162684	0.0252836
223.4	-0.0191056	0.0163554	0.02515
223.6	-0.0188508	0.0164194	0.024999
223.8	-0.0185921	0.0164602	0.0248316
224	-0.0183313	0.0164775	0.0246484
224.2	-0.0180703	0.0164713	0.0244507
224.4	-0.0178109	0.0164417	0.0242396
224.6	-0.017555	0.0163891	0.0240162
224.8	-0.0173044	0.0163141	0.0237821
225	-0.0170608	0.0162173	0.0235387
225.2	-0.0168259	0.0160998	0.0232877
225.4	-0.0166013	0.0159625	0.0230305
225.6	-0.0163885	0.0158067	0.0227692
225.8	-0.0161889	0.0156336	0.0225053
226	-0.0160036	0.0154447	0.0222408
226.2	-0.0158336	0.0152415	0.0219774
226.4	-0.01568	0.0150257	0.0217172
226.6	-0.0155435	0.014799	0.0214618
226.8	-0.0154246	0.0145629	0.0212131
227	-0.0153239	0.0143193	0.0209729
227.2	-0.0152417	0.0140699	0.0207429
227.4	-0.0151781	0.0138162	0.0205247
227.6	-0.0151331	0.0135601	0.0203196
227.8	-0.0151066	0.013303	0.0201291
228	-0.0150984	0.0130467	0.0199544
228.2	-0.0151082	0.0127925	0.0197966
228.4	-0.0151355	0.0125418	0.0196566
228.6	-0.0151799	0.0122961	0.0195352
228.8	-0.0152406	0.0120565	0.0194328
229	-0.015317	0.0118243	0.0193501
229.2	-0.0154085	0.0116006	0.0192871
229.4	-0.0155142	0.0113864	0.0192442
229.6	-0.0156334	0.0111825	0.0192212
229.8	-0.0157653	0.01099	0.0192178
230	-0.0159089	0.0108096	0.0192338
230.2	-0.0160633	0.0106422	0.0192687
230.4	-0.0162276	0.0104882	0.019322
230.6	-0.0164009	0.0103485	0.0193928
230.8	-0.0165823	0.0102236	0.0194806
231	-0.0167708	0.0101139	0.0195845
231.2	-0.0169655	0.0100199	0.0197035
231.4	-0.0171652	0.00994195	0.0198365
231.6	-0.0173691	0.00988035	0.0199826
231.8	-0.0175759	0.00983536	0.0201406
232	-0.0177847	0.00980716	0.0203095
232.2	-0.0179944	0.00979586	0.0204879
232.4	-0.0182039	0.00980146	0.0206749
232.6	-0.0184122	0.00982393	0.0208691
232.8	-0.0186183	0.00986311	0.0210695
233	-0.018821	0.00991879	0.0212747
233.2	-0.0190194	0.00999067	0.0214837
233.4	-0.0192123	0.0100784	0.0216953
233.6	-0.0193988	0.0101814	0.0219083
233.8	-0.0195779	0.0102991	0.0221216
234	-0.0197486	0.010431	0.0223342
234.2	-0.0199102	0.0105763	0.022545
234.4	-0.0200617	0.0107343	0.0227529
234.6	-0.0202023	0.0109041	0.0229572
234.8	-0.0203313	0.0110847	0.0231567
235	-0.0204479	0.0112753	0.0233506
235.2	-0.0205516	0.0114746	0.0235379
235.4	-0.0206417	0.0116818	0.023718
235.6	-0.0207177	0.0118955	0.0238899
235.8	-0.0207793	0.0121147	0.024053
236	-0.0208261	0.0123381	0.0242065
236.2	-0.0208578	0.0125645	0.0243499
236.4	-0.0208742	0.0127927	0.0244824
236.6	-0.0208752	0.0130213	0.0246034
236.8	-0.0208607	0.0132492	0.0247125
237	-0.0208307	0.0134749	0.0248091
237.2	-0.0207854	0.0136972	0.0248927
237.4	-0.0207251	0.0139148	0.024963
237.6	-0.0206498	0.0141266	0.0250195
237.8	-0.0205601	0.0143311	0.0250619
238	-0.0204564	0.0145271	0.0250898
238.2	-0.0203391	0.0147135	0.0251032
238.4	-0.0202091	0.0148892	0.0251017
238.6	-0.0200668	0.0150529	0.0250852
238.8	-0.0199133	0.0152037	0.0250538
239	-0.0197493	0.0153406	0.0250074
239.2	-0.0195757	0.0154627	0.024946
239.4	-0.0193937	0.015569	0.0248698
239.6	-0.0192043	0.0156589	0.0247791
239.8	-0.0190086	0.0157317	0.0246742
240	-0.018808	0.0157869	0.0245554
240.2	-0.0186037	0.015824	0.0244233
240.4	-0.018397	0.0158427	0.0242784
240.6	-0.0181892	0.0158428	0.0241214
240.8	-0.0179819	0.0158243	0.0239532
241	-0.0177763	0.0157872	0.0237746
241.2	-0.0175739	0.0157318	0.0235867
241.4	-0.017376	0.0156584	0.0233904
241.6	-0.017184	0.0155674	0.0231869
241.8	-0.0169993	0.0154595	0.0229776
242	-0.016823	0.0153355	0.0227638
242.2	-0.0166565	0.0151962	0.0225469
242.4	-0.0165008	0.0150426	0.0223284
242.6	-0.016357	0.0148759	0.0221098
242.8	-0.0162262	0.0146972	0.0218929
243	-0.016109	0.014508	0.0216791
243.2	-0.0160064	0.0143095	0.0214701
243.4	-0.0159188	0.0141031	0.0212675
243.6	-0.0158469	0.0138905	0.0210729
243.8	-0.0157908	0.013673	0.0208878
244	-0.015751	0.0134523	0.0207137
244.2	-0.0157274	0.0132299	0.0205519
244.4	-0.0157201	0.0130074	0.0204037
244.6	-0.0157289	0.0127862	0.0202703
244.8	-0.0157536	0.0125678	0.0201526
245	-0.0157937	0.0123537	0.0200513
245.2	-0.0158488	0.0121451	0.0199672
245.4	-0.0159183	0.0119435	0.0199007
245.6	-0.0160014	0.01175	0.0198522
245.8	-0.0160976	0.0115658	0.0198217
246	-0.0162058	0.0113917	0.0198091
246.2	-0.0163253	0.0112288	0.0198142
246.4	-0.0164551	0.011078	0.0198366
246.6	-0.0165941	0.0109398	0.0198757
246.8	-0.0167413	0.010815	0.0199308
247	-0.0168958	0.0107041	0.0200011
247.2	-0.0170564	0.0106074	0.0200858
247.4	-0.0172222	0.0105254	0.0201839
247.6	-0.017392	0.0104582	0.0202943
247.8	-0.0175649	0.010406	0.0204159
248	-0.0177397	0.0103688	0.0205477
248.2	-0.0179154	0.0103466	0.0206885
248.4	-0.0180911	0.0103392	0.0208372
248.6	-0.0182658	0.0103465	0.0209926
248.8	-0.0184385	0.0103682	0.0211537
249	-0.0186083	0.0104039	0.0213192
249.2	-0.0187743	0.0104533	0.0214883
249.4	-0.0189358	0.0105159	0.0216598
249.6	-0.0190918	0.0105912	0.0218328
249.8	-0.0192417	0.0106786	0.0220063
