# Time	U	V	U_magnitude
0	-1.14623e-28	1.84403e-28	2.17124e-28
0.2	-0.000823408	7.14109e-05	0.000826499
0.4	-0.0116132	4.91503e-05	0.0116133
0.6	-0.0113881	0.00041706	0.0113957
0.8	-0.00733523	0.000956113	0.00739728
1	-0.00764361	0.000416002	0.00765493
1.2	-0.0126872	0.000994755	0.0127261
1.4	-0.0137945	0.00218973	0.0139672
1.6	-0.0111229	0.002307	0.0113597
1.8	-0.0107001	0.00192588	0.010872
2	-0.0139441	0.00273388	0.0142095
2.2	-0.0154084	0.00419468	0.0159691
2.4	-0.0140075	0.00470066	0.0147752
2.6	-0.0138967	0.00447984	0.014601
2.8	-0.0160133	0.00537632	0.0168917
3	-0.0175123	0.00716172	0.0189202
3.2	-0.0173099	0.00799705	0.0190679
3.4	-0.0173969	0.00810879	0.0191939
3.6	-0.0189538	0.00915097	0.0210473
3.8	-0.0204962	0.0110321	0.0232766
4	-0.0209433	0.0122606	0.0242682
4.2	-0.0213739	0.0127904	0.0249086
4.4	-0.0226638	0.0139752	0.0266262
4.6	-0.0241323	0.0159608	0.0289329
4.8	-0.0250441	0.0175451	0.0305784
5	-0.0257564	0.0185355	0.0317326
5.2	-0.0269098	0.0199626	0.0335059
5.4	-0.0283406	0.0220705	0.0359207
5.6	-0.0294948	0.0240097	0.0380317
5.8	-0.0304067	0.0255035	0.0396862
6	-0.0315165	0.0272503	0.0416638
6.2	-0.0328693	0.0295581	0.0442049
6.4	-0.0341143	0.0318715	0.046686
6.6	-0.0351332	0.0338832	0.04881
6.8	-0.0361886	0.0360331	0.0510686
7	-0.0374247	0.038627	0.0537834
7.2	-0.038629	0.0413364	0.0565765
7.4	-0.0396329	0.0438754	0.0591255
7.6	-0.0405842	0.0464861	0.0617093
7.8	-0.0416364	0.0494369	0.0646343
8	-0.0426735	0.0525616	0.0677034
8.2	-0.0435374	0.0556175	0.0706315
8.4	-0.0442943	0.0587133	0.0735475
8.6	-0.045077	0.0620679	0.0767096
8.8	-0.0458352	0.06563	0.080051
9	-0.0464444	0.0692414	0.0833754
9.2	-0.0469333	0.0729923	0.0867791
9.4	-0.0474132	0.0771494	0.0905541
9.6	-0.0478756	0.0818654	0.0948368
9.8	-0.0482218	0.0871917	0.099638
10	-0.048425	0.0932878	0.105108
10.2	-0.0485115	0.100378	0.111486
10.4	-0.0484225	0.108505	0.118819
10.6	-0.0480218	0.11747	0.126906
10.8	-0.0472276	0.127017	0.135513
11	-0.0460372	0.136922	0.144454
11.2	-0.0444368	0.146892	0.153466
11.4	-0.042383	0.156542	0.162178
11.6	-0.0398813	0.16553	0.170266
11.8	-0.0370067	0.173642	0.177542
12	-0.0338337	0.180718	0.183858
12.2	-0.0304045	0.186587	0.189048
12.4	-0.0267766	0.191136	0.193002
12.6	-0.0230443	0.194371	0.195732
12.8	-0.0192923	0.19636	0.197305
13	-0.0155652	0.197171	0.197784
13.2	-0.0118984	0.196906	0.197265
13.4	-0.00834208	0.195741	0.195919
13.6	-0.0049331	0.193881	0.193944
13.8	-0.00167187	0.191503	0.19151
14	0.00145434	0.188765	0.188771
14.2	0.00444705	0.185838	0.185891
14.4	0.00731332	0.182871	0.183017
14.6	0.0100809	0.179958	0.18024
14.8	0.0127799	0.177148	0.177608
15	0.0154236	0.17448	0.17516
15.2	0.0180168	0.171972	0.172913
15.4	0.0205728	0.169608	0.170851
15.6	0.0231019	0.167349	0.168936
15.8	0.0256	0.165164	0.167136
16	0.0280539	0.163023	0.165419
16.2	0.0304595	0.160889	0.163747
16.4	0.0328108	0.158724	0.16208
16.6	0.0350958	0.156503	0.16039
16.8	0.037298	0.154212	0.158658
17	0.0394092	0.151838	0.156868
17.2	0.0414258	0.149366	0.155004
17.4	0.0433366	0.146794	0.153058
17.6	0.0451325	0.144128	0.151029
17.8	0.0468107	0.141369	0.148918
18	0.0483693	0.138519	0.146721
18.2	0.0498046	0.135586	0.144444
18.4	0.0511131	0.132581	0.142092
18.6	0.0522955	0.129511	0.13967
18.8	0.0533533	0.126381	0.137181
19	0.0542852	0.1232	0.134629
19.2	0.0550913	0.119978	0.132022
19.4	0.0557737	0.116721	0.129362
19.6	0.0563353	0.113435	0.126654
19.8	0.0567765	0.110126	0.123901
20	0.0570974	0.106801	0.121106
20.2	0.0573002	0.103465	0.118272
20.4	0.0573874	0.10012	0.115401
20.6	0.0573596	0.0967725	0.112495
20.8	0.057217	0.0934263	0.109555
21	0.0569617	0.090085	0.106583
21.2	0.0565953	0.0867512	0.10358
21.4	0.0561182	0.0834291	0.100547
21.6	0.0555309	0.0801222	0.0974846
21.8	0.0548349	0.0768335	0.0943942
22	0.0540317	0.0735658	0.0912763
22.2	0.0531218	0.0703229	0.0881319
22.4	0.0521056	0.0671088	0.0849623
22.6	0.0509849	0.0639263	0.0817682
22.8	0.0497613	0.0607785	0.0785507
23	0.0484357	0.0576693	0.0753112
23.2	0.0470095	0.054603	0.0720512
23.4	0.0454846	0.0515831	0.0687725
23.6	0.043863	0.0486134	0.065477
23.8	0.042147	0.0456986	0.062167
24	0.0403385	0.0428425	0.0588445
24.2	0.0384406	0.0400496	0.0555126
24.4	0.0364563	0.0373242	0.0521743
24.6	0.0343886	0.0346709	0.0488328
24.8	0.032241	0.0320939	0.0454918
25	0.0300176	0.0295981	0.0421557
25.2	0.0277224	0.0271873	0.0388289
25.4	0.0253598	0.0248668	0.0355173
25.6	0.0229345	0.0226403	0.0322269
25.8	0.0204517	0.0205122	0.0289659
26	0.0179165	0.0184868	0.0257442
26.2	0.0153347	0.0165677	0.0225752
26.4	0.0127118	0.0147591	0.0194787
26.6	0.0100544	0.0130645	0.0164855
26.8	0.00736864	0.0114867	0.0136471
27	0.0046614	0.0100294	0.0110597
27.2	0.00193984	0.00869499	0.00890875
27.4	-0.000788745	0.00748594	0.00752738
27.6	-0.00351555	0.00640365	0.00730519
27.8	-0.00623514	0.00545009	0.00828133
28	-0.00894068	0.00462618	0.0100666
28.2	-0.0116263	0.00393261	0.0122734
28.4	-0.0142859	0.00336929	0.0146779
28.6	-0.0169139	0.00293592	0.0171668
28.8	-0.0195041	0.00263164	0.0196808
29	-0.0220513	0.00245527	0.0221876
29.2	-0.0245502	0.00240541	0.0246678
29.4	-0.0269945	0.00248004	0.0271082
29.6	-0.0293796	0.00267704	0.0295013
29.8	-0.0317003	0.00299376	0.0318414
30	-0.033952	0.00342749	0.0341246
30.2	-0.0361296	0.00397511	0.0363476
30.4	-0.0382287	0.0046331	0.0385084
30.6	-0.0402446	0.0053979	0.040605
30.8	-0.0421736	0.0062653	0.0426365
31	-0.0440114	0.00723178	0.0446016
31.2	-0.0457535	0.00829179	0.0464988
31.4	-0.0473967	0.00944145	0.0483279
31.6	-0.0489379	0.010676	0.0500889
31.8	-0.0503735	0.0119909	0.051781
32	-0.0517002	0.0133803	0.0534036
32.2	-0.0529158	0.0148393	0.0549572
32.4	-0.0540173	0.0163632	0.0564413
32.6	-0.0550022	0.0179455	0.0578557
32.8	-0.0558689	0.0195814	0.0592011
33	-0.0566147	0.0212649	0.0604766
33.2	-0.0572386	0.0229902	0.0616831
33.4	-0.0577384	0.0247518	0.0628202
33.6	-0.0581134	0.0265429	0.0638881
33.8	-0.0583621	0.0283579	0.0648868
34	-0.0584838	0.0301899	0.0658164
34.2	-0.058478	0.0320329	0.0666767
34.4	-0.0583445	0.0338798	0.0674679
34.6	-0.0580831	0.0357242	0.0681899
34.8	-0.0576943	0.0375588	0.0688426
35	-0.0571787	0.0393768	0.0694257
35.2	-0.0565372	0.0411709	0.0699393
35.4	-0.0557712	0.0429339	0.0703829
35.6	-0.0548823	0.0446584	0.0707563
35.8	-0.0538725	0.0463373	0.0710591
36	-0.0527442	0.0479631	0.071291
36.2	-0.0515003	0.0495285	0.0714518
36.4	-0.050144	0.0510261	0.0715408
36.6	-0.0486789	0.0524487	0.0715577
36.8	-0.0471091	0.0537889	0.0715019
37	-0.0454392	0.0550399	0.071373
37.2	-0.0436738	0.0561945	0.0711704
37.4	-0.0418186	0.057246	0.0708936
37.6	-0.0398792	0.0581877	0.0705419
37.8	-0.0378622	0.0590133	0.0701151
38	-0.0357742	0.0597167	0.0696124
38.2	-0.0336227	0.060292	0.0690334
38.4	-0.0314155	0.0607338	0.0683778
38.6	-0.0291611	0.0610371	0.0676454
38.8	-0.0268684	0.0611972	0.0668357
39	-0.0245467	0.0612103	0.0659488
39.2	-0.0222063	0.0610728	0.0649847
39.4	-0.0198572	0.0607819	0.0639433
39.6	-0.0175104	0.0603357	0.0628253
39.8	-0.0151771	0.0597329	0.0616309
40	-0.0128687	0.058973	0.0603607
40.2	-0.0105969	0.0580563	0.0590155
40.4	-0.00837379	0.056984	0.057596
40.6	-0.00621104	0.0557583	0.0561032
40.8	-0.00412092	0.0543823	0.0545382
41	-0.00211537	0.0528597	0.052902
41.2	-0.000206105	0.0511956	0.0511961
41.4	0.00159476	0.0493955	0.0494213
41.6	0.00327634	0.0474663	0.0475792
41.8	0.00482831	0.0454151	0.045671
42	0.00624016	0.0432504	0.0436983
42.2	0.00750276	0.0409812	0.0416623
42.4	0.00860716	0.0386173	0.0395649
42.6	0.00954465	0.0361691	0.0374073
42.8	0.0103077	0.033648	0.0351914
43	0.0108898	0.0310657	0.0329191
43.2	0.0112845	0.028435	0.0305923
43.4	0.0114865	0.0257687	0.0282129
43.6	0.0114914	0.0230807	0.0257832
43.8	0.0112956	0.0203853	0.0233056
44	0.0108967	0.0176973	0.020783
44.2	0.0102932	0.0150321	0.0182185
44.4	0.00948512	0.0124056	0.0156162
44.6	0.00847388	0.00983445	0.0129816
44.8	0.00726176	0.00733605	0.0103223
45	0.00585298	0.00492768	0.0076511
45.2	0.00425402	0.00262714	0.00499986
45.4	0.00247242	0.000452771	0.00251354
45.6	0.0005186	-0.00157803	0.00166106
45.8	-0.0015954	-0.00344834	0.00379952
46	-0.00385506	-0.00514451	0.00642865
46.2	-0.00624556	-0.00665148	0.0091241
46.4	-0.00874977	-0.00795662	0.0118265
46.6	-0.0113495	-0.00904874	0.0145152
46.8	-0.0140266	-0.00991754	0.0171786
47	-0.0167602	-0.0105539	0.0198063
47.2	-0.0195294	-0.0109514	0.0223904
47.4	-0.0223127	-0.0111049	0.0249234
47.6	-0.025088	-0.0110114	0.0273981
47.8	-0.027833	-0.0106696	0.029808
48	-0.0305255	-0.0100807	0.0321469
48.2	-0.033143	-0.0092477	0.034409
48.4	-0.0356633	-0.00817667	0.0365887
48.6	-0.0380642	-0.00687399	0.0386799
48.8	-0.0403258	-0.00534989	0.0406791
49	-0.0424273	-0.00361698	0.0425812
49.2	-0.0443503	-0.0016887	0.0443824
49.4	-0.0460763	0.000417776	0.0460782
49.6	-0.0475901	0.00268352	0.0476657
49.8	-0.0488769	0.00508766	0.049141
50	-0.0499244	0.00760763	0.0505007
50.2	-0.0507225	0.0102197	0.0517418
50.4	-0.0512634	0.0128989	0.0528613
50.6	-0.0515421	0.0156193	0.0538567
50.8	-0.0515563	0.0183545	0.054726
51	-0.0513068	0.0210779	0.0554677
51.2	-0.0507973	0.0237631	0.0560807
51.4	-0.0500347	0.0263842	0.056565
51.6	-0.049029	0.0289165	0.056921
51.8	-0.0477929	0.0313365	0.0571501
52	-0.0463421	0.0336227	0.0572544
52.2	-0.0446944	0.0357558	0.0572369
52.4	-0.0428697	0.0377192	0.0571013
52.6	-0.0408897	0.0394989	0.0568518
52.8	-0.0387767	0.041084	0.0564936
53	-0.0365538	0.0424666	0.0560321
53.2	-0.0342441	0.0436421	0.0554733
53.4	-0.0318699	0.0446083	0.0548233
53.6	-0.0294527	0.0453659	0.0540881
53.8	-0.0270126	0.0459175	0.0532738
54	-0.0245682	0.0462678	0.0523861
54.2	-0.0221361	0.0464227	0.0514303
54.4	-0.0197313	0.046389	0.050411
54.6	-0.0173668	0.0461742	0.0493322
54.8	-0.0150543	0.0457859	0.0481973
55	-0.0128036	0.0452317	0.0470089
55.2	-0.0106236	0.0445188	0.0457688
55.4	-0.00852215	0.0436542	0.0444783
55.6	-0.00650653	0.0426441	0.0431376
55.8	-0.00458338	0.0414944	0.0417467
56	-0.00275974	0.0402106	0.0403052
56.2	-0.00104252	0.0387977	0.0388117
56.4	0.000561239	0.0372608	0.037265
56.6	0.0020437	0.0356047	0.0356633
56.8	0.00339788	0.033835	0.0340051
57	0.0046156	0.031957	0.0322886
57.2	0.00568732	0.029977	0.0305118
57.4	0.00660473	0.0279032	0.0286743
57.6	0.00735848	0.0257433	0.0267744
57.8	0.00793694	0.023507	0.0248108
58	0.00833137	0.021207	0.0227849
58.2	0.00853268	0.0188567	0.0206974
58.4	0.00853216	0.0164711	0.0185498
58.6	0.00832209	0.0140672	0.0163445
58.8	0.00789636	0.0116639	0.0140854
59	0.00725068	0.00928226	0.0117785
59.2	0.00638341	0.00694481	0.00943283
59.4	0.00529485	0.00467651	0.00706435
59.6	0.00398876	0.00250181	0.00470842
59.8	0.00247275	0.000446636	0.00251276
60	0.000757734	-0.00146334	0.00164789
60.2	-0.00114326	-0.00320321	0.00340112
60.4	-0.00320901	-0.004753	0.00573487
60.6	-0.00542063	-0.00608925	0.00815244
60.8	-0.00775176	-0.00719429	0.0105758
61	-0.0101772	-0.00805243	0.0129776
61.2	-0.0126675	-0.00864932	0.0153387
61.4	-0.0151921	-0.00897632	0.0176458
61.6	-0.0177201	-0.00902792	0.0198873
61.8	-0.0202202	-0.0088023	0.0220531
62	-0.0226609	-0.0083018	0.0241337
62.2	-0.0250114	-0.00753332	0.0261213
62.4	-0.0272419	-0.00650811	0.0280085
62.6	-0.0293238	-0.00524081	0.0297885
62.8	-0.0312324	-0.00375018	0.0314567
63	-0.0329442	-0.00205902	0.0330085
63.2	-0.0344398	-0.000192923	0.0344404
63.4	-0.0357028	0.00181919	0.0357492
63.6	-0.0367209	0.00394649	0.0369324
63.8	-0.0374856	0.00615673	0.0379879
64	-0.0379929	0.00841746	0.0389142
64.2	-0.0382429	0.0106964	0.0397106
64.4	-0.0382401	0.0129619	0.0403771
64.6	-0.0379928	0.0151838	0.0409145
64.8	-0.0375133	0.0173339	0.0413245
65	-0.0368174	0.0193868	0.0416097
65.2	-0.0359235	0.0213198	0.0417736
65.4	-0.0348527	0.0231138	0.0418205
65.6	-0.0336279	0.0247531	0.0417559
65.8	-0.032273	0.0262262	0.0415856
66	-0.0308127	0.0275253	0.0413166
66.2	-0.0292712	0.0286463	0.0409563
66.4	-0.0276724	0.0295889	0.0405126
66.6	-0.0260385	0.030356	0.0399936
66.8	-0.0243899	0.0309532	0.0394077
67	-0.0227448	0.0313886	0.038763
67.2	-0.0211189	0.0316719	0.0380673
67.4	-0.019525	0.0318139	0.0373276
67.6	-0.0179732	0.031826	0.0365504
67.8	-0.0164713	0.0317195	0.0357412
68	-0.0150244	0.0315051	0.0349043
68.2	-0.0136358	0.0311928	0.034043
68.4	-0.0123069	0.030791	0.0331594
68.6	-0.0110382	0.0303069	0.0322545
68.8	-0.00982933	0.0297462	0.0313282
69	-0.00867974	0.0291128	0.0303791
69.2	-0.0075891	0.0284096	0.0294058
69.4	-0.0065575	0.0276378	0.0284051
69.6	-0.00558609	0.0267982	0.0273742
69.8	-0.00467696	0.0258907	0.0263098
70	-0.00383356	0.0249152	0.0252084
70.2	-0.00306051	0.023871	0.0240664
70.4	-0.00236333	0.0227593	0.0228816
70.6	-0.00174906	0.0215811	0.0216518
70.8	-0.00122604	0.0203392	0.0203761
71	-0.000801559	0.0190349	0.0190518
71.2	-0.000484589	0.0176765	0.0176831
71.4	-0.000284218	0.0162703	0.0162728
71.6	-0.000208818	0.0148253	0.0148268
71.8	-0.000266346	0.0133524	0.0133551
72	-0.000463729	0.0118643	0.0118733
72.2	-0.000806398	0.0103755	0.0104068
72.4	-0.00129841	0.00890292	0.0089971
72.6	-0.00194098	0.0074643	0.00771253
72.8	-0.00273363	0.00607838	0.00666479
73	-0.00367314	0.00476464	0.00601612
73.2	-0.00475277	0.00354342	0.00592829
73.4	-0.00596378	0.00243345	0.00644115
73.6	-0.00729197	0.00145438	0.0074356
73.8	-0.0087254	0.000622492	0.00874757
74	-0.0102427	-4.63334e-05	0.0102428
74.2	-0.0118242	-0.000539154	0.0118365
74.4	-0.0134478	-0.000845547	0.0134743
74.6	-0.0150906	-0.000958371	0.015121
74.8	-0.016728	-0.000873482	0.0167508
75	-0.0183349	-0.000590916	0.0183444
75.2	-0.0198865	-0.000114581	0.0198869
75.4	-0.0213592	0.000548007	0.0213662
75.6	-0.0227299	0.00138555	0.0227721
75.8	-0.0239778	0.00238315	0.0240959
76	-0.0250853	0.00352376	0.0253316
76.2	-0.0260365	0.00478673	0.0264729
76.4	-0.0268192	0.00614966	0.0275152
76.6	-0.0274239	0.00758832	0.0284544
76.8	-0.0278454	0.00907761	0.0292877
77	-0.0280813	0.010592	0.0300125
77.2	-0.0281336	0.0121059	0.0306276
77.4	-0.0280074	0.0135951	0.0311326
77.6	-0.0277112	0.0150363	0.0315278
77.8	-0.0272569	0.0164085	0.0318147
78	-0.0266586	0.0176928	0.0319955
78.2	-0.0259328	0.0188734	0.0320736
78.4	-0.0250976	0.0199375	0.032053
78.6	-0.0241724	0.0208756	0.0319389
78.8	-0.0231768	0.0216815	0.0317372
79	-0.0221308	0.0223523	0.0314547
79.2	-0.0210533	0.0228882	0.0310984
79.4	-0.0199626	0.0232923	0.0306763
79.6	-0.0188751	0.0235701	0.0301964
79.8	-0.0178056	0.0237294	0.0296669
80	-0.0167665	0.0237794	0.029096
80.2	-0.015768	0.0237305	0.0284915
80.4	-0.0148179	0.0235936	0.0278608
80.6	-0.0139214	0.0233798	0.0272107
80.8	-0.0130818	0.0230998	0.0265468
81	-0.0123003	0.0227634	0.0258741
81.2	-0.0115764	0.0223797	0.0251965
81.4	-0.0109082	0.021956	0.0245165
81.6	-0.0102933	0.0214983	0.0238355
81.8	-0.00972851	0.0210114	0.0231543
82	-0.00921056	0.0204981	0.0224723
82.2	-0.00873681	0.0199599	0.0217883
82.4	-0.00830523	0.0193976	0.0211008
82.6	-0.00791452	0.0188107	0.0204079
82.8	-0.00756454	0.0181984	0.019708
83	-0.00725633	0.0175597	0.0189999
83.2	-0.0069921	0.0168937	0.0182835
83.4	-0.00677505	0.0162001	0.0175597
83.6	-0.00660932	0.0154792	0.0168312
83.8	-0.00649964	0.0147325	0.0161025
84	-0.00645109	0.0139625	0.0153807
84.2	-0.00646897	0.0131732	0.0146759
84.4	-0.00655817	0.01237	0.014001
84.6	-0.00672333	0.0115596	0.0133727
84.8	-0.00696818	0.0107502	0.012811
85	-0.00729558	0.00995092	0.0123388
85.2	-0.00770686	0.00917224	0.0119802
85.4	-0.00820206	0.00842544	0.0117585
85.6	-0.00877984	0.00772215	0.0116926
85.8	-0.0094367	0.00707422	0.0117939
86	-0.010167	0.00649381	0.0120639
86.2	-0.0109641	0.00599302	0.0124951
86.4	-0.0118198	0.00558172	0.0130714
86.6	-0.0127223	0.00526972	0.0137705
86.8	-0.0136594	0.00506568	0.0145685
87	-0.0146175	0.00497606	0.0154412
87.2	-0.0155818	0.00500545	0.016366
87.4	-0.0165369	0.0051561	0.017322
87.6	-0.0174666	0.00542783	0.0182906
87.8	-0.0183546	0.00581741	0.0192544
88	-0.0191864	0.00631925	0.0202002
88.2	-0.0199476	0.00692625	0.0211158
88.4	-0.0206247	0.00762852	0.0219903
88.6	-0.0212058	0.00841305	0.0228137
88.8	-0.0216814	0.00926595	0.0235784
89	-0.022044	0.0101719	0.0242776
89.2	-0.0222884	0.0111141	0.0249057
89.4	-0.0224121	0.0120753	0.0254581
89.6	-0.0224149	0.0130382	0.0259311
89.8	-0.0222995	0.0139856	0.0263223
90	-0.0220708	0.0149012	0.0266302
90.2	-0.0217361	0.0157696	0.026854
90.4	-0.0213048	0.016577	0.0269943
90.6	-0.020788	0.0173115	0.0270524
90.8	-0.0201983	0.0179633	0.0270305
91	-0.0195492	0.0185247	0.0269321
91.2	-0.018855	0.0189907	0.0267612
91.4	-0.0181302	0.0193587	0.0265229
91.6	-0.0173888	0.0196284	0.026223
91.8	-0.0166445	0.0198016	0.0258678
92	-0.0159099	0.0198824	0.0254644
92.2	-0.0151963	0.0198764	0.02502
92.4	-0.0145135	0.0197909	0.0245422
92.6	-0.0138698	0.0196339	0.0240387
92.8	-0.0132714	0.0194144	0.0235169
93	-0.0127229	0.0191416	0.0229842
93.2	-0.0122271	0.0188247	0.0224471
93.4	-0.0117852	0.0184727	0.0219119
93.6	-0.0113969	0.0180938	0.021384
93.8	-0.0110603	0.0176955	0.0208677
94	-0.0107731	0.017284	0.0203666
94.2	-0.0105319	0.0168647	0.0198832
94.4	-0.0103332	0.0164417	0.0194192
94.6	-0.0101734	0.0160178	0.0189754
94.8	-0.0100489	0.0155948	0.018552
95	-0.00995658	0.0151734	0.0181485
95.2	-0.00989397	0.0147538	0.0177642
95.4	-0.00985933	0.0143355	0.0173987
95.6	-0.00985183	0.0139178	0.0170518
95.8	-0.00987139	0.0134998	0.0167239
96	-0.00991876	0.013081	0.0164163
96.2	-0.00999533	0.0126614	0.0161312
96.4	-0.010103	0.0122414	0.015872
96.6	-0.0102439	0.0118224	0.0156431
96.8	-0.0104204	0.0114068	0.0154499
97	-0.0106346	0.0109976	0.0152984
97.2	-0.0108882	0.0105991	0.0151952
97.4	-0.0111826	0.0102158	0.0151464
97.6	-0.0115181	0.00985337	0.0151577
97.8	-0.0118941	0.00951798	0.0152336
98	-0.0123094	0.00921614	0.0153772
98.2	-0.0127613	0.00895441	0.0155895
98.4	-0.0132464	0.0087392	0.0158695
98.6	-0.0137595	0.00857669	0.0162137
98.8	-0.014295	0.00847257	0.0166172
99	-0.0148461	0.00843165	0.0170734
99.2	-0.0154051	0.00845769	0.0175741
99.4	-0.0159634	0.00855332	0.0181105
99.6	-0.016512	0.00871995	0.0186731
99.8	-0.0170416	0.00895759	0.0192524
100	-0.0175427	0.00926474	0.0198389
100.2	-0.0180061	0.00963824	0.0204234
100.4	-0.0184225	0.0100732	0.0209966
100.6	-0.0187838	0.0105628	0.02155
100.8	-0.0190831	0.0110997	0.0220764
101	-0.0193142	0.0116753	0.0225688
101.2	-0.0194723	0.0122796	0.0230209
101.4	-0.0195543	0.0129018	0.0234271
101.6	-0.0195584	0.0135309	0.0237827
101.8	-0.0194847	0.0141555	0.0240838
102	-0.0193348	0.0147643	0.0243273
102.2	-0.0191121	0.0153464	0.0245109
102.4	-0.0188215	0.0158916	0.0246331
102.6	-0.0184692	0.0163907	0.0246935
102.8	-0.0180629	0.0168355	0.0246921
103	-0.017611	0.0172192	0.0246302
103.2	-0.017123	0.0175366	0.0245098
103.4	-0.0166088	0.017784	0.0243336
103.6	-0.0160783	0.0179596	0.0241052
103.8	-0.0155419	0.0180629	0.0238289
104	-0.0150093	0.0180953	0.02351
104.2	-0.0144898	0.0180596	0.0231539
104.4	-0.0139916	0.01796	0.0227668
104.6	-0.0135225	0.0178018	0.0223553
104.8	-0.0130886	0.0175912	0.0219262
105	-0.0126951	0.017335	0.0214865
105.2	-0.0123457	0.0170406	0.0210428
105.4	-0.012043	0.0167154	0.0206019
105.6	-0.0117883	0.0163668	0.0201702
105.8	-0.0115813	0.0160021	0.0197533
106	-0.011421	0.0156278	0.0193564
106.2	-0.0113054	0.0152501	0.0189836
106.4	-0.0112318	0.0148743	0.0186386
106.6	-0.0111971	0.0145047	0.0183238
106.8	-0.0111979	0.014145	0.0180409
107	-0.0112308	0.0137976	0.0177906
107.2	-0.0112919	0.0134645	0.0175727
107.4	-0.011378	0.0131467	0.0173866
107.6	-0.011486	0.0128449	0.0172314
107.8	-0.0116135	0.0125591	0.0171057
108	-0.0117585	0.0122888	0.0170081
108.2	-0.0119195	0.0120335	0.0169376
108.4	-0.0120955	0.0117929	0.016893
108.6	-0.0122861	0.0115665	0.016874
108.8	-0.0124911	0.0113544	0.0168805
109	-0.0127107	0.011157	0.0169127
109.2	-0.0129451	0.010975	0.0169713
109.4	-0.0131945	0.0108097	0.0170572
109.6	-0.0134591	0.0106629	0.017171
109.8	-0.0137384	0.0105366	0.0173137
110	-0.014032	0.0104336	0.0174859
110.2	-0.0143387	0.0103565	0.0176877
110.4	-0.0146568	0.0103081	0.0179187
110.6	-0.0149841	0.0102915	0.0181779
110.8	-0.0153175	0.0103091	0.0184636
111	-0.0156535	0.0103635	0.0187733
111.2	-0.0159881	0.0104564	0.0191038
111.4	-0.0163166	0.0105893	0.0194516
111.6	-0.0166342	0.0107628	0.0198125
111.8	-0.0169359	0.0109767	0.020182
112	-0.0172163	0.0112302	0.0205552
112.2	-0.0174703	0.0115213	0.0209273
112.4	-0.0176926	0.0118474	0.0212929
112.6	-0.0178783	0.0122045	0.0216468
112.8	-0.018023	0.0125879	0.0219837
113	-0.0181232	0.0129919	0.0222988
113.2	-0.0181759	0.0134107	0.0225878
113.4	-0.0181792	0.0138375	0.0228465
113.6	-0.0181319	0.0142656	0.023071
113.8	-0.0180338	0.0146875	0.0232582
114	-0.017886	0.0150958	0.023405
114.2	-0.0176906	0.0154833	0.0235094
114.4	-0.0174506	0.0158433	0.0235698
114.6	-0.0171702	0.0161694	0.0235852
114.8	-0.0168541	0.016456	0.0235554
115	-0.0165081	0.0166982	0.0234808
115.2	-0.0161385	0.0168923	0.0233623
115.4	-0.0157519	0.0170353	0.0232018
115.6	-0.0153555	0.0171256	0.0230017
115.8	-0.0149562	0.0171626	0.0227649
116	-0.0145611	0.0171467	0.0224952
116.2	-0.014177	0.0170795	0.0221968
116.4	-0.0138103	0.0169636	0.0218744
116.6	-0.0134668	0.0168026	0.0215333
116.8	-0.0131514	0.0166008	0.021179
117	-0.0128684	0.0163632	0.0208171
117.2	-0.0126212	0.0160951	0.0204535
117.4	-0.0124123	0.0158023	0.0200942
117.6	-0.0122433	0.0154906	0.0197448
117.8	-0.0121149	0.0151661	0.0194109
118	-0.0120268	0.0148345	0.0190973
118.2	-0.0119783	0.014501	0.0188085
118.4	-0.0119674	0.0141706	0.0185479
118.6	-0.011992	0.0138476	0.0183184
118.8	-0.0120491	0.0135361	0.018122
119	-0.0121357	0.0132393	0.0179598
119.2	-0.0122486	0.0129599	0.0178322
119.4	-0.0123846	0.0126998	0.0177387
119.6	-0.0125404	0.0124604	0.0176784
119.8	-0.0127132	0.0122426	0.0176495
120	-0.0129	0.0120466	0.0176502
120.2	-0.0130981	0.0118724	0.0176781
120.4	-0.0133053	0.01172	0.0177311
120.6	-0.0135198	0.0115889	0.017807
120.8	-0.0137399	0.0114786	0.0179037
121	-0.0139643	0.0113885	0.0180194
121.2	-0.0141917	0.0113183	0.0181524
121.4	-0.0144214	0.0112677	0.0183013
121.6	-0.0146526	0.0112367	0.0184651
121.8	-0.0148844	0.0112253	0.0186428
122	-0.0151161	0.0112339	0.0188334
122.2	-0.0153468	0.0112628	0.0190361
122.4	-0.0155753	0.0113126	0.01925
122.6	-0.0158003	0.0113837	0.019474
122.8	-0.0160202	0.0114768	0.0197069
123	-0.0162332	0.0115923	0.0199474
123.2	-0.0164372	0.0117305	0.0201938
123.4	-0.01663	0.0118916	0.0204443
123.6	-0.0168092	0.0120751	0.0206968
123.8	-0.016972	0.0122805	0.020949
124	-0.0171158	0.0125066	0.0211982
124.2	-0.0172377	0.0127516	0.0214416
124.4	-0.0173354	0.0130134	0.0216763
124.6	-0.0174065	0.0132892	0.0218995
124.8	-0.017449	0.0135762	0.0221084
125	-0.0174611	0.0138709	0.0223
125.2	-0.0174415	0.0141695	0.0224718
125.4	-0.0173894	0.0144679	0.0226211
125.6	-0.0173045	0.0147616	0.0227453
125.8	-0.017187	0.015046	0.0228424
126	-0.017038	0.0153163	0.0229104
126.2	-0.0168593	0.0155683	0.0229479
126.4	-0.016653	0.0157975	0.022954
126.6	-0.0164222	0.0160002	0.022928
126.8	-0.0161701	0.0161728	0.0228699
127	-0.0159007	0.0163124	0.0227799
127.2	-0.0156181	0.0164164	0.0226589
127.4	-0.0153269	0.0164832	0.022508
127.6	-0.015032	0.0165117	0.0223293
127.8	-0.0147381	0.0165015	0.0221249
128	-0.0144502	0.0164532	0.0218978
128.2	-0.0141729	0.0163677	0.0216512
128.4	-0.0139107	0.0162472	0.0213888
128.6	-0.0136675	0.0160941	0.0211145
128.8	-0.013447	0.0159115	0.0208326
129	-0.0132524	0.0157029	0.0205477
129.2	-0.0130861	0.0154723	0.0202642
129.4	-0.0129502	0.0152238	0.0199868
129.6	-0.0128461	0.014962	0.0197201
129.8	-0.0127745	0.0146911	0.0194683
130	-0.0127352	0.0144156	0.0192352
130.2	-0.0127276	0.0141399	0.0190244
130.4	-0.0127506	0.0138681	0.0188388
130.6	-0.0128025	0.013604	0.0186808
130.8	-0.0128814	0.013351	0.0185521
131	-0.0129849	0.0131121	0.0184536
131.2	-0.0131105	0.0128898	0.0183857
131.4	-0.0132556	0.0126862	0.018348
131.6	-0.0134173	0.0125027	0.0183396
131.8	-0.0135927	0.0123404	0.0183588
132	-0.0137791	0.0122001	0.018404
132.2	-0.0139737	0.0120822	0.0184727
132.4	-0.014174	0.0119865	0.0185629
132.6	-0.0143778	0.0119129	0.0186719
132.8	-0.0145828	0.011861	0.0187974
133	-0.0147873	0.0118301	0.0189372
133.2	-0.0149898	0.0118195	0.0190891
133.4	-0.0151887	0.0118285	0.0192512
133.6	-0.0153828	0.0118562	0.0194216
133.8	-0.015571	0.0119019	0.0195988
134	-0.0157524	0.0119647	0.0197811
134.2	-0.0159259	0.0120439	0.0199672
134.4	-0.0160906	0.0121388	0.0201559
134.6	-0.0162456	0.0122489	0.0203459
134.8	-0.01639	0.0123733	0.0205361
135	-0.0165228	0.0125116	0.0207254
135.2	-0.016643	0.012663	0.0209127
135.4	-0.0167495	0.0128267	0.0210966
135.6	-0.0168411	0.0130015	0.0212759
135.8	-0.0169169	0.0131864	0.0214491
136	-0.0169759	0.0133801	0.021615
136.2	-0.0170171	0.0135811	0.0217721
136.4	-0.0170395	0.0137877	0.021919
136.6	-0.0170423	0.0139981	0.0220542
136.8	-0.0170249	0.0142103	0.0221761
137	-0.0169868	0.0144219	0.0222832
137.2	-0.0169277	0.0146305	0.0223741
137.4	-0.0168478	0.0148336	0.0224473
137.6	-0.0167473	0.0150283	0.0225016
137.8	-0.016627	0.0152119	0.0225357
138	-0.016488	0.0153818	0.0225489
138.2	-0.0163317	0.0155352	0.0225403
138.4	-0.0161599	0.0156699	0.0225097
138.6	-0.0159747	0.0157836	0.0224569
138.8	-0.0157787	0.0158743	0.0223821
139	-0.0155744	0.0159405	0.0222858
139.2	-0.0153647	0.0159808	0.0221689
139.4	-0.0151528	0.0159945	0.0220325
139.6	-0.0149417	0.0159813	0.0218782
139.8	-0.0147348	0.0159411	0.0217079
140	-0.0145351	0.0158746	0.0215237
140.2	-0.0143457	0.0157828	0.0213283
140.4	-0.0141696	0.0156672	0.0211244
140.6	-0.0140094	0.0155297	0.020915
140.8	-0.0138675	0.0153726	0.0207033
141	-0.013746	0.0151984	0.0204925
141.2	-0.0136465	0.0150098	0.020286
141.4	-0.0135702	0.01481	0.020087
141.6	-0.0135179	0.0146021	0.0198986
141.8	-0.01349	0.0143896	0.0197241
142	-0.0134863	0.0141756	0.019566
142.2	-0.0135065	0.0139634	0.0194269
142.4	-0.0135497	0.013756	0.0193087
142.6	-0.0136147	0.0135564	0.0192129
142.8	-0.0137	0.0133671	0.0191408
143	-0.0138037	0.0131905	0.0190927
143.2	-0.013924	0.0130286	0.0190689
143.4	-0.0140587	0.0128831	0.0190688
143.6	-0.0142055	0.0127551	0.0190916
143.8	-0.014362	0.0126457	0.0191358
144	-0.0145257	0.0125555	0.0191999
144.2	-0.0146943	0.012485	0.0192821
144.4	-0.0148657	0.0124342	0.0193804
144.6	-0.0150377	0.012403	0.0194927
144.8	-0.0152084	0.0123907	0.019617
145	-0.0153761	0.0123969	0.0197512
145.2	-0.0155393	0.0124207	0.0198932
145.4	-0.0156964	0.012461	0.0200413
145.6	-0.0158462	0.012517	0.0201935
145.8	-0.0159877	0.0125874	0.0203482
146	-0.0161199	0.0126712	0.0205039
146.2	-0.0162419	0.0127672	0.0206592
146.4	-0.0163531	0.0128743	0.0208128
146.6	-0.0164528	0.0129913	0.0209635
146.8	-0.0165405	0.0131171	0.0211103
147	-0.0166157	0.0132506	0.0212523
147.2	-0.0166781	0.0133906	0.0213885
147.4	-0.0167274	0.013536	0.0215181
147.6	-0.0167634	0.0136858	0.0216405
147.8	-0.0167857	0.0138387	0.0217548
148	-0.0167944	0.0139935	0.0218602
148.2	-0.0167891	0.014149	0.0219561
148.4	-0.0167699	0.0143039	0.0220416
148.6	-0.0167368	0.0144568	0.0221161
148.8	-0.01669	0.0146062	0.0221787
149	-0.0166295	0.0147508	0.0222289
149.2	-0.0165559	0.0148889	0.0222661
149.4	-0.0164697	0.015019	0.0222895
149.6	-0.0163715	0.0151397	0.0222987
149.8	-0.0162621	0.0152493	0.0222934
150	-0.0161427	0.0153464	0.0222733
150.2	-0.0160145	0.0154296	0.0222382
150.4	-0.0158788	0.0154977	0.0221882
150.6	-0.0157374	0.0155496	0.0221237
150.8	-0.0155918	0.0155845	0.022045
151	-0.015444	0.0156016	0.0219529
151.2	-0.0152959	0.0156006	0.0218482
151.4	-0.0151495	0.0155812	0.021732
151.6	-0.0150068	0.0155436	0.0216057
151.8	-0.0148699	0.0154881	0.0214708
152	-0.0147408	0.0154154	0.021329
152.2	-0.0146213	0.0153265	0.0211822
152.4	-0.0145133	0.0152226	0.0210324
152.6	-0.0144182	0.015105	0.0208817
152.8	-0.0143374	0.0149757	0.0207324
153	-0.0142721	0.0148363	0.0205867
153.2	-0.0142233	0.0146891	0.0204469
153.4	-0.0141916	0.0145363	0.0203151
153.6	-0.0141774	0.01438	0.0201936
153.8	-0.0141807	0.0142226	0.0200842
154	-0.0142014	0.0140664	0.0199886
154.2	-0.014239	0.0139137	0.0199083
154.4	-0.0142927	0.0137665	0.0198444
154.6	-0.0143615	0.013627	0.0197977
154.8	-0.0144442	0.013497	0.0197688
155	-0.0145394	0.0133781	0.0197577
155.2	-0.0146456	0.0132716	0.0197643
155.4	-0.014761	0.0131788	0.0197881
155.6	-0.014884	0.0131006	0.0198282
155.8	-0.0150126	0.0130376	0.0198836
156	-0.0151449	0.0129903	0.0199529
156.2	-0.0152792	0.0129588	0.0200346
156.4	-0.0154138	0.0129429	0.0201272
156.6	-0.0155468	0.0129425	0.020229
156.8	-0.0156769	0.012957	0.0203384
157	-0.0158026	0.0129857	0.0204537
157.2	-0.0159226	0.0130278	0.0205731
157.4	-0.0160358	0.0130824	0.0206953
157.6	-0.0161412	0.0131483	0.0208186
157.8	-0.0162379	0.0132245	0.0209418
158	-0.0163252	0.0133099	0.0210634
158.2	-0.0164027	0.0134032	0.0211824
158.4	-0.0164698	0.0135032	0.0212977
158.6	-0.0165263	0.0136089	0.0214085
158.8	-0.016572	0.0137192	0.0215139
159	-0.0166069	0.0138328	0.0216133
159.2	-0.0166308	0.0139487	0.021706
159.4	-0.0166439	0.0140659	0.0217915
159.6	-0.0166463	0.0141834	0.0218693
159.8	-0.0166381	0.0143	0.0219389
160	-0.0166197	0.0144149	0.0220001
160.2	-0.0165913	0.014527	0.0220523
160.4	-0.0165532	0.0146354	0.0220953
160.6	-0.0165059	0.0147392	0.0221289
160.8	-0.0164499	0.0148374	0.0221528
161	-0.0163857	0.0149291	0.0221669
161.2	-0.0163138	0.0150135	0.0221708
161.4	-0.016235	0.0150898	0.0221647
161.6	-0.01615	0.015157	0.0221485
161.8	-0.0160596	0.0152145	0.0221222
162	-0.0159648	0.0152615	0.0220859
162.2	-0.0158665	0.0152976	0.02204
162.4	-0.0157658	0.0153221	0.0219847
162.6	-0.0156639	0.0153348	0.0219206
162.8	-0.0155618	0.0153353	0.0218481
163	-0.015461	0.0153235	0.0217681
163.2	-0.0153625	0.0152994	0.0216813
163.4	-0.0152677	0.0152633	0.0215887
163.6	-0.0151778	0.0152155	0.0214914
163.8	-0.0150941	0.0151565	0.0213905
164	-0.0150176	0.0150871	0.0212873
164.2	-0.0149495	0.015008	0.0211832
164.4	-0.0148908	0.0149203	0.0210796
164.6	-0.0148423	0.0148252	0.0209781
164.8	-0.0148047	0.0147239	0.0208799
165	-0.0147787	0.0146178	0.0207868
165.2	-0.0147646	0.0145084	0.0207
165.4	-0.0147627	0.0143973	0.0206209
165.6	-0.014773	0.014286	0.0205507
165.8	-0.0147953	0.0141761	0.0204905
166	-0.0148293	0.0140691	0.0204413
166.2	-0.0148745	0.0139665	0.0204038
166.4	-0.0149301	0.0138698	0.0203784
166.6	-0.0149954	0.0137803	0.0203656
166.8	-0.0150693	0.0136991	0.0203654
167	-0.0151508	0.0136273	0.0203777
167.2	-0.0152386	0.0135657	0.0204021
167.4	-0.0153316	0.0135151	0.0204381
167.6	-0.0154282	0.0134758	0.0204848
167.8	-0.0155273	0.0134483	0.0205415
168	-0.0156274	0.0134326	0.0206071
168.2	-0.0157272	0.0134287	0.0206803
168.4	-0.0158255	0.0134363	0.0207601
168.6	-0.015921	0.013455	0.020845
168.8	-0.0160126	0.0134844	0.020934
169	-0.0160993	0.0135237	0.0210257
169.2	-0.0161803	0.0135721	0.0211188
169.4	-0.0162548	0.0136289	0.0212124
169.6	-0.016322	0.0136931	0.0213052
169.8	-0.0163816	0.0137637	0.0213962
170	-0.0164331	0.0138397	0.0214845
170.2	-0.0164762	0.0139202	0.0215694
170.4	-0.0165107	0.0140042	0.02165
170.6	-0.0165366	0.0140906	0.0217257
170.8	-0.0165539	0.0141785	0.0217959
171	-0.0165627	0.014267	0.0218602
171.2	-0.0165631	0.0143552	0.0219182
171.4	-0.0165555	0.0144423	0.0219696
171.6	-0.0165401	0.0145274	0.0220141
171.8	-0.0165172	0.0146098	0.0220514
172	-0.0164874	0.0146888	0.0220816
172.2	-0.0164511	0.0147637	0.0221044
172.4	-0.0164086	0.0148338	0.0221198
172.6	-0.0163606	0.0148987	0.0221278
172.8	-0.0163076	0.0149578	0.0221285
173	-0.0162501	0.0150105	0.022122
173.2	-0.0161888	0.0150565	0.0221082
173.4	-0.0161243	0.0150952	0.0220875
173.6	-0.0160572	0.0151265	0.0220601
173.8	-0.0159883	0.01515	0.0220261
174	-0.0159183	0.0151655	0.021986
174.2	-0.0158479	0.0151728	0.0219401
174.4	-0.0157778	0.0151718	0.0218889
174.6	-0.0157089	0.0151625	0.0218328
174.8	-0.0156419	0.015145	0.0217725
175	-0.0155776	0.0151195	0.0217086
175.2	-0.0155168	0.0150862	0.0216417
175.4	-0.0154602	0.0150455	0.0215728
175.6	-0.0154086	0.0149978	0.0215025
175.8	-0.0153626	0.0149436	0.0214318
176	-0.0153229	0.0148837	0.0213615
176.2	-0.01529	0.0148187	0.0212926
176.4	-0.0152644	0.0147494	0.0212261
176.6	-0.0152465	0.0146768	0.0211628
176.8	-0.0152366	0.0146018	0.0211037
177	-0.0152349	0.0145253	0.0210496
177.2	-0.0152415	0.0144484	0.0210014
177.4	-0.0152563	0.0143722	0.0209598
177.6	-0.0152792	0.0142976	0.0209255
177.8	-0.0153099	0.0142257	0.0208989
178	-0.0153479	0.0141576	0.0208805
178.2	-0.0153928	0.014094	0.0208705
178.4	-0.0154439	0.014036	0.0208692
178.6	-0.0155006	0.0139842	0.0208765
178.8	-0.0155621	0.0139394	0.0208922
179	-0.0156275	0.013902	0.0209161
179.2	-0.0156959	0.0138726	0.0209478
179.4	-0.0157665	0.0138514	0.0209868
179.6	-0.0158382	0.0138387	0.0210323
179.8	-0.0159101	0.0138344	0.0210837
180	-0.0159813	0.0138385	0.0211401
180.2	-0.0160508	0.0138508	0.0212008
180.4	-0.0161179	0.013871	0.0212648
180.6	-0.0161817	0.0138986	0.0213312
180.8	-0.0162415	0.0139332	0.0213991
181	-0.0162967	0.0139741	0.0214676
181.2	-0.0163468	0.0140206	0.0215359
181.4	-0.0163912	0.0140722	0.0216032
181.6	-0.0164297	0.014128	0.0216688
181.8	-0.016462	0.0141872	0.0217318
182	-0.0164878	0.0142491	0.0217919
182.2	-0.0165072	0.0143129	0.0218483
182.4	-0.0165201	0.0143778	0.0219005
182.6	-0.0165265	0.0144431	0.0219483
182.8	-0.0165267	0.0145081	0.0219913
183	-0.0165208	0.014572	0.0220291
183.2	-0.0165091	0.0146343	0.0220616
183.4	-0.0164919	0.0146943	0.0220886
183.6	-0.0164696	0.0147515	0.0221101
183.8	-0.0164425	0.0148054	0.022126
184	-0.0164111	0.0148556	0.0221362
184.2	-0.0163759	0.0149015	0.022141
184.4	-0.0163372	0.0149429	0.0221403
184.6	-0.0162955	0.0149794	0.0221343
184.8	-0.0162515	0.0150109	0.0221232
185	-0.0162054	0.015037	0.0221071
185.2	-0.0161579	0.0150576	0.0220864
185.4	-0.0161095	0.0150725	0.0220612
185.6	-0.0160606	0.0150817	0.0220318
185.8	-0.0160119	0.0150852	0.0219987
186	-0.0159638	0.0150829	0.0219621
186.2	-0.0159168	0.0150749	0.0219225
186.4	-0.0158714	0.0150614	0.0218803
186.6	-0.0158282	0.0150425	0.0218359
186.8	-0.0157876	0.0150184	0.0217899
187	-0.0157501	0.0149894	0.0217428
187.2	-0.0157162	0.0149558	0.021695
187.4	-0.0156862	0.0149181	0.0216473
187.6	-0.0156605	0.0148766	0.0216001
187.8	-0.0156395	0.0148318	0.021554
188	-0.0156235	0.0147843	0.0215097
188.2	-0.0156126	0.0147347	0.0214678
188.4	-0.0156072	0.0146835	0.0214287
188.6	-0.0156072	0.0146314	0.0213931
188.8	-0.0156128	0.0145792	0.0213614
189	-0.0156239	0.0145273	0.0213342
189.2	-0.0156404	0.0144766	0.0213119
189.4	-0.0156622	0.0144277	0.0212947
189.6	-0.0156889	0.0143813	0.0212829
189.8	-0.0157203	0.014338	0.0212768
190	-0.0157559	0.0142983	0.0212765
190.2	-0.0157954	0.0142628	0.021282
190.4	-0.0158383	0.014232	0.0212932
190.6	-0.0158839	0.0142063	0.02131
190.8	-0.0159317	0.0141859	0.0213321
191	-0.015981	0.0141713	0.0213592
191.2	-0.0160313	0.0141624	0.021391
191.4	-0.0160818	0.0141593	0.0214269
191.6	-0.016132	0.0141622	0.0214665
191.8	-0.0161812	0.0141708	0.0215091
192	-0.0162288	0.0141849	0.0215543
192.2	-0.0162743	0.0142044	0.0216013
192.4	-0.016317	0.0142288	0.0216496
192.6	-0.0163566	0.0142579	0.0216985
192.8	-0.0163926	0.0142911	0.0217475
193	-0.0164248	0.0143279	0.0217959
193.2	-0.0164527	0.0143678	0.0218432
193.4	-0.0164761	0.0144104	0.0218888
193.6	-0.016495	0.0144549	0.0219324
193.8	-0.0165092	0.0145008	0.0219733
194	-0.0165187	0.0145476	0.0220114
194.2	-0.0165236	0.0145947	0.0220462
194.4	-0.0165238	0.0146416	0.0220774
194.6	-0.0165197	0.0146876	0.0221049
194.8	-0.0165114	0.0147324	0.0221285
195	-0.016499	0.0147755	0.022148
195.2	-0.0164829	0.0148165	0.0221634
195.4	-0.0164635	0.0148549	0.0221746
195.6	-0.0164409	0.0148905	0.0221817
195.8	-0.0164156	0.0149229	0.0221848
196	-0.0163879	0.0149519	0.0221838
196.2	-0.0163582	0.0149772	0.022179
196.4	-0.0163269	0.0149988	0.0221705
196.6	-0.0162944	0.0150164	0.0221585
196.8	-0.016261	0.0150299	0.0221431
197	-0.0162271	0.0150394	0.0221247
197.2	-0.0161932	0.0150448	0.0221035
197.4	-0.0161596	0.0150461	0.0220798
197.6	-0.0161266	0.0150434	0.0220538
197.8	-0.0160946	0.0150367	0.0220259
198	-0.0160641	0.0150262	0.0219964
198.2	-0.0160352	0.0150121	0.0219656
198.4	-0.0160083	0.0149944	0.0219339
198.6	-0.0159837	0.0149736	0.0219017
198.8	-0.0159617	0.0149497	0.0218694
199	-0.0159426	0.0149231	0.0218372
199.2	-0.0159265	0.0148942	0.0218057
199.4	-0.0159136	0.0148632	0.0217752
199.6	-0.0159043	0.0148305	0.021746
199.8	-0.0158984	0.0147965	0.0217186
200	-0.0158962	0.0147617	0.0216933
200.2	-0.0158977	0.0147264	0.0216704
200.4	-0.015903	0.0146911	0.0216503
200.6	-0.0159119	0.0146563	0.0216332
200.8	-0.0159244	0.0146223	0.0216194
201	-0.0159403	0.0145896	0.021609
201.2	-0.0159596	0.0145587	0.0216024
201.4	-0.0159819	0.0145299	0.0215995
201.6	-0.0160071	0.0145036	0.0216005
201.8	-0.0160348	0.0144801	0.0216053
202	-0.0160647	0.0144599	0.021614
202.2	-0.0160965	0.014443	0.0216263
202.4	-0.0161297	0.0144298	0.0216423
202.6	-0.016164	0.0144204	0.0216616
202.8	-0.0161988	0.014415	0.021684
203	-0.0162339	0.0144135	0.0217092
203.2	-0.0162688	0.0144161	0.021737
203.4	-0.0163029	0.0144225	0.0217668
203.6	-0.0163361	0.0144328	0.0217985
203.8	-0.0163677	0.0144468	0.0218314
204	-0.0163976	0.0144642	0.0218653
204.2	-0.0164253	0.0144847	0.0218997
204.4	-0.0164506	0.0145082	0.0219342
204.6	-0.0164732	0.0145342	0.0219684
204.8	-0.0164929	0.0145625	0.0220018
205	-0.0165095	0.0145925	0.0220341
205.2	-0.0165229	0.014624	0.0220651
205.4	-0.016533	0.0146565	0.0220942
205.6	-0.0165399	0.0146896	0.0221213
205.8	-0.0165435	0.014723	0.0221462
206	-0.0165438	0.0147561	0.0221685
206.2	-0.0165411	0.0147887	0.0221881
206.4	-0.0165353	0.0148204	0.022205
206.6	-0.0165267	0.0148509	0.0222189
206.8	-0.0165155	0.0148798	0.0222299
207	-0.0165018	0.0149069	0.0222379
207.2	-0.016486	0.0149318	0.0222429
207.4	-0.0164682	0.0149545	0.022245
207.6	-0.0164489	0.0149747	0.0222442
207.8	-0.0164281	0.0149922	0.0222407
208	-0.0164062	0.015007	0.0222345
208.2	-0.0163836	0.0150189	0.0222259
208.4	-0.0163604	0.0150279	0.0222149
208.6	-0.016337	0.015034	0.0222018
208.8	-0.0163137	0.0150371	0.0221868
209	-0.0162907	0.0150374	0.02217
209.2	-0.0162683	0.0150348	0.0221518
209.4	-0.0162467	0.0150295	0.0221324
209.6	-0.0162262	0.0150215	0.0221119
209.8	-0.016207	0.0150111	0.0220907
210	-0.0161894	0.0149983	0.0220691
210.2	-0.0161734	0.0149833	0.0220472
210.4	-0.0161594	0.0149664	0.0220254
210.6	-0.0161473	0.0149477	0.0220039
210.8	-0.0161375	0.0149275	0.021983
211	-0.01613	0.0149061	0.0219629
211.2	-0.0161248	0.0148836	0.0219438
211.4	-0.0161221	0.0148604	0.0219261
211.6	-0.0161219	0.0148368	0.0219099
211.8	-0.0161242	0.014813	0.0218955
212	-0.016129	0.0147893	0.021883
212.2	-0.0161363	0.014766	0.0218727
212.4	-0.0161459	0.0147434	0.0218646
212.6	-0.0161578	0.0147218	0.0218588
212.8	-0.0161719	0.0147015	0.0218556
213	-0.016188	0.0146827	0.0218548
213.2	-0.016206	0.0146656	0.0218567
213.4	-0.0162256	0.0146505	0.0218611
213.6	-0.0162466	0.0146376	0.021868
213.8	-0.0162687	0.014627	0.0218774
214	-0.0162918	0.0146189	0.0218892
214.2	-0.0163156	0.0146134	0.0219032
214.4	-0.0163397	0.0146105	0.0219192
214.6	-0.0163638	0.0146103	0.0219371
214.8	-0.0163878	0.0146128	0.0219566
215	-0.0164114	0.0146179	0.0219776
215.2	-0.0164341	0.0146256	0.0219997
215.4	-0.0164559	0.0146357	0.0220228
215.6	-0.0164765	0.0146482	0.0220464
215.8	-0.0164956	0.0146628	0.0220704
216	-0.016513	0.0146794	0.0220944
216.2	-0.0165286	0.0146978	0.0221183
216.4	-0.0165422	0.0147176	0.0221416
216.6	-0.0165537	0.0147386	0.0221642
216.8	-0.016563	0.0147607	0.0221859
217	-0.0165701	0.0147834	0.0222063
217.2	-0.016575	0.0148066	0.0222253
217.4	-0.0165775	0.0148299	0.0222427
217.6	-0.0165779	0.014853	0.0222584
217.8	-0.0165761	0.0148758	0.0222723
218	-0.0165722	0.0148979	0.0222842
218.2	-0.0165663	0.0149192	0.022294
218.4	-0.0165586	0.0149393	0.0223018
218.6	-0.0165493	0.0149581	0.0223075
218.8	-0.0165384	0.0149755	0.0223111
219	-0.0165262	0.0149912	0.0223126
219.2	-0.0165129	0.0150051	0.0223121
219.4	-0.0164986	0.0150172	0.0223096
219.6	-0.0164836	0.0150273	0.0223054
219.8	-0.0164681	0.0150353	0.0222993
220	-0.0164523	0.0150413	0.0222917
220.2	-0.0164364	0.0150453	0.0222826
220.4	-0.0164206	0.0150471	0.0222722
220.6	-0.016405	0.015047	0.0222606
220.8	-0.01639	0.0150448	0.0222481
221	-0.0163756	0.0150408	0.0222348
221.2	-0.016362	0.0150349	0.0222208
221.4	-0.0163494	0.0150274	0.0222064
221.6	-0.0163379	0.0150182	0.0221918
221.8	-0.0163277	0.0150077	0.0221771
222	-0.0163188	0.0149958	0.0221625
222.2	-0.0163114	0.0149828	0.0221482
222.4	-0.0163055	0.0149688	0.0221345
222.6	-0.0163013	0.014954	0.0221214
222.8	-0.0162987	0.0149387	0.0221091
223	-0.0162978	0.0149229	0.0220978
223.2	-0.0162987	0.0149069	0.0220876
223.4	-0.0163012	0.0148909	0.0220787
223.6	-0.0163054	0.0148751	0.0220711
223.8	-0.0163113	0.0148597	0.0220651
224	-0.0163187	0.0148448	0.0220606
224.2	-0.0163277	0.0148306	0.0220577
224.4	-0.0163381	0.0148174	0.0220565
224.6	-0.0163497	0.0148053	0.022057
224.8	-0.0163626	0.0147944	0.0220592
225	-0.0163765	0.0147849	0.0220632
225.2	-0.0163913	0.0147769	0.0220688
225.4	-0.0164068	0.0147705	0.022076
225.6	-0.0164229	0.0147657	0.0220848
225.8	-0.0164394	0.0147627	0.022095
226	-0.016456	0.0147615	0.0221066
226.2	-0.0164727	0.0147621	0.0221194
226.4	-0.0164891	0.0147645	0.0221333
226.6	-0.0165053	0.0147686	0.0221481
226.8	-0.0165209	0.0147745	0.0221636
227	-0.0165357	0.014782	0.0221797
227.2	-0.0165498	0.014791	0.0221961
227.4	-0.0165628	0.0148015	0.0222128
227.6	-0.0165747	0.0148132	0.0222295
227.8	-0.0165853	0.0148261	0.0222461
228	-0.0165946	0.01484	0.0222623
228.2	-0.0166025	0.0148547	0.0222779
228.4	-0.0166089	0.0148701	0.0222929
228.6	-0.0166138	0.0148859	0.0223071
228.8	-0.0166171	0.0149019	0.0223203
229	-0.0166189	0.0149181	0.0223324
229.2	-0.0166192	0.0149341	0.0223434
229.4	-0.016618	0.0149499	0.022353
229.6	-0.0166154	0.0149651	0.0223613
229.8	-0.0166115	0.0149798	0.0223682
230	-0.0166064	0.0149937	0.0223737
230.2	-0.0166	0.0150067	0.0223777
230.4	-0.0165927	0.0150186	0.0223803
230.6	-0.0165845	0.0150294	0.0223814
230.8	-0.0165755	0.0150389	0.0223812
231	-0.0165659	0.0150472	0.0223796
231.2	-0.0165558	0.015054	0.0223767
231.4	-0.0165454	0.0150595	0.0223727
231.6	-0.0165347	0.0150635	0.0223675
231.8	-0.0165241	0.015066	0.0223614
232	-0.0165135	0.0150672	0.0223543
232.2	-0.0165032	0.0150669	0.0223465
232.4	-0.0164932	0.0150653	0.022338
232.6	-0.0164837	0.0150623	0.022329
232.8	-0.0164748	0.0150582	0.0223197
233	-0.0164667	0.0150528	0.0223101
233.2	-0.0164593	0.0150464	0.0223003
233.4	-0.0164529	0.015039	0.0222906
233.6	-0.0164474	0.0150308	0.022281
233.8	-0.0164429	0.0150219	0.0222716
234	-0.0164396	0.0150123	0.0222627
234.2	-0.0164373	0.0150022	0.0222543
234.4	-0.0164363	0.0149918	0.0222465
234.6	-0.0164363	0.0149812	0.0222394
234.8	-0.0164376	0.0149705	0.0222331
235	-0.01644	0.0149598	0.0222277
235.2	-0.0164436	0.0149493	0.0222233
235.4	-0.0164483	0.0149392	0.0222199
235.6	-0.016454	0.0149294	0.0222176
235.8	-0.0164607	0.0149203	0.0222164
236	-0.0164683	0.0149118	0.0222164
236.2	-0.0164768	0.0149041	0.0222175
236.4	-0.016486	0.0148972	0.0222197
236.6	-0.0164959	0.0148914	0.0222232
236.8	-0.0165064	0.0148865	0.0222277
237	-0.0165173	0.0148828	0.0222333
237.2	-0.0165285	0.0148802	0.0222398
237.4	-0.0165399	0.0148787	0.0222474
237.6	-0.0165515	0.0148785	0.0222558
237.8	-0.0165629	0.0148795	0.022265
238	-0.0165743	0.0148817	0.0222749
238.2	-0.0165853	0.014885	0.0222853
238.4	-0.016596	0.0148895	0.0222963
238.6	-0.0166061	0.0148951	0.0223075
238.8	-0.0166157	0.0149016	0.022319
239	-0.0166245	0.0149091	0.0223306
239.2	-0.0166326	0.0149175	0.0223422
239.4	-0.0166399	0.0149266	0.0223537
239.6	-0.0166462	0.0149363	0.0223649
239.8	-0.0166515	0.0149466	0.0223758
240	-0.0166559	0.0149573	0.0223861
240.2	-0.0166592	0.0149682	0.0223959
240.4	-0.0166615	0.0149793	0.022405
240.6	-0.0166628	0.0149905	0.0224134
240.8	-0.016663	0.0150015	0.022421
241	-0.0166623	0.0150123	0.0224277
241.2	-0.0166606	0.0150228	0.0224335
241.4	-0.016658	0.0150329	0.0224383
241.6	-0.0166546	0.0150424	0.0224421
241.8	-0.0166504	0.0150513	0.022445
242	-0.0166455	0.0150594	0.0224468
242.2	-0.0166401	0.0150668	0.0224477
242.4	-0.0166341	0.0150733	0.0224476
242.6	-0.0166277	0.0150789	0.0224467
242.8	-0.016621	0.0150835	0.0224448
243	-0.0166141	0.0150872	0.0224422
243.2	-0.0166071	0.0150899	0.0224388
243.4	-0.0166001	0.0150916	0.0224347
243.6	-0.0165931	0.0150923	0.0224301
243.8	-0.0165864	0.015092	0.0224249
244	-0.0165799	0.0150909	0.0224193
244.2	-0.0165737	0.0150888	0.0224134
244.4	-0.0165681	0.0150859	0.0224072
244.6	-0.0165629	0.0150822	0.0224009
244.8	-0.0165583	0.0150778	0.0223945
245	-0.0165543	0.0150728	0.0223882
245.2	-0.016551	0.0150671	0.022382
245.4	-0.0165484	0.0150611	0.022376
245.6	-0.0165466	0.0150546	0.0223703
245.8	-0.0165456	0.0150478	0.022365
246	-0.0165453	0.0150408	0.0223601
246.2	-0.0165459	0.0150338	0.0223558
246.4	-0.0165473	0.0150266	0.022352
246.6	-0.0165494	0.0150196	0.0223489
246.8	-0.0165523	0.0150127	0.0223464
247	-0.016556	0.0150061	0.0223446
247.2	-0.0165603	0.0149998	0.0223436
247.4	-0.0165653	0.0149939	0.0223434
247.6	-0.0165709	0.0149885	0.0223439
247.8	-0.0165771	0.0149837	0.0223453
248	-0.0165837	0.0149795	0.0223474
248.2	-0.0165908	0.0149759	0.0223502
248.4	-0.0165982	0.0149731	0.0223538
248.6	-0.0166058	0.014971	0.0223581
248.8	-0.0166137	0.0149697	0.0223631
249	-0.0166217	0.0149692	0.0223687
249.2	-0.0166296	0.0149695	0.0223748
249.4	-0.0166376	0.0149706	0.0223814
249.6	-0.0166454	0.0149725	0.0223885
249.8	-0.016653	0.0149752	0.0223959
